"ACT","Conservative","Green","Labour","Mana","Maori","National","NZ_First","United Future","NatCoal","LabGreen","LabGreenMana","LabGreenNZFirst","NatCoalNZFirst","Total"
1,0,29,26,0,2,50,12,0,53,55,55,67,65,120
1,0,10,53,1,3,30,24,1,35,63,64,87,59,123
1,0,0,23,1,5,87,9,1,94,23,24,32,103,127
0,0,9,33,1,6,46,26,1,53,42,43,68,79,122
4,0,0,33,0,7,43,16,17,71,33,33,49,87,120
1,0,14,26,1,1,57,22,1,60,40,41,62,82,123
1,0,13,33,1,4,53,19,1,59,46,47,65,78,125
1,0,0,49,14,1,44,12,0,46,49,63,61,58,121
15,0,11,29,0,5,49,12,0,69,40,40,52,81,121
1,0,9,20,1,3,71,16,1,76,29,30,45,92,122
0,0,12,42,0,4,54,12,1,59,54,54,66,71,125
2,0,13,26,1,3,45,32,1,51,39,40,71,83,123
1,0,12,30,0,12,49,16,0,62,42,42,58,78,120
5,0,13,47,1,5,37,13,1,48,60,61,73,61,122
1,0,9,38,1,3,61,7,1,66,47,48,54,73,121
8,0,11,43,0,2,44,13,1,55,54,54,67,68,122
1,0,19,21,1,4,70,8,0,75,40,41,48,83,124
2,0,6,30,8,5,44,10,16,67,36,44,46,77,121
1,0,17,27,1,0,36,39,0,37,44,45,83,76,121
3,0,13,35,4,4,54,7,1,62,48,52,55,69,121
1,0,19,46,2,3,44,7,1,49,65,67,72,56,123
4,0,19,36,1,9,41,10,1,55,55,56,65,65,121
16,0,0,27,7,2,58,11,0,76,27,34,38,87,121
2,0,13,45,3,8,42,7,1,53,58,61,65,60,121
1,6,10,21,0,5,64,15,0,76,31,31,46,91,122
1,0,9,45,10,2,46,8,1,50,54,64,62,58,122
0,0,21,32,1,3,40,26,0,43,53,54,79,69,123
0,0,9,24,0,6,67,14,0,73,33,33,47,87,120
7,0,15,32,4,5,41,16,1,54,47,51,63,70,121
1,0,10,31,0,0,71,7,1,73,41,41,48,80,121
0,0,20,28,0,4,56,11,1,61,48,48,59,72,120
0,0,13,33,0,3,53,19,1,57,46,46,65,76,122
0,0,8,47,1,4,52,9,1,57,55,56,64,66,122
2,0,16,26,1,8,56,12,1,67,42,43,54,79,122
1,0,13,46,0,3,51,7,1,56,59,59,66,63,122
2,0,11,38,0,5,53,10,1,61,49,49,59,71,120
1,0,9,29,1,2,67,13,1,71,38,39,51,84,123
4,0,8,29,0,3,64,12,0,71,37,37,49,83,120
0,0,0,31,1,3,60,26,0,63,31,32,57,89,121
1,0,11,28,2,3,44,33,1,49,39,41,72,82,123
1,0,0,52,1,3,35,29,1,40,52,53,81,69,122
3,0,10,27,1,4,55,22,0,62,37,38,59,84,122
0,0,9,50,0,3,49,11,0,52,59,59,70,63,122
2,0,11,28,1,1,58,20,1,62,39,40,59,82,122
4,0,22,26,0,6,56,10,0,66,48,48,58,76,124
1,0,8,25,0,6,65,16,0,72,33,33,49,88,121
1,0,9,47,1,3,41,21,0,45,56,57,77,66,123
1,0,14,52,1,4,45,2,1,51,66,67,68,53,120
0,0,15,24,0,4,53,26,0,57,39,39,65,83,122
1,0,13,29,0,3,69,6,1,74,42,42,48,80,122
1,0,7,30,1,4,77,3,1,83,37,38,40,86,124
1,0,0,31,1,12,64,11,1,78,31,32,42,89,121
3,0,15,21,1,4,65,14,1,73,36,37,50,87,124
0,0,13,47,1,4,46,13,0,50,60,61,73,63,124
0,0,7,24,2,3,63,21,1,67,31,33,52,88,121
0,0,20,24,1,3,64,9,0,67,44,45,53,76,121
1,0,20,31,5,4,38,21,0,43,51,56,72,64,120
6,0,9,29,1,4,46,26,1,57,38,39,64,83,122
1,0,0,59,1,0,49,10,1,51,59,60,69,61,121
1,0,17,24,0,4,60,17,1,66,41,41,58,83,124
4,0,15,29,0,1,58,14,1,64,44,44,58,78,122
1,0,13,27,0,8,61,11,1,71,40,40,51,82,122
4,0,9,47,1,4,41,17,1,50,56,57,73,67,124
1,0,11,45,0,2,49,12,1,53,56,56,68,65,121
3,0,9,22,3,3,38,40,4,48,31,34,71,88,122
1,0,17,37,1,5,52,9,1,59,54,55,63,68,123
2,0,15,23,0,3,40,38,0,45,38,38,76,83,121
3,0,9,21,1,4,72,11,0,79,30,31,41,90,121
1,0,12,24,1,3,68,14,1,73,36,37,50,87,124
1,0,10,24,1,3,69,13,1,74,34,35,47,87,122
0,0,20,32,0,2,52,14,0,54,52,52,66,68,120
1,0,13,21,15,6,47,12,5,59,34,49,46,71,120
1,0,14,40,1,4,49,15,1,55,54,55,69,70,125
1,0,20,46,1,5,33,16,2,41,66,67,82,57,124
2,0,11,55,0,2,41,10,0,45,66,66,76,55,121
1,0,11,17,0,2,67,23,1,71,28,28,51,94,122
2,0,14,32,1,6,47,18,1,56,46,47,64,74,121
1,0,24,42,0,4,30,21,1,36,66,66,87,57,123
1,0,12,45,0,3,47,13,1,52,57,57,70,65,122
0,0,22,27,0,3,47,23,0,50,49,49,72,73,122
1,0,13,38,0,3,44,23,0,48,51,51,74,71,122
1,0,21,60,1,2,22,15,0,25,81,82,96,40,122
1,0,28,35,1,3,42,13,1,47,63,64,76,60,124
0,0,6,50,1,3,51,10,2,56,56,57,66,66,123
1,0,14,14,1,9,57,24,1,68,28,29,52,92,121
1,0,15,49,1,4,47,7,0,52,64,65,71,59,124
1,0,26,10,0,5,65,14,0,71,36,36,50,85,121
1,0,19,51,0,3,34,15,0,38,70,70,85,53,123
0,0,14,40,0,3,60,4,0,63,54,54,58,67,121
0,0,7,26,0,1,67,18,1,69,33,33,51,87,120
2,0,10,29,0,3,58,19,1,64,39,39,58,83,122
1,0,17,34,0,3,54,12,0,58,51,51,63,70,121
1,0,7,37,1,0,43,33,1,45,44,45,77,78,123
0,0,22,34,2,6,49,11,0,55,56,58,67,66,124
0,0,0,69,0,3,29,21,0,32,69,69,90,53,122
1,0,15,42,2,1,37,22,0,39,57,59,79,61,120
0,0,6,12,1,7,74,21,1,82,18,19,39,103,122
1,0,19,38,1,4,44,15,0,49,57,58,72,64,122
4,0,12,29,1,3,59,13,0,66,41,42,54,79,121
0,0,14,46,0,3,38,17,3,44,60,60,77,61,121
1,0,10,23,0,2,63,21,1,67,33,33,54,88,121
0,0,19,29,1,4,54,17,1,59,48,49,65,76,125
5,0,21,17,1,4,49,22,2,60,38,39,60,82,121
1,0,22,19,1,3,49,26,1,54,41,42,67,80,122
2,0,0,15,0,5,81,17,0,88,15,15,32,105,120
1,0,11,34,1,3,59,12,1,64,45,46,57,76,122
1,0,7,8,0,5,69,33,0,75,15,15,48,108,123
0,0,14,47,8,2,37,11,1,40,61,69,72,51,120
1,0,14,24,0,3,64,12,2,70,38,38,50,82,120
3,0,16,39,0,5,48,9,0,56,55,55,64,65,120
1,0,13,53,0,2,36,14,1,40,66,66,80,54,120
1,0,12,35,1,4,56,15,0,61,47,48,62,76,124
0,0,9,33,27,5,43,7,1,49,42,69,49,56,125
0,0,23,30,1,5,53,8,1,59,53,54,61,67,121
9,0,10,21,0,3,57,22,1,70,31,31,53,92,123
1,0,0,39,0,5,69,8,0,75,39,39,47,83,122
1,0,11,26,1,3,58,22,0,62,37,38,59,84,122
1,0,11,35,0,4,62,9,0,67,46,46,55,76,122
0,0,13,23,0,3,74,7,1,78,36,36,43,85,121
1,0,16,33,0,5,48,17,0,54,49,49,66,71,120
0,0,12,12,1,3,70,24,0,73,24,25,48,97,122
1,0,16,19,0,4,53,22,7,65,35,35,57,87,122
4,0,23,20,0,1,51,21,1,57,43,43,64,78,121
2,0,14,35,1,3,47,18,1,53,49,50,67,71,121
5,0,7,17,0,6,76,9,0,87,24,24,33,96,120
4,0,7,31,9,4,54,13,0,62,38,47,51,75,122
1,0,11,33,1,3,63,9,0,67,44,45,53,76,121
1,0,17,32,1,5,53,11,1,60,49,50,60,71,121
1,0,13,22,4,4,53,24,1,59,35,39,59,83,122
2,0,33,29,1,4,32,24,0,38,62,63,86,62,125
1,0,12,40,1,3,59,7,1,64,52,53,59,71,124
0,0,22,34,1,2,57,5,0,59,56,57,61,64,121
1,0,17,31,0,2,62,9,1,66,48,48,57,75,123
6,0,33,13,1,2,58,8,0,66,46,47,54,74,121
1,0,0,24,7,3,67,15,4,75,24,31,39,90,121
1,0,18,8,0,4,67,25,1,73,26,26,51,98,124
1,0,12,57,0,2,22,26,1,26,69,69,95,52,121
1,0,9,40,1,2,59,10,1,63,49,50,59,73,123
1,0,7,41,1,0,63,8,0,64,48,49,56,72,121
1,0,17,36,5,4,43,16,2,50,53,58,69,66,124
1,0,22,52,1,3,34,9,0,38,74,75,83,47,122
1,0,10,23,1,3,72,11,1,77,33,34,44,88,122
1,0,12,43,0,3,40,19,3,47,55,55,74,66,121
1,0,18,35,7,3,46,12,1,51,53,60,65,63,123
1,0,13,40,8,5,38,19,1,45,53,61,72,64,125
0,0,26,20,0,2,55,8,9,66,46,46,54,74,120
1,0,18,60,3,2,26,9,3,32,78,81,87,41,122
2,0,19,37,0,3,44,15,0,49,56,56,71,64,120
1,0,8,25,1,0,76,11,1,78,33,34,44,89,123
1,0,22,20,6,3,55,15,0,59,42,48,57,74,122
2,0,14,14,0,3,77,10,0,82,28,28,38,92,120
7,0,11,15,0,2,66,19,1,76,26,26,45,95,121
2,0,10,15,0,4,60,29,0,66,25,25,54,95,120
5,0,25,27,0,3,54,7,1,63,52,52,59,70,122
1,0,0,47,1,4,58,12,1,64,47,48,59,76,124
1,0,17,58,0,7,24,13,0,32,75,75,88,45,120
1,0,8,14,1,3,60,36,1,65,22,23,58,101,124
1,0,15,31,0,3,44,29,1,49,46,46,75,78,124
1,0,12,48,1,3,45,12,1,50,60,61,72,62,123
0,0,12,44,0,2,50,13,0,52,56,56,69,65,121
1,0,8,69,1,3,16,24,1,21,77,78,101,45,123
2,0,20,35,2,4,48,9,1,55,55,57,64,64,121
1,0,20,7,0,6,65,20,2,74,27,27,47,94,121
1,0,8,39,1,2,51,19,1,55,47,48,66,74,122
0,0,8,43,0,5,47,16,1,53,51,51,67,69,120
0,0,23,16,0,3,65,13,0,68,39,39,52,81,120
1,0,7,34,1,8,55,15,0,64,41,42,56,79,121
0,0,16,27,2,4,59,12,0,63,43,45,55,75,120
1,0,11,24,1,3,52,30,0,56,35,36,65,86,122
1,0,8,37,0,4,61,12,1,67,45,45,57,79,124
1,0,9,28,0,2,54,26,1,58,37,37,63,84,121
1,0,23,31,0,5,45,16,1,52,54,54,70,68,122
1,0,9,20,1,4,53,34,0,58,29,30,63,92,122
1,0,17,36,0,3,43,23,1,48,53,53,76,71,124
1,0,8,39,0,3,62,10,1,67,47,47,57,77,124
1,0,16,45,0,4,41,17,0,46,61,61,78,63,124
1,0,16,51,0,1,38,12,1,41,67,67,79,53,120
2,0,9,12,1,3,67,28,1,73,21,22,49,101,123
8,0,10,36,0,2,48,17,0,58,46,46,63,75,121
5,0,20,17,0,5,49,19,7,66,37,37,56,85,122
4,0,7,41,3,3,50,13,1,58,48,51,61,71,122
1,0,14,38,1,6,41,23,0,48,52,53,75,71,124
2,0,11,25,1,2,53,23,3,60,36,37,59,83,120
3,0,10,26,2,1,69,8,1,74,36,38,44,82,120
1,0,16,50,1,1,40,11,1,43,66,67,77,54,121
1,0,14,28,0,3,62,13,1,67,42,42,55,80,122
1,0,14,17,1,4,57,28,0,62,31,32,59,90,122
1,0,13,40,0,4,57,5,0,62,53,53,58,67,120
1,0,25,42,0,4,47,4,1,53,67,67,71,57,124
1,0,18,29,1,4,46,19,3,54,47,48,66,73,121
1,0,7,50,0,4,43,18,1,49,57,57,75,67,124
1,0,9,36,3,3,49,20,1,54,45,48,65,74,122
1,0,7,21,1,4,54,35,1,60,28,29,63,95,124
0,0,9,33,0,4,48,28,1,53,42,42,70,81,123
1,0,12,31,0,2,67,7,0,70,43,43,50,77,120
6,0,13,40,0,4,38,22,0,48,53,53,75,70,123
1,0,15,35,1,4,57,9,1,63,50,51,59,72,123
0,0,0,46,8,3,45,19,0,48,46,54,65,67,121
1,0,15,36,1,3,43,21,1,48,51,52,72,69,121
2,0,11,40,5,4,46,12,0,52,51,56,63,64,120
11,0,0,41,1,4,48,19,1,64,41,42,60,83,125
1,0,10,29,1,5,65,11,1,72,39,40,50,83,123
1,0,11,24,1,4,56,27,0,61,35,36,62,88,124
6,0,14,22,0,6,68,3,1,81,36,36,39,84,120
2,0,29,21,0,6,53,9,0,61,50,50,59,70,120
1,0,15,36,2,2,48,16,0,51,51,53,67,67,120
2,0,17,38,0,3,51,9,0,56,55,55,64,65,120
1,0,13,20,0,2,81,5,0,84,33,33,38,89,122
1,0,17,28,0,3,59,12,0,63,45,45,57,75,120
3,0,14,22,0,3,45,35,0,51,36,36,71,86,122
1,0,9,28,1,5,73,8,0,79,37,38,45,87,125
2,0,0,50,1,2,53,13,1,58,50,51,63,71,122
1,0,13,27,0,2,64,14,1,68,40,40,54,82,122
16,0,8,22,1,4,53,16,4,77,30,31,46,93,124
3,0,19,32,0,3,50,14,1,57,51,51,65,71,122
0,0,16,25,0,6,58,15,0,64,41,41,56,79,120
5,0,10,45,0,4,35,10,11,55,55,55,65,65,120
1,0,11,26,0,10,63,4,6,80,37,37,41,84,121
1,0,8,42,2,2,50,11,4,57,50,52,61,68,120
5,0,8,34,0,3,53,14,5,66,42,42,56,80,122
1,0,9,45,1,4,45,15,0,50,54,55,69,65,120
4,0,17,16,1,2,50,30,1,57,33,34,63,87,121
1,0,15,19,0,5,62,21,0,68,34,34,55,89,123
1,0,22,31,0,3,51,14,1,56,53,53,67,70,123
0,0,9,30,0,3,71,8,0,74,39,39,47,82,121
1,0,9,27,0,3,66,14,0,70,36,36,50,84,120
13,0,12,29,0,4,51,6,6,74,41,41,47,80,121
1,0,0,50,2,2,39,27,1,43,50,52,77,70,122
2,0,24,40,1,3,34,19,1,40,64,65,83,59,124
1,0,7,26,3,3,59,19,2,65,33,36,52,84,120
1,0,7,49,1,2,50,12,1,54,56,57,68,66,123
0,0,0,54,0,4,53,11,0,57,54,54,65,68,122
5,0,8,46,1,2,38,22,0,45,54,55,76,67,122
4,0,13,24,0,4,59,12,4,71,37,37,49,83,120
0,0,9,45,0,5,47,18,1,53,54,54,72,71,125
2,8,8,44,1,7,41,7,2,60,52,53,59,67,120
1,0,9,48,0,2,49,11,1,53,57,57,68,64,121
3,0,11,25,0,4,53,25,1,61,36,36,61,86,122
0,0,0,50,1,5,54,13,0,59,50,51,63,72,123
1,0,13,27,3,9,58,10,1,69,40,43,50,79,122
1,0,0,64,1,3,42,8,2,48,64,65,72,56,121
1,0,11,35,0,3,58,14,1,63,46,46,60,77,123
2,0,21,39,1,4,44,13,0,50,60,61,73,63,124
1,0,0,54,1,3,47,15,1,52,54,55,69,67,122
0,0,25,55,1,4,29,8,1,34,80,81,88,42,123
1,0,13,46,0,5,45,15,0,51,59,59,74,66,125
2,0,16,25,0,3,36,38,1,42,41,41,79,80,121
1,0,6,44,7,2,53,7,1,57,50,57,57,64,121
1,0,8,39,3,2,54,13,1,58,47,50,60,71,121
0,0,17,27,0,3,55,18,1,59,44,44,62,77,121
1,0,9,34,0,2,61,14,1,65,43,43,57,79,122
1,0,13,32,2,4,58,12,0,63,45,47,57,75,122
1,0,13,20,0,1,75,11,0,77,33,33,44,88,121
1,0,7,34,0,1,71,6,1,74,41,41,47,80,121
0,0,20,20,1,3,62,17,1,66,40,41,57,83,124
7,0,9,38,0,2,39,26,0,48,47,47,73,74,121
1,0,41,18,0,2,41,17,0,44,59,59,76,61,120
1,0,13,49,0,3,28,28,1,33,62,62,90,61,123
1,0,9,49,1,5,47,9,1,54,58,59,67,63,122
0,0,0,61,7,3,35,16,0,38,61,68,77,54,122
1,0,11,21,2,5,64,18,1,71,32,34,50,89,123
1,0,9,43,1,2,49,18,1,53,52,53,70,71,124
1,0,9,30,1,4,62,16,0,67,39,40,55,83,123
1,0,19,38,1,17,31,15,0,49,57,58,72,64,122
2,0,15,23,1,3,65,14,0,70,38,39,52,84,123
0,0,17,38,0,5,43,19,0,48,55,55,74,67,122
4,0,11,22,1,1,55,25,1,61,33,34,58,86,120
1,0,12,22,22,2,46,16,1,50,34,56,50,66,122
0,0,11,49,1,4,43,14,1,48,60,61,74,62,123
1,0,13,8,1,4,84,9,0,89,21,22,30,98,120
0,0,9,35,1,6,59,11,1,66,44,45,55,77,122
1,0,6,32,1,3,63,17,0,67,38,39,55,84,123
3,0,18,39,0,3,41,16,1,48,57,57,73,64,121
1,0,9,37,0,6,51,17,0,58,46,46,63,75,121
4,0,21,20,0,3,62,12,1,70,41,41,53,82,123
0,0,0,51,0,4,58,9,0,62,51,51,60,71,122
1,0,7,45,0,4,35,31,1,41,52,52,83,72,124
1,0,6,51,1,2,54,6,1,58,57,58,63,64,122
1,0,20,19,1,3,64,14,0,68,39,40,53,82,122
1,0,11,63,1,3,30,12,1,35,74,75,86,47,122
1,0,0,62,7,4,36,13,1,42,62,69,75,55,124
1,0,19,49,1,5,42,5,1,49,68,69,73,54,123
1,0,23,21,0,5,61,14,1,68,44,44,58,82,126
1,0,10,29,1,2,41,38,0,44,39,40,77,82,122
1,0,19,39,1,4,44,13,1,50,58,59,71,63,122
3,0,11,23,1,3,57,23,2,65,34,35,57,88,123
6,0,16,34,0,3,43,17,1,53,50,50,67,70,120
7,0,12,39,0,3,54,7,0,64,51,51,58,71,122
3,0,21,39,1,2,35,20,0,40,60,61,80,60,121
2,0,11,44,0,3,35,28,1,41,55,55,83,69,124
1,0,8,53,1,4,48,10,0,53,61,62,71,63,125
1,0,24,26,1,3,51,18,1,56,50,51,68,74,125
7,0,0,43,1,3,58,9,1,69,43,44,52,78,122
1,0,14,40,0,4,48,13,0,53,54,54,67,66,120
4,0,11,17,0,2,80,7,1,87,28,28,35,94,122
2,0,13,14,1,6,69,15,1,78,27,28,42,93,121
0,0,16,45,1,5,40,14,1,46,61,62,75,60,122
1,0,15,30,2,2,40,31,0,43,45,47,76,74,121
1,0,7,67,1,4,37,6,0,42,74,75,80,48,123
0,0,12,34,1,3,65,8,0,68,46,47,54,76,123
1,0,13,34,0,1,55,16,0,57,47,47,63,73,120
2,0,9,16,0,2,66,21,5,75,25,25,46,96,121
1,0,11,25,0,2,51,26,4,58,36,36,62,84,120
0,0,17,21,5,2,56,19,0,58,38,43,57,77,120
1,0,9,73,0,2,29,7,1,33,82,82,89,40,122
4,0,22,21,1,2,29,43,0,35,43,44,86,78,122
15,0,10,41,10,4,31,11,0,50,51,61,62,61,122
6,0,0,51,1,2,42,20,0,50,51,52,71,70,122
1,0,17,37,0,5,37,23,0,43,54,54,77,66,120
0,0,15,33,1,2,61,10,1,64,48,49,58,74,123
1,0,7,22,0,9,50,31,1,61,29,29,60,92,121
4,0,11,41,1,3,53,9,1,61,52,53,61,70,123
0,0,0,27,18,5,62,8,1,68,27,45,35,76,121
0,0,10,28,0,3,47,30,3,53,38,38,68,83,121
0,0,12,46,0,2,54,6,0,56,58,58,64,62,120
2,0,9,25,1,1,58,25,1,62,34,35,59,87,122
2,0,25,20,0,5,48,20,1,56,45,45,65,76,121
0,8,9,42,1,4,40,16,0,52,51,52,67,68,120
4,0,9,32,0,6,53,16,1,64,41,41,57,80,121
0,0,8,23,1,0,68,20,1,69,31,32,51,89,121
1,0,9,24,1,1,73,12,1,76,33,34,45,88,122
1,0,0,52,1,3,44,20,1,49,52,53,72,69,122
1,0,11,19,13,2,53,23,0,56,30,43,53,79,122
4,0,18,43,1,3,45,7,1,53,61,62,68,60,122
1,0,21,30,1,4,56,7,1,62,51,52,58,69,121
1,0,31,22,0,4,52,12,1,58,53,53,65,70,123
10,0,22,35,0,2,39,13,0,51,57,57,70,64,121
1,0,21,12,0,9,58,19,0,68,33,33,52,87,120
10,0,11,21,0,5,43,30,1,59,32,32,62,89,121
2,0,6,33,0,5,56,20,1,64,39,39,59,84,123
6,0,25,37,1,2,38,13,1,47,62,63,75,60,123
1,0,10,31,5,9,57,7,1,68,41,46,48,75,121
1,0,14,31,0,6,60,8,0,67,45,45,53,75,120
1,0,8,49,1,5,51,9,1,58,57,58,66,67,125
1,0,7,53,0,3,50,7,1,55,60,60,67,62,122
1,8,13,47,4,3,36,9,0,48,60,64,69,57,121
3,0,21,23,15,2,52,4,1,58,44,59,48,62,121
1,0,14,21,1,3,74,7,0,78,35,36,42,85,121
1,0,19,18,0,5,56,24,1,63,37,37,61,87,124
0,0,12,27,1,3,62,18,0,65,39,40,57,83,123
1,0,16,44,0,3,37,20,1,42,60,60,80,62,122
1,0,19,42,1,2,44,12,0,47,61,62,73,59,121
0,0,17,28,1,3,49,23,1,53,45,46,68,76,122
3,0,11,28,0,2,63,12,1,69,39,39,51,81,120
0,0,12,28,1,4,55,19,2,61,40,41,59,80,121
1,0,15,19,0,6,64,12,3,74,34,34,46,86,120
1,0,7,28,1,5,56,21,2,64,35,36,56,85,121
1,0,23,24,2,2,56,12,0,59,47,49,59,71,120
1,0,11,24,0,3,58,25,0,62,35,35,60,87,122
1,0,20,20,0,4,63,16,0,68,40,40,56,84,124
1,0,0,45,1,4,35,38,1,41,45,46,83,79,125
3,0,0,55,6,5,36,10,8,52,55,61,65,62,123
1,0,34,18,1,3,47,18,1,52,52,53,70,70,123
0,0,13,45,0,1,52,10,1,54,58,58,68,64,122
2,0,23,30,0,4,46,17,0,52,53,53,70,69,122
0,0,0,45,1,3,50,23,1,54,45,46,68,77,123
2,0,11,34,0,1,53,19,1,57,45,45,64,76,121
0,0,10,41,0,5,47,19,1,53,51,51,70,72,123
1,0,11,29,21,7,42,7,3,53,40,61,47,60,121
1,0,26,24,1,4,45,20,0,50,50,51,70,70,121
1,0,22,28,0,5,61,6,1,68,50,50,56,74,124
2,0,8,47,1,5,45,13,1,53,55,56,68,66,122
9,0,11,33,1,5,40,22,1,55,44,45,66,77,122
1,0,29,27,1,5,51,9,1,58,56,57,65,67,124
1,0,24,14,0,3,67,13,1,72,38,38,51,85,123
0,0,8,37,1,3,61,10,1,65,45,46,55,75,121
17,0,18,27,1,3,52,4,1,73,45,46,49,77,123
1,0,14,26,4,4,58,14,1,64,40,44,54,78,122
9,0,8,38,1,2,34,30,1,46,46,47,76,76,123
1,0,19,22,0,0,71,7,1,73,41,41,48,80,121
1,0,24,32,1,2,53,8,0,56,56,57,64,64,121
1,0,0,40,4,4,56,12,4,65,40,44,52,77,121
1,0,21,17,3,3,54,23,1,59,38,41,61,82,123
14,0,0,25,1,3,56,23,1,74,25,26,48,97,123
1,0,18,20,1,5,59,19,0,65,38,39,57,84,123
1,0,10,18,0,1,72,19,1,75,28,28,47,94,122
2,0,6,48,0,3,32,30,0,37,54,54,84,67,121
11,0,16,43,1,2,39,11,1,53,59,60,70,64,124
3,0,14,33,1,4,62,5,1,70,47,48,52,75,123
1,0,0,32,21,6,54,7,0,61,32,53,39,68,121
1,0,11,48,1,4,46,10,1,52,59,60,69,62,122
0,0,9,19,1,4,76,12,0,80,28,29,40,92,121
1,0,27,15,1,2,44,32,1,48,42,43,74,80,123
0,0,12,10,6,1,63,28,0,64,22,28,50,92,120
1,0,15,40,1,3,47,16,0,51,55,56,71,67,123
3,0,14,31,0,2,65,6,0,70,45,45,51,76,121
8,0,22,32,0,4,37,17,0,49,54,54,71,66,120
1,0,12,39,0,3,53,11,1,58,51,51,62,69,120
1,0,13,35,2,3,59,7,1,64,48,50,55,71,121
2,0,28,29,1,4,49,8,0,55,57,58,65,63,121
1,0,17,51,1,3,40,7,1,45,68,69,75,52,121
1,0,8,49,9,4,32,16,3,40,57,66,73,56,122
5,0,10,44,0,4,43,17,0,52,54,54,71,69,123
2,0,10,39,4,2,45,19,1,50,49,53,68,69,122
1,0,13,21,0,4,54,31,1,60,34,34,65,91,125
1,0,8,31,1,15,56,10,1,73,39,40,49,83,123
1,0,12,36,0,5,42,27,1,49,48,48,75,76,124
8,0,12,32,1,3,55,11,1,67,44,45,55,78,123
5,0,7,47,5,0,34,21,1,40,54,59,75,61,120
3,0,0,19,0,9,80,9,0,92,19,19,28,101,120
1,0,13,22,0,3,65,15,1,70,35,35,50,85,120
1,0,6,30,2,3,54,21,3,61,36,38,57,82,120
1,0,20,20,2,5,37,39,1,44,40,42,79,83,125
1,0,10,41,1,4,55,9,0,60,51,52,60,69,121
4,0,19,40,0,6,37,20,1,48,59,59,79,68,127
0,0,9,9,20,3,55,24,1,59,18,38,42,83,121
0,0,12,28,0,4,65,13,0,69,40,40,53,82,122
1,0,9,34,1,4,61,12,1,67,43,44,55,79,123
1,0,0,21,1,3,77,17,1,82,21,22,38,99,121
1,0,16,20,1,4,51,32,0,56,36,37,68,88,125
1,0,11,37,0,4,61,9,0,66,48,48,57,75,123
1,0,16,44,0,2,50,9,0,53,60,60,69,62,122
2,0,17,27,0,4,51,18,1,58,44,44,62,76,120
4,0,6,39,1,1,66,4,1,72,45,46,49,76,122
1,0,11,54,0,3,31,23,0,35,65,65,88,58,123
1,0,9,15,37,3,45,9,2,51,24,61,33,60,121
1,0,17,45,0,3,49,7,0,53,62,62,69,60,122
2,0,17,42,1,3,37,19,1,43,59,60,78,62,122
2,0,16,36,1,3,29,36,1,35,52,53,88,71,124
1,0,7,48,1,2,54,7,1,58,55,56,62,65,121
1,0,20,49,1,3,43,6,1,48,69,70,75,54,124
0,0,14,25,0,3,66,14,1,70,39,39,53,84,123
1,0,21,25,0,4,28,43,1,34,46,46,89,77,123
2,0,13,46,0,4,43,14,0,49,59,59,73,63,122
4,0,11,33,1,3,55,15,1,63,44,45,59,78,123
1,0,16,42,0,2,42,19,0,45,58,58,77,64,122
1,0,12,58,0,3,43,5,0,47,70,70,75,52,122
1,0,8,34,0,4,58,19,1,64,42,42,61,83,125
0,0,9,52,0,2,43,14,1,46,61,61,75,60,121
2,0,23,40,5,5,34,14,1,42,63,68,77,56,124
1,0,0,49,0,3,32,37,0,36,49,49,86,73,122
27,0,13,25,1,1,41,12,1,70,38,39,50,82,121
1,0,17,36,0,5,39,25,1,46,53,53,78,71,124
1,0,24,22,4,3,56,11,1,61,46,50,57,72,122
1,0,7,38,0,4,47,19,4,56,45,45,64,75,120
7,0,10,29,4,4,56,13,0,67,39,43,52,80,123
0,7,14,35,0,3,49,12,1,60,49,49,61,72,121
1,0,10,27,1,4,61,17,1,67,37,38,54,84,122
1,0,0,23,17,6,68,8,3,78,23,40,31,86,126
1,0,13,42,0,4,41,20,1,47,55,55,75,67,122
1,0,9,35,0,3,31,44,0,35,44,44,88,79,123
3,0,10,51,1,3,46,7,1,53,61,62,68,60,122
1,0,12,24,0,4,59,19,1,65,36,36,55,84,120
1,0,7,14,0,2,55,43,1,59,21,21,64,102,123
3,0,11,29,0,4,66,9,0,73,40,40,49,82,122
6,0,11,42,0,7,44,10,0,57,53,53,63,67,120
1,0,9,31,0,1,38,41,0,40,40,40,81,81,121
0,0,19,15,0,12,62,8,4,78,34,34,42,86,120
1,0,0,22,21,3,51,21,1,56,22,43,43,77,120
1,0,0,27,7,5,65,15,0,71,27,34,42,86,120
0,0,16,50,1,3,43,9,0,46,66,67,75,55,122
10,0,20,38,0,4,39,12,1,54,58,58,70,66,124
2,0,0,46,1,5,58,12,0,65,46,47,58,77,124
1,0,9,40,1,3,49,19,1,54,49,50,68,73,123
4,0,20,19,1,1,65,10,1,71,39,40,49,81,121
0,0,12,29,37,4,38,3,1,43,41,78,44,46,124
5,0,17,52,1,4,26,17,1,36,69,70,86,53,123
2,0,11,48,2,7,28,21,1,38,59,61,80,59,120
2,0,11,40,1,3,54,10,0,59,51,52,61,69,121
1,0,7,38,1,7,58,8,1,67,45,46,53,75,121
1,0,0,40,1,4,68,10,0,73,40,41,50,83,124
1,0,7,47,1,2,56,7,1,60,54,55,61,67,122
1,0,20,30,0,6,55,9,0,62,50,50,59,71,121
1,0,0,57,1,3,37,21,0,41,57,58,78,62,120
1,0,17,38,0,3,58,3,0,62,55,55,58,65,120
0,0,14,39,1,3,47,18,1,51,53,54,71,69,123
2,0,13,34,1,2,58,11,1,63,47,48,58,74,122
4,0,14,19,1,2,74,8,1,81,33,34,41,89,123
4,0,20,20,1,3,58,17,0,65,40,41,57,82,123
1,0,10,35,1,2,61,12,1,65,45,46,57,77,123
0,0,14,28,0,4,54,23,1,59,42,42,65,82,124
1,0,0,41,0,5,43,30,0,49,41,41,71,79,120
3,0,13,34,2,3,33,32,1,40,47,49,79,72,121
0,0,12,26,1,2,50,28,2,54,38,39,66,82,121
1,0,9,44,0,6,42,18,1,50,53,53,71,68,121
0,0,0,26,1,5,69,19,1,75,26,27,45,94,121
4,0,11,29,0,2,59,16,1,66,40,40,56,82,122
1,0,10,42,0,6,50,12,1,58,52,52,64,70,122
1,0,7,48,0,3,57,4,1,62,55,55,59,66,121
13,0,22,22,0,2,47,13,2,64,44,44,57,77,121
2,0,8,31,1,3,66,10,0,71,39,40,49,81,121
1,0,16,33,0,2,59,10,0,62,49,49,59,72,121
1,0,20,31,0,1,44,23,0,46,51,51,74,69,120
1,0,14,36,0,4,51,17,0,56,50,50,67,73,123
1,0,15,45,1,11,38,11,1,51,60,61,71,62,123
15,0,0,47,1,3,43,12,0,61,47,48,59,73,121
5,0,29,24,1,6,36,20,1,48,53,54,73,68,122
1,0,14,35,1,3,44,21,1,49,49,50,70,70,120
1,0,18,42,1,4,50,9,1,56,60,61,69,65,126
1,0,12,25,1,5,75,6,1,82,37,38,43,88,126
7,0,15,46,0,4,41,7,1,53,61,61,68,60,121
1,0,6,55,0,5,48,9,1,55,61,61,70,64,125
1,0,9,20,1,4,69,19,1,75,29,30,48,94,124
6,0,7,42,12,2,25,27,1,34,49,61,76,61,122
1,0,7,42,0,4,42,24,1,48,49,49,73,72,121
2,0,19,21,0,3,55,21,0,60,40,40,61,81,121
5,0,14,35,0,2,45,19,1,53,49,49,68,72,121
1,0,8,34,0,4,61,15,1,67,42,42,57,82,124
0,0,23,25,0,2,59,11,1,62,48,48,59,73,121
6,0,20,30,1,2,53,8,1,62,50,51,58,70,121
1,0,10,41,1,4,54,7,5,64,51,52,58,71,123
1,0,10,31,2,4,65,7,0,70,41,43,48,77,120
1,0,14,52,0,3,49,4,0,53,66,66,70,57,123
1,0,25,41,1,4,39,12,1,45,66,67,78,57,124
2,0,20,22,14,2,52,9,0,56,42,56,51,65,121
1,0,18,49,0,4,35,17,1,41,67,67,84,58,125
0,0,11,43,0,3,32,33,0,35,54,54,87,68,122
2,0,14,23,11,2,53,13,2,59,37,48,50,72,120
1,0,7,57,0,3,44,11,1,49,64,64,75,60,124
10,0,15,44,1,5,33,12,1,49,59,60,71,61,121
9,0,15,41,1,3,41,13,0,53,56,57,69,66,123
2,0,14,38,0,2,56,7,1,61,52,52,59,68,120
3,0,11,32,0,2,60,12,0,65,43,43,55,77,120
1,0,17,47,0,4,45,10,1,51,64,64,74,61,125
1,0,25,24,1,3,56,12,1,61,49,50,61,73,123
1,0,8,34,2,3,50,22,1,55,42,44,64,77,121
0,0,12,42,1,6,47,18,0,53,54,55,72,71,126
1,0,13,30,1,5,52,22,1,59,43,44,65,81,125
1,0,12,48,0,2,44,14,1,48,60,60,74,62,122
0,0,34,24,1,6,35,22,1,42,58,59,80,64,123
4,0,15,36,0,2,42,21,0,48,51,51,72,69,120
12,0,13,39,1,3,32,21,1,48,52,53,73,69,122
1,0,9,53,1,3,39,15,1,44,62,63,77,59,122
5,0,11,64,1,3,29,7,1,38,75,76,82,45,121
0,0,10,23,1,4,63,22,0,67,33,34,55,89,123
1,0,10,46,0,4,56,8,1,62,56,56,64,70,126
5,0,9,47,0,2,51,8,1,59,56,56,64,67,123
1,0,22,41,0,2,47,9,0,50,63,63,72,59,122
0,0,9,16,1,3,85,7,1,89,25,26,32,96,122
1,0,9,45,2,2,43,18,1,47,54,56,72,65,121
2,0,6,28,0,2,58,24,0,62,34,34,58,86,120
1,0,18,17,2,10,61,11,1,73,35,37,46,84,121
1,0,18,19,5,3,61,14,0,65,37,42,51,79,121
1,0,13,16,1,5,83,6,1,90,29,30,35,96,126
4,0,6,50,0,2,42,17,1,49,56,56,73,66,122
0,0,9,23,1,4,74,12,1,79,32,33,44,91,124
1,0,0,44,0,3,48,26,1,53,44,44,70,79,123
1,0,12,43,0,2,47,17,1,51,55,55,72,68,123
2,0,0,24,1,2,53,39,1,58,24,25,63,97,122
3,0,16,38,1,4,45,16,1,53,54,55,70,69,124
0,0,31,34,0,4,44,10,0,48,65,65,75,58,123
5,0,10,19,1,3,58,25,1,67,29,30,54,92,122
1,0,11,42,0,1,48,18,0,50,53,53,71,68,121
1,0,23,34,9,2,40,12,1,44,57,66,69,56,122
1,0,11,28,0,5,59,19,1,66,39,39,58,85,124
1,0,24,27,1,1,42,25,1,45,51,52,76,70,122
8,0,15,28,0,4,51,15,0,63,43,43,58,78,121
5,0,6,19,0,4,73,13,1,83,25,25,38,96,121
4,0,38,29,1,3,36,13,0,43,67,68,80,56,124
1,0,12,36,1,3,45,23,1,50,48,49,71,73,122
3,0,16,34,1,3,38,27,1,45,50,51,77,72,123
2,0,14,48,1,3,39,15,0,44,62,63,77,59,122
3,0,13,26,1,3,65,10,1,72,39,40,49,82,122
1,0,18,39,0,4,37,22,0,42,57,57,79,64,121
2,0,14,40,0,2,50,12,1,55,54,54,66,67,121
0,0,17,45,0,6,36,16,0,42,62,62,78,58,120
9,0,0,31,1,0,73,6,1,83,31,32,37,89,121
0,0,10,39,1,3,56,10,1,60,49,50,59,70,120
0,0,18,41,1,6,44,11,1,51,59,60,70,62,122
2,0,16,40,0,4,53,7,1,60,56,56,63,67,123
1,0,6,31,1,3,44,34,1,49,37,38,71,83,121
4,0,16,27,0,4,62,10,0,70,43,43,53,80,123
0,0,12,37,0,2,48,19,2,52,49,49,68,71,120
4,0,13,32,1,4,62,5,1,71,45,46,50,76,122
1,0,0,36,2,4,45,33,1,51,36,38,69,84,122
4,0,19,36,1,3,37,22,0,44,55,56,77,66,122
1,0,11,35,0,2,58,13,1,62,46,46,59,75,121
7,0,15,31,1,3,49,17,1,60,46,47,63,77,124
1,0,16,30,1,3,58,11,0,62,46,47,57,73,120
3,0,11,48,0,5,52,4,0,60,59,59,63,64,123
2,0,16,27,0,4,61,13,0,67,43,43,56,80,123
1,0,11,48,4,3,47,8,0,51,59,63,67,59,122
1,0,12,27,0,7,56,18,0,64,39,39,57,82,121
2,0,15,15,0,2,60,25,1,65,30,30,55,90,120
0,0,10,25,1,3,53,14,17,73,35,36,49,87,123
7,0,8,40,1,3,53,9,0,63,48,49,57,72,121
1,0,22,19,0,2,50,28,1,54,41,41,69,82,123
7,0,17,40,1,3,43,9,1,54,57,58,66,63,121
4,0,7,27,10,5,35,33,2,46,34,44,67,79,123
3,0,18,38,0,1,46,11,3,53,56,56,67,64,120
2,0,10,42,1,2,48,17,0,52,52,53,69,69,122
1,0,8,35,1,4,42,32,0,47,43,44,75,79,123
3,0,17,40,1,8,35,7,9,55,57,58,64,62,120
5,0,21,46,1,4,29,15,0,38,67,68,82,53,121
1,0,6,43,2,3,63,4,0,67,49,51,53,71,122
1,0,9,54,1,4,39,13,1,45,63,64,76,58,122
1,0,22,55,1,4,24,14,1,30,77,78,91,44,122
1,0,0,34,0,3,64,18,3,71,34,34,52,89,123
2,0,7,39,1,2,41,30,1,46,46,47,76,76,123
2,0,6,40,10,5,50,10,0,57,46,56,56,67,123
1,10,14,28,12,3,27,19,8,49,42,54,61,68,122
0,0,10,27,1,7,66,10,0,73,37,38,47,83,121
15,0,11,20,0,6,64,4,1,86,31,31,35,90,121
1,0,22,23,1,4,41,31,1,47,45,46,76,78,124
11,0,15,22,0,5,51,20,1,68,37,37,57,88,125
5,0,7,25,0,4,60,18,1,70,32,32,50,88,120
1,0,9,35,0,8,48,18,1,58,44,44,62,76,120
1,0,19,19,31,3,38,13,0,42,38,69,51,55,124
1,0,14,13,1,4,56,32,3,64,27,28,59,96,124
3,0,18,49,0,2,31,18,1,37,67,67,85,55,122
8,0,9,22,0,5,73,7,1,87,31,31,38,94,125
1,0,11,57,0,5,40,9,1,47,68,68,77,56,124
1,0,7,30,1,5,65,12,1,72,37,38,49,84,122
2,0,12,37,4,2,45,18,1,50,49,53,67,68,121
1,0,10,27,0,5,75,3,0,81,37,37,40,84,121
11,0,13,33,1,2,51,10,0,64,46,47,56,74,121
2,0,21,13,7,2,68,8,1,73,34,41,42,81,122
1,0,8,39,9,3,50,12,1,55,47,56,59,67,123
0,0,10,37,3,1,60,9,0,61,47,50,56,70,120
1,0,8,46,0,1,44,20,0,46,54,54,74,66,120
1,0,11,29,1,3,64,12,1,69,40,41,52,81,122
2,0,10,26,7,4,58,12,1,65,36,43,48,77,120
1,0,11,14,1,5,61,29,0,67,25,26,54,96,122
1,0,13,37,0,4,59,10,1,65,50,50,60,75,125
0,0,25,43,0,3,44,5,0,47,68,68,73,52,120
0,11,19,18,11,3,51,7,2,67,37,48,44,74,122
11,0,21,24,0,2,51,11,1,65,45,45,56,76,121
1,0,8,48,0,3,41,20,0,45,56,56,76,65,121
2,0,20,18,7,5,58,14,1,66,38,45,52,80,125
1,0,10,37,1,5,64,6,1,71,47,48,53,77,125
3,0,8,49,0,1,45,13,1,50,57,57,70,63,120
1,0,12,35,0,3,49,21,1,54,47,47,68,75,122
6,0,12,29,1,5,62,7,1,74,41,42,48,81,123
1,0,8,25,1,1,62,24,0,64,33,34,57,88,122
2,0,0,40,0,1,54,22,1,58,40,40,62,80,120
1,0,13,20,1,4,52,30,1,58,33,34,63,88,122
6,0,18,27,0,2,51,16,1,60,45,45,61,76,121
1,0,18,19,8,2,50,25,0,53,37,45,62,78,123
4,0,10,34,0,4,58,10,0,66,44,44,54,76,120
1,0,14,38,0,3,52,13,1,57,52,52,65,70,122
1,0,6,28,0,4,66,9,9,80,34,34,43,89,123
1,0,19,29,8,4,34,20,5,44,48,56,68,64,120
1,0,23,17,0,3,68,11,0,72,40,40,51,83,123
1,0,14,18,1,3,63,21,1,68,32,33,53,89,122
0,0,9,24,4,4,72,9,1,77,33,37,42,86,123
5,0,8,33,13,3,51,7,1,60,41,54,48,67,121
5,0,11,35,1,2,38,29,1,46,46,47,75,75,122
1,0,11,22,0,1,63,23,1,66,33,33,56,89,122
1,0,20,48,1,4,36,14,1,42,68,69,82,56,125
0,0,0,32,1,2,69,17,1,72,32,33,49,89,122
1,0,17,37,0,8,34,21,3,46,54,54,75,67,121
3,0,11,37,1,2,38,28,1,44,48,49,76,72,121
0,0,15,49,1,11,34,10,1,46,64,65,74,56,121
0,0,17,43,0,3,35,23,0,38,60,60,83,61,121
5,0,10,29,2,1,67,6,1,74,39,41,45,80,121
0,0,31,21,1,3,46,19,1,50,52,53,71,69,122
1,0,13,47,1,3,34,16,6,44,60,61,76,60,121
1,0,16,27,1,3,50,22,2,56,43,44,65,78,122
1,0,25,26,1,4,50,16,1,56,51,52,67,72,124
3,0,8,59,1,2,37,11,1,43,67,68,78,54,122
2,0,13,21,0,5,58,8,13,78,34,34,42,86,120
1,0,8,28,0,4,59,23,0,64,36,36,59,87,123
8,0,28,44,1,3,26,12,1,38,72,73,84,50,123
3,0,9,41,7,3,41,18,1,48,50,57,68,66,123
2,0,17,29,0,5,51,17,1,59,46,46,63,76,122
1,0,22,42,0,5,42,7,2,50,64,64,71,57,121
1,0,7,32,1,4,51,28,0,56,39,40,67,84,124
2,0,9,50,1,4,46,12,1,53,59,60,71,65,125
1,0,10,42,1,4,45,18,1,51,52,53,70,69,122
2,0,12,32,1,4,60,8,4,70,44,45,52,78,123
2,0,13,24,0,3,61,17,1,67,37,37,54,84,121
1,0,10,18,1,4,74,13,1,80,28,29,41,93,122
6,0,11,23,1,1,40,39,0,47,34,35,73,86,121
1,0,0,29,0,4,55,32,2,62,29,29,61,94,123
1,0,13,18,13,6,45,20,10,62,31,44,51,82,126
1,0,9,32,1,3,64,11,0,68,41,42,52,79,121
0,0,12,30,1,3,48,29,0,51,42,43,71,80,123
4,0,0,50,0,2,49,16,1,56,50,50,66,72,122
1,0,12,47,1,4,51,5,0,56,59,60,64,61,121
1,0,10,39,1,4,48,22,0,53,49,50,71,75,125
1,0,15,26,1,5,52,20,1,59,41,42,61,79,121
1,0,22,49,1,3,39,9,1,44,71,72,80,53,125
1,0,23,27,1,2,34,35,0,37,50,51,85,72,123
1,0,12,35,0,4,43,26,3,51,47,47,73,77,124
1,0,14,14,0,4,73,16,1,79,28,28,44,95,123
2,0,10,34,22,1,36,15,1,40,44,66,59,55,121
1,0,9,35,0,3,55,20,1,60,44,44,64,80,124
0,0,7,19,3,5,72,13,1,78,26,29,39,91,120
2,0,0,31,0,5,78,2,2,87,31,31,33,89,120
3,0,28,47,4,3,28,8,1,35,75,79,83,43,122
1,0,9,35,1,2,59,15,1,63,44,45,59,78,123
0,0,8,38,0,3,52,19,1,56,46,46,65,75,121
1,0,7,42,1,3,54,13,0,58,49,50,62,71,121
0,0,8,24,5,4,61,21,1,66,32,37,53,87,124
5,0,12,31,0,3,40,29,0,48,43,43,72,77,120
1,0,14,46,1,3,42,15,1,47,60,61,75,62,123
1,0,10,20,0,5,72,11,1,79,30,30,41,90,120
1,0,15,45,1,3,49,8,0,53,60,61,68,61,122
0,0,9,21,0,4,72,14,0,76,30,30,44,90,120
0,0,15,31,18,5,45,8,1,51,46,64,54,59,123
7,0,17,33,0,4,55,4,1,67,50,50,54,71,121
7,0,16,24,1,3,52,19,1,63,40,41,59,82,123
0,0,8,41,1,3,44,25,1,48,49,50,74,73,123
1,0,15,34,0,3,58,12,1,63,49,49,61,75,124
1,0,8,40,4,2,51,17,0,54,48,52,65,71,123
12,0,0,18,0,5,71,14,1,89,18,18,32,103,121
1,0,16,45,1,3,48,9,0,52,61,62,70,61,123
1,0,0,30,0,2,67,21,0,70,30,30,51,91,121
1,0,9,24,1,1,66,20,0,68,33,34,53,88,122
0,0,13,21,8,5,60,13,4,69,34,42,47,82,124
0,0,18,42,1,2,50,8,1,53,60,61,68,61,122
1,0,0,19,6,3,61,30,2,67,19,25,49,97,122
1,0,18,23,1,4,51,5,19,75,41,42,46,80,122
1,0,17,23,1,2,67,9,1,71,40,41,49,80,121
1,0,7,27,16,6,35,29,1,43,34,50,63,72,122
1,0,23,28,0,4,50,13,1,56,51,51,64,69,120
2,0,11,36,0,3,57,12,0,62,47,47,59,74,121
1,0,29,31,0,3,49,9,1,54,60,60,69,63,123
1,0,11,27,0,4,56,22,1,62,38,38,60,84,122
1,0,0,53,1,4,51,13,1,57,53,54,66,70,124
1,0,12,45,0,4,44,13,1,50,57,57,70,63,120
1,0,9,62,0,3,24,24,1,29,71,71,95,53,124
1,0,12,28,1,3,58,18,1,63,40,41,58,81,122
2,0,21,28,0,3,33,32,1,39,49,49,81,71,120
1,0,23,23,0,4,62,7,0,67,46,46,53,74,120
2,0,18,17,1,3,75,5,1,81,35,36,40,86,122
3,0,9,60,1,2,35,12,1,41,69,70,81,53,123
0,0,21,11,1,3,54,31,0,57,32,33,63,88,121
9,0,16,19,1,2,59,14,1,71,35,36,49,85,121
1,0,13,34,1,7,50,16,1,59,47,48,63,75,123
5,0,16,32,0,4,41,23,1,51,48,48,71,74,122
1,0,11,25,10,4,61,10,1,67,36,46,46,77,123
1,0,13,54,1,3,42,7,1,47,67,68,74,54,122
1,0,23,48,0,3,39,6,0,43,71,71,77,49,120
1,0,16,23,0,4,61,15,1,67,39,39,54,82,121
0,0,20,31,1,4,61,6,1,66,51,52,57,72,124
1,0,16,17,1,2,56,30,1,60,33,34,63,90,124
1,0,8,39,0,3,55,15,0,59,47,47,62,74,121
1,0,8,20,1,4,67,22,1,73,28,29,50,95,124
1,0,15,35,0,3,44,26,1,49,50,50,76,75,125
0,0,22,22,1,4,50,23,1,55,44,45,67,78,123
3,0,0,30,1,5,59,25,1,68,30,31,55,93,124
1,0,20,23,13,4,53,9,0,58,43,56,52,67,123
1,0,22,23,1,5,44,25,1,51,45,46,70,76,122
3,0,13,34,0,4,62,6,0,69,47,47,53,75,122
3,0,8,62,1,2,34,11,1,40,70,71,81,51,122
7,0,11,25,0,3,52,22,1,63,36,36,58,85,121
2,0,20,28,1,4,33,35,1,40,48,49,83,75,124
1,0,13,26,0,3,61,17,0,65,39,39,56,82,121
1,0,23,33,0,4,37,26,1,43,56,56,82,69,125
1,0,15,32,1,13,53,6,1,68,47,48,53,74,122
1,0,13,25,0,3,71,9,1,76,38,38,47,85,123
0,0,7,53,1,5,47,10,1,53,60,61,70,63,124
2,0,7,41,0,3,54,14,0,59,48,48,62,73,121
1,0,8,50,0,4,46,12,0,51,58,58,70,63,121
1,0,13,54,13,3,29,8,2,35,67,80,75,43,123
2,0,31,20,0,3,57,9,1,63,51,51,60,72,123
1,0,24,23,1,4,46,25,0,51,47,48,72,76,124
12,0,7,33,1,3,46,19,0,61,40,41,59,80,121
1,0,28,23,0,5,54,14,1,61,51,51,65,75,126
1,0,8,40,1,3,42,27,1,47,48,49,75,74,123
0,0,11,30,1,5,62,15,1,68,41,42,56,83,125
0,0,0,39,1,3,58,21,0,61,39,40,60,82,122
12,0,17,19,0,4,54,14,1,71,36,36,50,85,121
1,0,23,33,1,2,48,14,0,51,56,57,70,65,122
0,0,13,22,0,6,45,34,0,51,35,35,69,85,120
1,0,8,39,0,4,50,21,1,56,47,47,68,77,124
2,0,15,45,1,5,31,24,0,38,60,61,84,62,123
3,0,13,23,12,3,45,15,7,58,36,48,51,73,121
0,0,10,50,0,2,55,4,0,57,60,60,64,61,121
1,0,14,44,1,8,43,11,0,52,58,59,69,63,122
1,0,14,18,0,4,57,29,0,62,32,32,61,91,123
1,0,11,49,1,1,55,4,1,58,60,61,64,62,123
1,0,0,34,9,5,68,6,1,75,34,43,40,81,124
1,0,8,31,0,3,63,15,0,67,39,39,54,82,121
1,0,0,46,0,5,55,13,1,62,46,46,59,75,121
2,0,16,21,0,3,49,29,1,55,37,37,66,84,121
0,0,15,34,1,3,53,16,1,57,49,50,65,73,123
1,0,11,31,1,1,58,17,1,61,42,43,59,78,121
6,0,10,8,0,1,71,24,0,78,18,18,42,102,120
0,0,0,25,5,3,68,20,0,71,25,30,45,91,121
1,0,10,24,0,3,61,22,0,65,34,34,56,87,121
2,0,18,47,1,3,42,9,1,48,65,66,74,57,123
2,0,10,48,12,6,35,7,1,44,58,70,65,51,121
0,0,12,32,1,2,51,20,3,56,44,45,64,76,121
7,0,19,27,1,2,60,6,1,70,46,47,52,76,123
5,0,20,27,1,3,61,3,0,69,47,48,50,72,120
2,0,13,22,1,7,60,15,1,70,35,36,50,85,121
1,0,19,27,0,2,51,20,1,55,46,46,66,75,121
0,0,24,11,1,1,63,20,0,64,35,36,55,84,120
1,0,14,36,0,4,42,23,0,47,50,50,73,70,120
0,0,9,41,0,4,45,21,0,49,50,50,71,70,120
2,0,11,32,0,4,53,18,0,59,43,43,61,77,120
1,0,16,24,0,1,55,19,4,61,40,40,59,80,120
1,0,15,28,5,4,55,13,1,61,43,48,56,74,122
11,0,0,43,0,3,51,12,1,66,43,43,55,78,121
3,0,9,39,1,3,62,4,1,69,48,49,52,73,122
1,0,11,34,22,4,45,6,1,51,45,67,51,57,124
0,0,18,30,7,3,41,21,0,44,48,55,69,65,120
1,0,12,35,0,2,52,19,0,55,47,47,66,74,121
2,0,27,20,0,3,61,8,1,67,47,47,55,75,122
1,0,6,30,1,1,56,24,1,59,36,37,60,83,120
3,0,9,38,1,2,51,17,0,56,47,48,64,73,121
0,0,7,35,0,2,65,12,0,67,42,42,54,79,121
1,0,7,32,0,17,54,9,1,73,39,39,48,82,121
0,0,13,12,0,5,71,23,1,77,25,25,48,100,125
1,0,16,37,1,2,53,12,0,56,53,54,65,68,122
1,0,14,31,0,5,57,14,0,63,45,45,59,77,122
1,0,25,21,0,2,54,17,1,58,46,46,63,75,121
0,0,16,36,1,6,40,21,1,47,52,53,73,68,121
2,0,6,35,0,3,51,22,1,57,41,41,63,79,120
0,0,12,24,1,2,57,22,2,61,36,37,58,83,120
0,0,12,41,1,7,27,32,1,35,53,54,85,67,121
8,0,15,19,0,3,56,20,0,67,34,34,54,87,121
2,0,7,22,0,2,66,21,1,71,29,29,50,92,121
1,0,8,56,1,3,37,16,1,42,64,65,80,58,123
1,0,16,41,0,4,48,10,1,54,57,57,67,64,121
0,0,13,19,1,4,57,30,0,61,32,33,62,91,124
1,0,7,32,0,7,39,34,0,47,39,39,73,81,120
2,0,18,47,0,9,30,14,0,41,65,65,79,55,120
1,0,10,25,33,4,28,20,1,34,35,68,55,54,122
1,0,14,51,0,1,39,15,0,41,65,65,80,56,121
2,0,0,63,1,3,47,7,1,53,63,64,70,60,124
1,0,11,26,1,3,54,26,1,59,37,38,63,85,123
9,0,0,43,0,2,50,16,0,61,43,43,59,77,120
0,0,23,39,1,2,49,8,0,51,62,63,70,59,122
1,0,11,40,0,2,35,32,0,38,51,51,83,70,121
1,0,10,43,0,4,60,5,0,65,53,53,58,70,123
1,0,14,55,0,3,36,14,1,41,69,69,83,55,124
2,0,0,32,5,3,66,12,0,71,32,37,44,83,120
1,0,14,14,0,2,63,18,8,74,28,28,46,92,120
1,0,17,36,0,3,53,13,1,58,53,53,66,71,124
1,0,14,20,1,3,46,38,1,51,34,35,72,89,124
1,0,17,26,1,4,67,5,1,73,43,44,48,78,122
3,0,12,33,1,4,43,27,1,51,45,46,72,78,124
21,0,13,11,3,5,57,12,0,83,24,27,36,95,122
1,0,0,31,0,4,56,24,6,67,31,31,55,91,122
1,0,12,36,23,3,39,9,1,44,48,71,57,53,124
2,0,14,23,0,7,55,19,0,64,37,37,56,83,120
12,0,12,16,15,2,49,14,1,64,28,43,42,78,121
1,0,24,33,1,4,50,12,0,55,57,58,69,67,125
1,0,12,24,1,2,72,8,0,75,36,37,44,83,120
1,0,13,42,1,4,54,9,0,59,55,56,64,68,124
1,0,25,29,1,4,48,12,1,54,54,55,66,66,121
2,0,23,27,1,4,47,17,2,55,50,51,67,72,123
1,0,14,43,0,2,43,18,0,46,57,57,75,64,121
6,0,13,31,3,2,49,11,5,62,44,47,55,73,120
1,0,7,42,0,4,48,18,1,54,49,49,67,72,121
18,0,14,44,0,2,37,6,0,57,58,58,64,63,121
0,0,15,29,1,5,51,20,0,56,44,45,64,76,121
0,0,9,44,0,4,46,19,0,50,53,53,72,69,122
1,0,22,21,0,5,52,24,1,59,43,43,67,83,126
0,0,10,47,0,4,43,16,0,47,57,57,73,63,120
1,0,14,16,0,3,68,18,1,73,30,30,48,91,121
2,0,0,38,0,3,71,7,0,76,38,38,45,83,121
3,0,16,20,0,4,72,7,0,79,36,36,43,86,122
2,0,22,27,0,5,48,18,2,57,49,49,67,75,124
3,0,7,39,1,3,56,13,0,62,46,47,59,75,122
3,0,17,20,1,2,68,10,1,74,37,38,47,84,122
1,0,0,47,0,5,50,16,2,58,47,47,63,74,121
1,0,16,45,1,5,39,15,1,46,61,62,76,61,123
5,0,0,36,1,4,71,5,0,80,36,37,41,85,122
1,0,7,22,1,2,46,43,1,50,29,30,72,93,123
0,0,13,17,2,4,55,32,0,59,30,32,62,91,123
21,0,8,15,0,5,66,8,1,93,23,23,31,101,124
10,0,13,24,1,9,55,8,0,74,37,38,45,82,120
1,0,0,37,18,4,42,18,1,48,37,55,55,66,121
2,0,13,30,1,3,58,13,0,63,43,44,56,76,120
1,0,14,57,0,4,37,9,1,43,71,71,80,52,123
4,0,19,24,0,3,61,10,0,68,43,43,53,78,121
1,0,9,44,0,5,24,42,1,31,53,53,95,73,126
1,0,18,28,1,1,49,23,1,52,46,47,69,75,122
1,0,0,19,0,9,60,32,0,70,19,19,51,102,121
2,0,14,41,0,6,54,8,0,62,55,55,63,70,125
1,0,13,32,0,2,62,9,1,66,45,45,54,75,120
1,0,12,53,1,3,42,9,0,46,65,66,74,55,121
1,0,22,36,5,2,39,14,2,44,58,63,72,58,121
1,0,7,54,0,4,45,11,0,50,61,61,72,61,122
8,0,12,25,0,2,40,33,1,51,37,37,70,84,121
0,0,10,43,1,2,55,12,1,58,53,54,65,70,124
19,0,20,25,8,5,32,16,1,57,45,53,61,73,126
1,0,9,55,1,3,45,7,0,49,64,65,71,56,121
3,0,8,36,4,4,44,20,3,54,44,48,64,74,122
1,0,12,32,0,4,63,11,1,69,44,44,55,80,124
0,0,15,36,1,4,61,7,0,65,51,52,58,72,124
5,0,8,37,0,3,56,11,1,65,45,45,56,76,121
1,0,14,59,0,3,37,8,1,42,73,73,81,50,123
2,0,10,32,1,3,66,7,1,72,42,43,49,79,122
1,0,15,54,0,5,31,17,1,38,69,69,86,55,124
1,0,0,42,1,4,52,23,1,58,42,43,65,81,124
1,0,22,23,0,6,53,16,0,60,45,45,61,76,121
1,0,7,44,1,3,55,11,0,59,51,52,62,70,122
3,0,0,26,0,10,64,17,1,78,26,26,43,95,121
1,0,16,40,1,8,50,5,1,60,56,57,61,65,122
1,0,22,18,1,3,63,15,0,67,40,41,55,82,123
1,0,17,41,0,2,42,18,1,46,58,58,76,64,122
0,0,14,40,8,2,45,12,0,47,54,62,66,59,121
1,0,0,35,1,4,58,24,1,64,35,36,59,88,124
6,0,8,62,0,3,34,7,0,43,70,70,77,50,120
1,0,12,24,0,4,62,18,0,67,36,36,54,85,121
1,0,19,48,0,4,45,6,0,50,67,67,73,56,123
1,0,18,25,0,4,57,18,1,63,43,43,61,81,124
1,0,12,36,6,3,36,29,0,40,48,54,77,69,123
1,0,11,28,1,5,66,13,1,73,39,40,52,86,126
2,0,11,55,0,2,47,4,1,52,66,66,70,56,122
1,0,21,47,0,3,24,26,0,28,68,68,94,54,122
5,0,10,29,1,10,60,6,1,76,39,40,45,82,122
1,0,18,44,0,4,46,11,0,51,62,62,73,62,124
8,0,22,29,1,2,50,9,1,61,51,52,60,70,122
1,0,29,17,0,5,62,8,0,68,46,46,54,76,122
1,0,12,15,6,2,66,20,1,70,27,33,47,90,123
1,0,20,34,0,4,44,16,2,51,54,54,70,67,121
5,0,23,25,1,2,55,11,1,63,48,49,59,74,123
2,0,12,22,1,5,61,22,1,69,34,35,56,91,126
0,0,11,24,1,4,62,21,1,67,35,36,56,88,124
0,0,6,24,0,7,66,5,12,85,30,30,35,90,120
5,0,13,45,1,2,44,12,1,52,58,59,70,64,123
8,0,17,35,0,4,46,9,1,59,52,52,61,68,120
1,0,6,48,0,3,49,11,2,55,54,54,65,66,120
1,0,27,33,0,5,44,12,1,51,60,60,72,63,123
0,0,7,32,0,5,71,7,1,77,39,39,46,84,123
2,0,0,46,1,3,51,15,2,58,46,47,61,73,120
1,0,18,41,1,3,41,17,1,46,59,60,76,63,123
1,0,13,25,10,3,49,21,0,53,38,48,59,74,122
1,0,58,16,1,4,29,15,0,34,74,75,89,49,124
1,0,33,30,1,5,44,12,1,51,63,64,75,63,127
1,0,0,39,0,5,63,17,0,69,39,39,56,86,125
1,0,41,26,8,2,34,9,1,38,67,75,76,47,122
0,0,10,39,0,4,52,15,1,57,49,49,64,72,121
5,0,15,27,0,5,35,38,1,46,42,42,80,84,126
0,11,15,18,1,3,53,19,1,68,33,34,52,87,121
1,0,18,15,1,4,60,24,0,65,33,34,57,89,123
1,0,14,21,1,4,61,21,0,66,35,36,56,87,123
0,0,12,34,0,2,47,25,0,49,46,46,71,74,120
0,0,12,29,0,3,67,9,0,70,41,41,50,79,120
1,0,14,22,0,5,72,10,1,79,36,36,46,89,125
0,0,9,46,1,3,42,19,0,45,55,56,74,64,120
3,0,25,25,1,3,45,18,1,52,50,51,68,70,121
1,0,12,44,0,3,56,6,1,61,56,56,62,67,123
0,0,28,20,1,3,65,4,1,69,48,49,52,73,122
5,0,12,36,0,2,51,14,0,58,48,48,62,72,120
1,0,13,28,10,2,28,39,0,31,41,51,80,70,121
0,0,6,35,0,2,46,31,0,48,41,41,72,79,120
1,0,20,37,0,4,41,19,1,47,57,57,76,66,123
1,0,16,23,1,6,70,4,1,78,39,40,43,82,122
1,0,23,14,0,4,56,25,0,61,37,37,62,86,123
3,0,14,39,0,5,50,13,0,58,53,53,66,71,124
1,0,15,34,0,3,56,14,0,60,49,49,63,74,123
0,6,11,33,0,2,52,18,0,60,44,44,62,78,122
0,0,0,45,1,3,46,26,0,49,45,46,71,75,121
3,0,0,25,1,4,71,17,0,78,25,26,42,95,121
2,0,29,23,1,1,51,11,3,57,52,53,63,68,121
1,0,20,17,17,5,42,18,0,48,37,54,55,66,120
9,0,0,35,1,1,56,19,0,66,35,36,54,85,121
1,0,11,25,0,4,59,20,1,65,36,36,56,85,121
2,0,19,25,1,3,46,27,1,52,44,45,71,79,124
4,0,9,35,1,3,50,19,0,57,44,45,63,76,121
10,0,22,31,0,9,40,7,1,60,53,53,60,67,120
6,0,14,28,1,2,50,18,1,59,42,43,60,77,120
1,0,8,47,17,3,42,3,0,46,55,72,58,49,121
0,0,9,29,0,4,48,33,0,52,38,38,71,85,123
5,0,6,38,3,9,49,10,1,64,44,47,54,74,121
1,0,7,33,1,4,60,16,1,66,40,41,56,82,123
3,0,8,51,0,4,45,9,1,53,59,59,68,62,121
1,0,9,34,0,2,71,4,0,74,43,43,47,78,121
7,0,12,27,7,6,55,9,1,69,39,46,48,78,124
1,0,17,22,1,4,59,21,1,65,39,40,60,86,126
1,0,11,19,0,4,73,14,0,78,30,30,44,92,122
4,0,11,34,5,5,38,26,0,47,45,50,71,73,123
7,0,8,24,0,2,70,11,1,80,32,32,43,91,123
6,0,18,25,1,3,49,16,3,61,43,44,59,77,121
2,0,10,37,0,2,59,12,0,63,47,47,59,75,122
2,0,20,36,1,3,45,15,1,51,56,57,71,66,123
22,0,10,6,1,0,59,22,1,82,16,17,38,104,121
1,0,7,35,1,15,29,30,4,49,42,43,72,79,122
1,0,10,43,1,4,47,17,0,52,53,54,70,69,123
1,0,15,25,14,4,51,11,0,56,40,54,51,67,121
3,0,13,31,3,2,36,27,6,47,44,47,71,74,121
3,0,16,29,1,1,48,16,7,59,45,46,61,75,121
1,0,9,43,0,3,51,14,1,56,52,52,66,70,122
9,0,17,26,0,3,57,9,0,69,43,43,52,78,121
1,0,11,26,11,8,46,18,0,55,37,48,55,73,121
7,0,0,35,5,1,65,6,1,74,35,40,41,80,120
1,0,7,39,5,4,57,12,0,62,46,51,58,74,125
5,0,6,25,1,7,56,21,1,69,31,32,52,90,122
5,0,10,30,6,5,38,24,2,50,40,46,64,74,120
1,0,15,32,0,3,52,20,1,57,47,47,67,77,124
1,0,17,26,1,4,71,4,1,77,43,44,47,81,125
8,0,0,49,0,4,38,24,0,50,49,49,73,74,123
0,0,22,37,1,4,52,8,0,56,59,60,67,64,124
1,0,20,38,1,0,47,15,0,48,58,59,73,63,122
30,0,8,30,9,5,38,4,1,74,38,47,42,78,125
31,0,17,29,1,2,29,10,1,63,46,47,56,73,120
1,0,10,16,1,4,51,40,2,58,26,27,66,98,125
1,0,20,40,0,2,44,13,1,48,60,60,73,61,121
1,0,10,28,0,15,57,10,0,73,38,38,48,83,121
0,0,32,35,0,4,25,26,1,30,67,67,93,56,123
2,0,9,47,0,4,53,5,1,60,56,56,61,65,121
2,0,23,43,0,4,36,13,2,44,66,66,79,57,123
2,0,10,49,1,5,41,13,1,49,59,60,72,62,122
2,0,10,36,1,3,52,17,1,58,46,47,63,75,122
1,0,10,29,0,4,66,14,0,71,39,39,53,85,124
1,0,0,29,1,3,72,16,0,76,29,30,45,92,122
1,0,28,14,1,9,48,19,1,59,42,43,61,78,121
1,0,10,28,0,6,29,46,1,37,38,38,84,83,121
2,0,17,14,0,0,57,30,1,60,31,31,61,90,121
0,0,16,29,0,2,71,4,0,73,45,45,49,77,122
1,0,20,33,5,4,44,13,2,51,53,58,66,64,122
3,0,11,27,2,5,56,20,1,65,38,40,58,85,125
4,0,10,33,0,2,48,22,1,55,43,43,65,77,120
