"ACT","Conservative","Green","Labour","Mana","Maori","National","NZ_First","United Future","NatCoal","LabGreen","LabGreenMana","LabGreenNZFirst","NatCoalNZFirst","Total"
1,7,12,37,0,3,48,12,0,59,49,49,61,71,120
1,0,12,35,0,3,58,11,1,63,47,47,58,74,121
1,0,12,37,0,3,52,16,1,57,49,49,65,73,122
0,0,11,36,0,4,52,18,1,57,47,47,65,75,122
1,0,15,33,1,4,55,12,1,61,48,49,60,73,122
0,0,11,35,0,2,64,8,1,67,46,46,54,75,121
1,0,11,39,1,4,45,20,1,51,50,51,70,71,122
1,0,15,35,1,4,50,15,0,55,50,51,65,70,121
1,0,13,38,0,3,51,15,1,56,51,51,66,71,122
1,0,13,39,1,5,51,14,1,58,52,53,66,72,125
1,0,12,37,0,2,48,21,0,51,49,49,70,72,121
1,0,11,36,1,2,54,16,0,57,47,48,63,73,121
1,0,11,40,0,2,50,18,1,54,51,51,69,72,123
1,0,11,34,1,4,57,13,1,63,45,46,58,76,122
1,0,14,39,0,3,47,16,0,51,53,53,69,67,120
1,0,16,32,2,3,55,12,1,60,48,50,60,72,122
1,0,12,33,0,4,50,23,0,55,45,45,68,78,123
1,0,12,36,1,6,51,13,1,59,48,49,61,72,121
0,0,10,35,1,2,59,15,1,62,45,46,60,77,123
0,0,11,39,0,4,47,20,0,51,50,50,70,71,121
1,0,11,37,1,3,48,20,0,52,48,49,68,72,121
2,0,14,37,0,3,58,7,0,63,51,51,58,70,121
1,0,13,39,1,4,51,12,0,56,52,53,64,68,121
1,0,11,38,1,3,59,9,1,64,49,50,58,73,123
0,0,15,36,0,4,54,12,1,59,51,51,63,71,122
1,0,12,38,1,3,54,12,1,59,50,51,62,71,122
0,0,9,39,0,3,54,16,1,58,48,48,64,74,122
1,0,13,37,1,3,56,11,1,61,50,51,61,72,123
1,0,13,37,1,2,51,17,1,55,50,51,67,72,123
4,0,14,35,0,3,57,7,0,64,49,49,56,71,120
0,0,11,41,1,2,48,18,0,50,52,53,70,68,121
1,0,13,40,0,3,47,17,1,52,53,53,70,69,122
0,0,12,36,0,4,55,15,0,59,48,48,63,74,122
1,0,13,35,1,2,57,12,0,60,48,49,60,72,121
1,0,14,35,0,3,58,10,0,62,49,49,59,72,121
1,0,12,37,0,3,57,11,1,62,49,49,60,73,122
1,0,11,42,0,2,51,13,1,55,53,53,66,68,121
1,0,17,39,0,4,49,10,1,55,56,56,66,65,121
1,0,12,36,1,3,56,13,0,60,48,49,61,73,122
0,0,12,40,1,5,49,14,1,55,52,53,66,69,122
1,0,10,41,0,1,50,17,0,52,51,51,68,69,120
2,0,10,38,1,4,54,14,1,61,48,49,62,75,124
1,0,8,44,0,3,51,13,1,56,52,52,65,69,121
1,0,13,34,0,3,56,13,1,61,47,47,60,74,121
1,0,12,39,1,3,51,14,1,56,51,52,65,70,122
4,0,13,43,0,3,46,11,1,54,56,56,67,65,121
1,0,12,34,0,4,61,11,1,67,46,46,57,78,124
1,0,16,36,0,3,54,12,1,59,52,52,64,71,123
2,0,14,35,1,6,50,13,1,59,49,50,62,72,122
1,0,13,38,0,4,45,21,1,51,51,51,72,72,123
0,0,13,35,1,3,52,18,1,56,48,49,66,74,123
0,0,11,42,0,3,54,12,1,58,53,53,65,70,123
1,0,13,37,0,6,52,15,1,60,50,50,65,75,125
1,0,16,41,1,5,44,14,1,51,57,58,71,65,123
0,0,11,34,1,3,57,17,0,60,45,46,62,77,123
1,0,14,35,1,4,53,16,1,59,49,50,65,75,125
1,0,12,43,0,6,46,16,0,53,55,55,71,69,124
1,0,12,37,0,4,53,15,1,59,49,49,64,74,123
1,0,11,36,1,5,56,14,1,63,47,48,61,77,125
1,0,12,29,1,5,61,12,0,67,41,42,53,79,121
0,0,10,38,0,2,54,17,0,56,48,48,65,73,121
1,0,14,38,1,2,45,20,1,49,52,53,72,69,122
2,0,12,39,1,4,53,11,0,59,51,52,62,70,122
1,0,12,36,1,4,48,19,2,55,48,49,67,74,123
1,0,11,37,1,5,58,10,1,65,48,49,58,75,124
0,0,12,39,1,3,53,13,1,57,51,52,64,70,122
1,0,15,38,1,4,51,12,0,56,53,54,65,68,122
1,0,13,37,0,4,50,15,0,55,50,50,65,70,120
1,0,13,38,1,4,56,11,1,62,51,52,62,73,125
0,0,12,37,1,4,53,16,1,58,49,50,65,74,124
1,0,13,43,0,5,49,13,1,56,56,56,69,69,125
1,0,12,37,1,2,60,9,0,63,49,50,58,72,122
1,0,13,35,1,3,54,16,0,58,48,49,64,74,123
1,0,14,38,0,4,51,16,0,56,52,52,68,72,124
1,0,12,37,0,3,52,15,1,57,49,49,64,72,121
1,0,14,37,1,3,56,9,1,61,51,52,60,70,122
6,6,10,35,0,4,51,11,1,68,45,45,56,79,124
1,0,12,40,1,2,52,14,0,55,52,53,66,69,122
2,0,11,39,1,4,57,9,0,63,50,51,59,72,123
1,0,11,40,1,3,47,20,0,51,51,52,71,71,123
1,0,13,34,1,4,50,21,1,56,47,48,68,77,125
0,0,12,40,0,3,56,10,0,59,52,52,62,69,121
2,0,11,37,1,3,55,11,1,61,48,49,59,72,121
1,0,10,37,1,5,57,13,1,64,47,48,60,77,125
1,0,13,34,1,5,55,14,1,62,47,48,61,76,124
4,0,10,34,0,4,55,13,0,63,44,44,57,76,120
1,0,12,36,1,3,54,15,1,59,48,49,63,74,123
2,0,12,35,0,3,53,15,1,59,47,47,62,74,121
1,0,14,39,1,3,52,13,1,57,53,54,66,70,124
1,0,10,37,0,3,52,19,1,57,47,47,66,76,123
2,0,12,39,1,2,47,19,1,52,51,52,70,71,123
2,0,14,36,0,3,52,13,1,58,50,50,63,71,121
1,0,13,38,1,4,52,13,1,58,51,52,64,71,123
1,0,11,38,1,3,50,17,1,55,49,50,66,72,122
1,0,14,37,1,0,53,16,0,54,51,52,67,70,122
3,0,13,37,1,3,57,9,0,63,50,51,59,72,123
1,0,11,33,0,2,55,18,0,58,44,44,62,76,120
1,0,14,34,0,4,53,16,0,58,48,48,64,74,122
0,0,12,40,0,3,52,12,1,56,52,52,64,68,120
1,0,12,36,0,4,55,13,1,61,48,48,61,74,122
1,0,10,36,0,5,51,19,1,58,46,46,65,77,123
0,0,13,32,0,4,60,11,0,64,45,45,56,75,120
1,0,12,34,1,3,55,18,0,59,46,47,64,77,124
0,0,10,41,0,3,54,12,1,58,51,51,63,70,121
1,0,13,36,0,0,55,14,1,57,49,49,63,71,120
1,0,12,40,0,3,53,13,1,58,52,52,65,71,123
0,0,11,35,1,2,50,22,1,53,46,47,68,75,122
0,0,13,38,0,4,56,10,1,61,51,51,61,71,122
2,0,9,40,0,5,54,13,0,61,49,49,62,74,123
1,0,11,40,0,1,49,19,1,52,51,51,70,71,122
2,0,11,35,0,6,54,12,0,62,46,46,58,74,120
1,0,14,35,0,3,53,14,1,58,49,49,63,72,121
1,0,13,38,0,2,56,11,0,59,51,51,62,70,121
1,0,12,38,1,4,53,14,0,58,50,51,64,72,123
2,0,11,35,1,3,55,15,0,60,46,47,61,75,122
2,0,12,35,1,3,53,16,0,58,47,48,63,74,122
1,0,11,40,1,2,50,17,0,53,51,52,68,70,122
1,0,15,36,1,3,53,13,1,58,51,52,64,71,123
1,0,12,38,0,3,53,13,1,58,50,50,63,71,121
1,0,12,36,1,2,49,21,0,52,48,49,69,73,122
1,0,11,32,1,2,59,15,1,63,43,44,58,78,122
1,0,12,40,0,3,50,15,0,54,52,52,67,69,121
1,0,10,38,1,4,54,14,0,59,48,49,62,73,122
1,0,13,35,1,3,58,11,1,63,48,49,59,74,123
2,0,11,42,1,4,50,13,1,57,53,54,66,70,124
2,0,12,32,1,3,59,13,1,65,44,45,57,78,123
1,0,9,35,0,3,57,15,1,62,44,44,59,77,121
1,0,10,39,0,3,54,15,0,58,49,49,64,73,122
1,0,11,40,1,3,48,18,1,53,51,52,69,71,123
0,0,12,37,0,4,55,13,1,60,49,49,62,73,122
1,0,12,38,0,3,53,15,0,57,50,50,65,72,122
0,0,11,34,1,3,61,11,1,65,45,46,56,76,122
1,0,11,41,1,3,51,14,1,56,52,53,66,70,123
2,0,12,37,0,3,53,13,1,59,49,49,62,72,121
1,0,11,36,0,4,49,19,1,55,47,47,66,74,121
1,0,15,35,0,2,52,17,0,55,50,50,67,72,122
1,0,12,34,0,4,62,8,0,67,46,46,54,75,121
1,0,11,40,1,3,53,13,1,58,51,52,64,71,123
1,0,12,37,2,3,58,7,1,63,49,51,56,70,121
1,0,11,41,1,1,44,21,1,47,52,53,73,68,121
3,0,13,37,0,3,51,14,1,58,50,50,64,72,122
1,0,15,36,1,2,52,14,0,55,51,52,65,69,121
1,0,13,35,0,4,60,8,0,65,48,48,56,73,121
0,0,12,36,1,4,50,20,1,55,48,49,68,75,124
3,0,12,35,1,2,52,16,0,57,47,48,63,73,121
2,0,13,32,0,3,59,11,0,64,45,45,56,75,120
1,0,11,43,0,4,50,12,0,55,54,54,66,67,121
3,0,11,30,1,2,65,9,0,70,41,42,50,79,121
0,0,13,34,1,2,59,13,1,62,47,48,60,75,123
0,0,15,40,0,3,46,16,0,49,55,55,71,65,120
0,0,13,36,1,3,49,20,0,52,49,50,69,72,122
2,0,12,33,0,5,56,12,1,64,45,45,57,76,121
0,0,13,34,0,3,49,21,0,52,47,47,68,73,120
1,0,12,37,0,4,55,13,1,61,49,49,62,74,123
1,0,12,32,0,4,55,18,1,61,44,44,62,79,123
1,0,11,33,0,3,60,12,0,64,44,44,56,76,120
1,0,10,41,0,4,53,13,1,59,51,51,64,72,123
1,0,14,35,0,3,50,18,1,55,49,49,67,73,122
1,0,13,33,1,2,51,22,1,55,46,47,68,77,124
0,0,14,35,1,4,51,17,1,56,49,50,66,73,123
1,0,14,34,1,4,58,11,1,64,48,49,59,75,124
0,0,14,41,0,4,46,16,0,50,55,55,71,66,121
3,0,12,32,1,4,54,17,0,61,44,45,61,78,123
1,0,15,35,2,2,54,11,1,58,50,52,61,69,121
2,0,13,36,1,4,57,10,1,64,49,50,59,74,124
1,0,13,45,0,0,46,16,0,47,58,58,74,63,121
0,0,9,40,1,5,50,18,1,56,49,50,67,74,124
1,0,11,37,0,4,58,12,1,64,48,48,60,76,124
1,0,9,37,0,2,57,14,0,60,46,46,60,74,120
1,0,10,37,0,4,55,16,1,61,47,47,63,77,124
1,0,14,36,1,3,53,14,1,58,50,51,64,72,123
1,0,9,35,0,4,54,18,1,60,44,44,62,78,122
1,0,14,41,0,2,45,17,0,48,55,55,72,65,120
1,0,11,41,0,1,53,14,1,56,52,52,66,70,122
0,0,10,39,1,3,53,16,1,57,49,50,65,73,123
1,0,13,35,0,3,54,15,1,59,48,48,63,74,122
1,0,13,39,1,2,54,12,0,57,52,53,64,69,122
0,0,12,39,1,3,54,12,0,57,51,52,63,69,121
1,0,12,42,1,3,45,18,1,50,54,55,72,68,123
2,0,11,36,0,3,59,10,1,65,47,47,57,75,122
1,0,14,40,0,1,48,16,0,50,54,54,70,66,120
1,0,10,43,1,2,52,14,1,56,53,54,67,70,124
1,0,11,36,0,3,55,16,1,60,47,47,63,76,123
1,0,13,39,1,3,50,15,1,55,52,53,67,70,123
1,0,13,41,1,4,48,15,1,54,54,55,69,69,124
2,0,13,36,0,2,55,12,1,60,49,49,61,72,121
1,0,11,41,0,3,56,9,1,61,52,52,61,70,122
1,0,14,36,1,2,51,17,1,55,50,51,67,72,123
0,0,13,37,1,4,52,14,1,57,50,51,64,71,122
1,0,10,37,0,2,50,19,1,54,47,47,66,73,120
1,0,14,37,1,4,44,22,0,49,51,52,73,71,123
1,0,12,36,0,4,61,8,1,67,48,48,56,75,123
1,0,12,35,1,3,52,17,0,56,47,48,64,73,121
1,0,12,36,0,4,46,21,1,52,48,48,69,73,121
1,0,11,36,0,3,55,12,2,61,47,47,59,73,120
0,0,11,33,1,3,55,19,1,59,44,45,63,78,123
0,0,12,39,1,2,53,14,0,55,51,52,65,69,121
1,0,13,35,1,2,52,17,1,56,48,49,65,73,122
1,0,15,35,1,4,53,14,1,59,50,51,64,73,124
1,0,12,36,1,5,54,11,1,61,48,49,59,72,121
1,0,12,36,1,4,58,9,1,64,48,49,57,73,122
1,0,13,34,1,3,57,13,1,62,47,48,60,75,123
1,0,11,42,1,2,45,19,1,49,53,54,72,68,122
1,0,14,35,0,3,46,24,0,50,49,49,73,74,123
0,0,13,39,0,3,51,14,1,55,52,52,66,69,121
1,0,12,38,1,3,56,11,1,61,50,51,61,72,123
1,0,11,38,0,2,46,23,0,49,49,49,72,72,121
1,0,15,36,0,4,51,17,1,57,51,51,68,74,125
1,0,13,34,1,3,62,8,1,67,47,48,55,75,123
1,0,11,38,0,3,54,16,0,58,49,49,65,74,123
1,0,14,34,1,4,61,9,1,67,48,49,57,76,125
1,0,13,40,1,3,52,11,1,57,53,54,64,68,122
1,0,13,35,1,5,56,14,1,63,48,49,62,77,126
1,0,12,31,1,3,60,14,1,65,43,44,57,79,123
1,0,11,36,1,5,52,15,1,59,47,48,62,74,122
3,0,11,33,1,3,62,8,0,68,44,45,52,76,121
1,0,12,36,0,5,50,17,0,56,48,48,65,73,121
1,0,12,41,1,2,56,9,0,59,53,54,62,68,122
1,0,14,32,1,2,55,17,1,59,46,47,63,76,123
1,0,11,40,0,4,45,20,1,51,51,51,71,71,122
0,8,14,34,0,5,48,12,1,62,48,48,60,74,122
1,0,13,35,1,3,51,18,1,56,48,49,66,74,123
1,0,13,37,0,2,57,11,0,60,50,50,61,71,121
1,0,12,34,1,5,56,15,1,63,46,47,61,78,125
0,0,10,38,0,4,47,22,1,52,48,48,70,74,122
2,0,13,38,0,2,54,11,1,59,51,51,62,70,121
1,0,10,42,0,1,55,11,0,57,52,52,63,68,120
1,0,9,39,0,5,55,12,1,62,48,48,60,74,122
1,0,13,37,0,4,54,14,1,60,50,50,64,74,124
1,0,13,34,0,3,51,17,1,56,47,47,64,73,120
1,0,11,38,1,5,52,13,1,59,49,50,62,72,122
1,0,14,39,1,3,49,15,0,53,53,54,68,68,122
1,0,13,33,1,3,57,14,0,61,46,47,60,75,122
1,0,13,37,1,3,47,21,0,51,50,51,71,72,123
0,0,11,38,1,3,51,18,0,54,49,50,67,72,122
3,0,13,36,1,4,52,13,0,59,49,50,62,72,122
1,0,14,41,0,3,49,13,0,53,55,55,68,66,121
1,0,13,35,1,2,54,15,0,57,48,49,63,72,121
2,0,12,39,0,2,52,13,1,57,51,51,64,70,121
0,0,12,40,0,2,53,13,0,55,52,52,65,68,120
1,0,12,37,0,2,56,14,1,60,49,49,63,74,123
2,0,11,35,1,3,53,18,0,58,46,47,64,76,123
0,0,11,39,0,4,50,17,0,54,50,50,67,71,121
0,0,11,38,1,5,50,19,0,55,49,50,68,74,124
1,0,12,29,0,4,62,12,1,68,41,41,53,80,121
1,0,15,35,1,4,57,11,1,63,50,51,61,74,125
0,0,14,34,0,4,61,9,1,66,48,48,57,75,123
2,0,14,35,0,4,54,11,0,60,49,49,60,71,120
0,0,11,39,0,3,57,12,1,61,50,50,62,73,123
1,0,12,40,0,3,50,14,1,55,52,52,66,69,121
0,0,13,41,0,3,47,17,1,51,54,54,71,68,122
1,0,10,44,1,4,51,11,1,57,54,55,65,68,123
1,0,14,36,0,4,45,24,1,51,50,50,74,75,125
0,0,11,34,0,4,56,15,0,60,45,45,60,75,120
1,0,12,34,1,2,54,18,1,58,46,47,64,76,123
1,0,12,37,0,3,51,16,0,55,49,49,65,71,120
1,0,14,35,0,5,56,9,1,63,49,49,58,72,121
0,0,11,35,1,3,49,22,1,53,46,47,68,75,122
1,0,13,35,1,4,55,16,1,61,48,49,64,77,126
1,0,11,37,0,3,52,17,0,56,48,48,65,73,121
1,0,11,40,1,3,50,16,1,55,51,52,67,71,123
1,0,12,39,1,6,51,16,0,58,51,52,67,74,126
0,0,11,39,1,4,59,8,1,64,50,51,58,72,123
1,0,15,34,0,5,49,21,0,55,49,49,70,76,125
1,0,11,40,1,3,46,22,1,51,51,52,73,73,125
1,0,12,33,0,3,60,12,0,64,45,45,57,76,121
0,0,14,40,1,2,51,14,1,54,54,55,68,68,123
0,0,12,37,0,4,54,15,1,59,49,49,64,74,123
1,0,13,35,1,3,59,9,0,63,48,49,57,72,121
1,0,14,35,1,0,62,9,1,64,49,50,58,73,123
1,0,17,34,0,4,54,12,1,60,51,51,63,72,123
1,0,13,36,1,2,53,16,1,57,49,50,65,73,123
1,0,13,37,0,4,51,14,0,56,50,50,64,70,120
4,0,10,39,0,3,44,21,0,51,49,49,70,72,121
1,0,14,36,0,4,45,23,0,50,50,50,73,73,123
1,0,13,36,1,5,52,17,0,58,49,50,66,75,125
0,0,13,41,1,3,53,10,1,57,54,55,64,67,122
0,0,16,38,0,3,51,12,1,55,54,54,66,67,121
1,0,14,35,1,3,52,16,0,56,49,50,65,72,122
1,0,11,38,1,4,58,12,1,64,49,50,61,76,126
1,0,10,35,1,3,54,19,0,58,45,46,64,77,123
1,0,11,39,1,3,54,14,1,59,50,51,64,73,124
1,0,11,36,0,4,57,14,0,62,47,47,61,76,123
1,8,12,34,0,5,54,8,1,69,46,46,54,77,123
1,0,11,36,0,5,49,19,1,56,47,47,66,75,122
0,0,13,36,0,4,61,8,1,66,49,49,57,74,123
1,0,12,35,0,4,54,17,0,59,47,47,64,76,123
1,0,13,40,1,4,58,6,0,63,53,54,59,69,123
1,0,9,41,1,4,48,18,0,53,50,51,68,71,122
2,0,11,41,1,2,55,10,1,60,52,53,62,70,123
1,0,11,42,1,5,52,12,1,59,53,54,65,71,125
0,0,11,42,0,5,50,12,0,55,53,53,65,67,120
0,0,13,37,1,4,53,16,0,57,50,51,66,73,124
1,0,13,35,1,3,49,21,1,54,48,49,69,75,124
1,0,14,39,0,3,46,19,1,51,53,53,72,70,123
1,0,13,34,1,3,61,8,1,66,47,48,55,74,122
1,0,14,38,2,2,54,10,0,57,52,54,62,67,121
1,0,10,37,1,2,45,25,0,48,47,48,72,73,121
0,0,11,36,1,4,59,11,0,63,47,48,58,74,122
1,0,12,39,1,4,51,14,1,57,51,52,65,71,123
1,0,12,32,1,3,57,16,0,61,44,45,60,77,122
1,0,12,37,1,4,55,13,0,60,49,50,62,73,123
1,0,13,39,1,4,53,11,1,59,52,53,63,70,123
3,0,10,42,0,4,49,12,0,56,52,52,64,68,120
2,0,9,41,0,3,57,9,1,63,50,50,59,72,122
1,0,14,37,1,3,52,14,0,56,51,52,65,70,122
1,0,12,36,0,4,52,17,1,58,48,48,65,75,123
1,0,11,42,1,3,50,13,1,55,53,54,66,68,122
1,0,16,36,0,2,42,24,1,46,52,52,76,70,122
1,0,11,35,0,5,60,12,1,67,46,46,58,79,125
1,0,12,33,0,3,60,12,1,65,45,45,57,77,122
0,0,13,37,0,3,50,17,1,54,50,50,67,71,121
1,0,13,36,1,4,59,8,0,64,49,50,57,72,122
1,0,14,35,1,2,55,14,0,58,49,50,63,72,122
1,0,13,37,0,4,53,14,1,59,50,50,64,73,123
0,0,12,36,0,5,56,11,0,61,48,48,59,72,120
1,6,11,34,1,3,57,9,0,67,45,46,54,76,122
1,0,13,40,0,4,51,13,0,56,53,53,66,69,122
0,0,11,34,1,4,62,11,0,66,45,46,56,77,123
1,0,11,36,0,6,55,15,0,62,47,47,62,77,124
1,0,14,36,0,6,47,17,1,55,50,50,67,72,122
3,0,10,37,1,2,60,9,1,66,47,48,56,75,123
1,0,13,42,1,3,47,15,0,51,55,56,70,66,122
1,0,15,36,1,3,54,12,0,58,51,52,63,70,122
0,0,12,40,0,0,58,10,1,59,52,52,62,69,121
2,0,14,34,1,3,57,10,0,62,48,49,58,72,121
1,0,10,39,0,4,45,23,1,51,49,49,72,74,123
4,0,9,33,1,3,56,15,1,64,42,43,57,79,122
1,0,13,36,1,4,55,15,0,60,49,50,64,75,125
1,0,14,36,1,5,55,12,0,61,50,51,62,73,124
0,0,15,35,0,4,51,16,0,55,50,50,66,71,121
0,0,12,36,1,3,53,15,1,57,48,49,63,72,121
1,0,8,41,1,4,50,18,1,56,49,50,67,74,124
1,0,12,37,0,2,52,16,0,55,49,49,65,71,120
1,0,12,34,1,3,59,13,0,63,46,47,59,76,123
0,0,11,33,0,2,53,22,0,55,44,44,66,77,121
1,0,15,31,0,4,52,19,1,58,46,46,65,77,123
1,0,13,34,0,2,53,17,1,57,47,47,64,74,121
1,0,13,38,1,3,54,11,1,59,51,52,62,70,122
1,0,14,38,0,3,57,8,1,62,52,52,60,70,122
1,0,12,36,0,3,57,12,1,62,48,48,60,74,122
0,0,11,38,1,3,59,9,0,62,49,50,58,71,121
1,0,13,42,1,1,49,14,1,52,55,56,69,66,122
2,0,13,40,1,2,48,16,1,53,53,54,69,69,123
1,0,12,41,0,4,45,19,0,50,53,53,72,69,122
0,0,13,40,0,6,44,18,1,51,53,53,71,69,122
1,0,11,41,1,1,47,19,1,50,52,53,71,69,122
1,0,12,36,0,2,47,22,1,51,48,48,70,73,121
1,0,12,39,0,3,49,19,0,53,51,51,70,72,123
1,0,12,40,1,3,47,18,1,52,52,53,70,70,123
1,0,11,38,1,4,51,17,0,56,49,50,66,73,123
1,0,14,35,0,2,45,20,4,52,49,49,69,72,121
0,0,14,39,0,4,52,12,0,56,53,53,65,68,121
3,0,12,33,0,5,57,13,1,66,45,45,58,79,124
1,0,12,36,0,2,59,11,1,63,48,48,59,74,122
11,0,10,33,0,3,50,14,1,65,43,43,57,79,122
1,0,13,32,1,3,57,17,1,62,45,46,62,79,125
1,0,11,38,0,3,59,10,0,63,49,49,59,73,122
1,0,11,38,0,3,51,16,1,56,49,49,65,72,121
1,0,13,37,0,2,57,12,1,61,50,50,62,73,123
0,0,17,32,0,3,55,12,1,59,49,49,61,71,120
1,0,10,38,1,4,57,13,0,62,48,49,61,75,124
0,0,14,31,1,5,59,11,1,65,45,46,56,76,122
1,0,12,34,1,5,62,8,1,69,46,47,54,77,124
1,0,15,38,0,4,49,15,1,55,53,53,68,70,123
1,0,13,37,0,4,55,14,0,60,50,50,64,74,124
1,0,11,36,1,4,52,17,1,58,47,48,64,75,123
1,0,14,40,1,3,49,13,1,54,54,55,67,67,122
1,0,15,37,1,5,47,16,0,53,52,53,68,69,122
1,0,13,37,0,4,51,16,1,57,50,50,66,73,123
1,0,11,38,0,2,53,15,0,56,49,49,64,71,120
1,0,10,42,0,3,46,17,1,51,52,52,69,68,120
1,0,13,36,1,3,54,14,1,59,49,50,63,73,123
1,0,13,38,1,2,62,6,1,66,51,52,57,72,124
0,0,12,40,0,5,52,12,0,57,52,52,64,69,121
1,0,13,36,0,5,48,17,1,55,49,49,66,72,121
1,0,15,36,1,3,47,19,1,52,51,52,70,71,123
1,0,14,38,0,3,51,15,1,56,52,52,67,71,123
1,0,13,36,1,4,47,21,0,52,49,50,70,73,123
1,0,11,38,1,3,52,16,0,56,49,50,65,72,122
1,0,14,34,0,4,58,9,0,63,48,48,57,72,120
1,0,12,38,0,4,53,14,1,59,50,50,64,73,123
2,0,12,35,1,3,56,11,1,62,47,48,58,73,121
3,0,16,37,1,5,53,9,0,61,53,54,62,70,124
1,0,13,36,0,3,53,16,0,57,49,49,65,73,122
1,0,12,42,1,2,49,14,0,52,54,55,68,66,121
1,0,12,37,0,2,59,9,0,62,49,49,58,71,120
0,0,8,43,1,3,52,16,0,55,51,52,67,71,123
2,0,11,39,1,3,57,9,0,62,50,51,59,71,122
1,0,12,37,1,3,54,14,1,59,49,50,63,73,123
1,0,12,40,1,5,50,13,1,57,52,53,65,70,123
1,0,11,36,1,3,61,8,1,66,47,48,55,74,122
2,0,12,33,1,3,64,7,1,70,45,46,52,77,123
1,0,14,35,1,4,57,8,1,63,49,50,57,71,121
1,0,10,38,1,0,55,17,0,56,48,49,65,73,122
2,0,13,36,0,2,49,18,0,53,49,49,67,71,120
0,0,13,35,1,4,54,16,1,59,48,49,64,75,124
1,0,15,34,2,3,55,10,1,60,49,51,59,70,121
1,0,11,43,1,3,49,15,0,53,54,55,69,68,123
0,0,11,37,1,3,53,17,1,57,48,49,65,74,123
1,0,14,38,1,4,48,16,0,53,52,53,68,69,122
0,0,10,44,0,3,41,22,0,44,54,54,76,66,120
1,0,12,38,1,2,54,12,1,58,50,51,62,70,121
1,0,13,41,1,3,56,7,0,60,54,55,61,67,122
1,0,12,35,0,5,54,16,1,61,47,47,63,77,124
1,0,13,35,0,3,47,17,5,56,48,48,65,73,121
1,0,11,38,0,4,54,12,0,59,49,49,61,71,120
1,0,13,35,0,3,55,14,0,59,48,48,62,73,121
1,0,12,36,1,2,59,9,1,63,48,49,57,72,121
5,0,11,35,1,3,52,15,1,61,46,47,61,76,123
2,0,12,37,1,4,57,8,0,63,49,50,57,71,121
1,0,14,36,1,2,56,12,1,60,50,51,62,72,123
0,0,12,37,1,5,56,13,1,62,49,50,62,75,125
3,0,11,34,0,5,55,13,1,64,45,45,58,77,122
1,0,11,38,1,3,55,12,1,60,49,50,61,72,122
1,0,10,40,1,2,42,23,2,47,50,51,73,70,121
1,0,12,43,0,4,43,17,0,48,55,55,72,65,120
1,0,14,40,1,4,50,12,0,55,54,55,66,67,122
1,0,12,41,0,0,50,17,1,52,53,53,70,69,122
2,0,14,38,1,2,46,17,1,51,52,53,69,68,121
1,0,14,38,0,3,50,15,1,55,52,52,67,70,122
1,0,11,42,1,3,52,13,1,57,53,54,66,70,124
1,0,13,34,1,3,57,13,0,61,47,48,60,74,122
0,0,12,41,1,3,50,14,0,53,53,54,67,67,121
1,0,11,38,0,2,52,15,1,56,49,49,64,71,120
1,0,13,38,0,3,52,13,1,57,51,51,64,70,121
0,0,11,35,1,4,60,10,1,65,46,47,56,75,122
1,0,13,36,0,5,54,12,1,61,49,49,61,73,122
1,0,9,42,0,2,53,13,1,57,51,51,64,70,121
1,0,14,34,0,3,51,18,0,55,48,48,66,73,121
1,0,16,39,1,3,46,15,0,50,55,56,70,65,121
1,0,11,37,1,3,56,12,1,61,48,49,60,73,122
1,0,13,37,1,3,56,12,1,61,50,51,62,73,124
1,0,12,38,1,3,54,13,1,59,50,51,63,72,123
0,0,10,38,1,4,55,13,1,60,48,49,61,73,122
0,0,10,40,0,4,55,12,0,59,50,50,62,71,121
1,0,12,35,1,3,51,19,0,55,47,48,66,74,122
1,0,14,37,0,4,54,12,0,59,51,51,63,71,122
1,0,13,40,1,5,42,22,0,48,53,54,75,70,124
1,0,13,35,0,2,50,19,0,53,48,48,67,72,120
1,0,10,42,1,4,47,17,1,53,52,53,69,70,123
0,0,14,39,0,3,52,12,1,56,53,53,65,68,121
1,0,13,39,0,4,46,20,1,52,52,52,72,72,124
1,0,10,40,0,4,49,19,1,55,50,50,69,74,124
1,0,13,35,1,1,48,22,1,51,48,49,70,73,122
2,0,12,37,1,4,53,15,1,60,49,50,64,75,125
1,0,13,37,1,3,55,12,0,59,50,51,62,71,122
1,0,14,34,1,4,55,16,1,61,48,49,64,77,126
1,0,12,34,0,2,56,14,2,61,46,46,60,75,121
0,0,14,37,1,2,43,20,5,50,51,52,71,70,122
2,0,10,38,0,3,60,8,0,65,48,48,56,73,121
0,0,12,35,0,6,52,20,1,59,47,47,67,79,126
1,0,10,34,1,4,59,13,1,65,44,45,57,78,123
1,0,10,35,1,3,54,17,0,58,45,46,62,75,121
0,0,12,41,0,4,48,17,0,52,53,53,70,69,122
1,0,10,38,1,3,55,13,1,60,48,49,61,73,122
1,0,14,39,1,5,46,19,0,52,53,54,72,71,125
1,0,16,34,1,4,51,15,0,56,50,51,65,71,122
0,0,14,35,0,4,46,22,0,50,49,49,71,72,121
1,0,11,40,1,3,52,12,2,58,51,52,63,70,122
1,0,14,33,0,2,63,8,0,66,47,47,55,74,121
1,0,11,39,0,6,48,16,1,56,50,50,66,72,122
1,0,12,43,1,4,46,17,0,51,55,56,72,68,124
1,0,13,38,1,2,49,18,1,53,51,52,69,71,123
4,0,12,39,1,3,53,9,0,60,51,52,60,69,121
3,0,11,34,0,3,60,9,1,67,45,45,54,76,121
1,0,13,40,1,3,45,17,1,50,53,54,70,67,121
1,0,10,37,1,4,62,7,1,68,47,48,54,75,123
1,0,16,35,0,3,46,19,1,51,51,51,70,70,121
0,0,13,38,1,2,52,15,1,55,51,52,66,70,122
0,0,12,35,0,5,55,14,1,61,47,47,61,75,122
1,0,12,36,1,4,53,17,1,59,48,49,65,76,125
2,0,13,39,0,4,51,12,1,58,52,52,64,70,122
1,0,14,37,0,2,54,13,1,58,51,51,64,71,122
1,0,11,39,1,3,51,15,1,56,50,51,65,71,122
1,0,13,35,0,2,47,20,2,52,48,48,68,72,120
1,0,12,37,0,5,53,16,1,60,49,49,65,76,125
1,0,13,35,0,4,56,14,0,61,48,48,62,75,123
1,0,12,34,0,2,45,27,0,48,46,46,73,75,121
1,0,12,34,0,3,60,10,1,65,46,46,56,75,121
1,0,12,37,0,3,53,15,1,58,49,49,64,73,122
1,0,12,36,1,4,54,14,0,59,48,49,62,73,122
1,0,13,35,1,4,53,15,1,59,48,49,63,74,123
1,0,12,39,0,5,55,11,1,62,51,51,62,73,124
1,0,14,32,0,3,63,8,0,67,46,46,54,75,121
1,0,15,34,1,4,57,11,0,62,49,50,60,73,123
1,0,10,37,0,2,58,13,1,62,47,47,60,75,122
1,0,12,37,1,3,50,19,1,55,49,50,68,74,124
1,0,13,38,1,2,56,10,1,60,51,52,61,70,122
0,0,12,40,0,4,43,22,0,47,52,52,74,69,121
2,0,13,33,1,5,55,12,0,62,46,47,58,74,121
1,0,12,37,1,1,56,14,0,58,49,50,63,72,122
1,0,13,40,0,2,50,16,1,54,53,53,69,70,123
1,0,11,37,1,5,55,14,0,61,48,49,62,75,124
3,0,11,41,1,3,47,14,2,55,52,53,66,69,122
1,0,11,36,1,4,58,10,1,64,47,48,57,74,122
1,0,15,38,1,3,47,16,1,52,53,54,69,68,122
1,0,12,34,1,5,59,11,1,66,46,47,57,77,124
0,0,13,39,0,5,50,13,0,55,52,52,65,68,120
2,0,11,41,0,3,54,11,1,60,52,52,63,71,123
1,0,15,39,1,4,50,11,2,57,54,55,65,68,123
1,0,12,40,1,2,49,17,0,52,52,53,69,69,122
1,0,13,37,1,4,59,10,1,65,50,51,60,75,126
1,0,13,38,1,4,45,21,0,50,51,52,72,71,123
3,0,11,36,0,4,57,10,1,65,47,47,57,75,122
1,0,14,34,1,3,50,19,0,54,48,49,67,73,122
1,9,15,35,0,3,49,9,1,63,50,50,59,72,122
0,0,12,39,1,3,44,18,4,51,51,52,69,69,121
2,0,11,40,0,4,49,17,1,56,51,51,68,73,124
1,0,13,41,1,2,47,18,1,51,54,55,72,69,124
1,0,10,35,1,3,59,13,1,64,45,46,58,77,123
1,0,11,36,0,3,57,13,1,62,47,47,60,75,122
1,0,10,33,0,2,58,16,0,61,43,43,59,77,120
1,0,14,31,0,5,56,14,1,63,45,45,59,77,122
1,0,12,34,1,1,55,18,0,57,46,47,64,75,122
1,0,11,37,1,1,49,21,1,52,48,49,69,73,122
1,0,14,40,1,4,50,14,1,56,54,55,68,70,125
1,0,13,39,1,4,49,18,1,55,52,53,70,73,126
0,0,13,37,0,5,53,15,1,59,50,50,65,74,124
0,0,14,38,1,2,51,15,0,53,52,53,67,68,121
1,0,11,34,1,5,60,13,0,66,45,46,58,79,125
1,0,11,33,0,2,54,20,1,58,44,44,64,78,122
1,0,11,38,0,6,51,14,0,58,49,49,63,72,121
0,0,12,39,0,4,52,15,0,56,51,51,66,71,122
2,0,13,37,1,2,51,16,1,56,50,51,66,72,123
0,0,11,36,0,3,53,17,1,57,47,47,64,74,121
1,0,14,35,0,2,53,15,0,56,49,49,64,71,120
1,0,12,34,0,5,64,9,0,70,46,46,55,79,125
2,0,12,34,0,2,56,14,1,61,46,46,60,75,121
1,0,12,34,1,1,52,20,1,55,46,47,66,75,122
0,0,11,33,1,5,59,12,0,64,44,45,56,76,121
1,0,12,38,1,2,58,9,1,62,50,51,59,71,122
1,0,14,34,1,3,56,13,1,61,48,49,61,74,123
0,0,11,37,0,3,51,20,1,55,48,48,68,75,123
1,0,11,33,1,3,59,13,0,63,44,45,57,76,121
0,0,12,37,0,3,58,11,1,62,49,49,60,73,122
1,0,12,37,0,3,59,9,0,63,49,49,58,72,121
1,0,14,37,0,4,53,14,0,58,51,51,65,72,123
2,0,13,37,0,2,50,16,0,54,50,50,66,70,120
1,0,10,35,1,3,52,20,1,57,45,46,65,77,123
2,0,12,39,0,3,49,16,1,55,51,51,67,71,122
0,0,9,37,0,3,48,25,1,52,46,46,71,77,123
1,0,11,38,0,4,54,15,0,59,49,49,64,74,123
1,0,13,32,1,4,57,16,1,63,45,46,61,79,125
1,0,12,39,0,4,57,11,1,63,51,51,62,74,125
1,0,12,35,1,5,57,14,0,63,47,48,61,77,125
1,0,14,35,0,4,53,13,2,60,49,49,62,73,122
1,0,12,37,0,3,50,17,1,55,49,49,66,72,121
1,0,12,37,4,3,54,11,0,58,49,53,60,69,122
1,0,16,34,1,4,52,16,1,58,50,51,66,74,125
1,0,12,37,0,3,47,22,1,52,49,49,71,74,123
0,0,13,39,0,3,56,10,0,59,52,52,62,69,121
0,0,11,35,0,4,57,16,0,61,46,46,62,77,123
1,0,17,38,0,3,46,16,0,50,55,55,71,66,121
1,0,11,37,1,2,55,15,0,58,48,49,63,73,122
1,0,12,40,0,3,46,19,1,51,52,52,71,70,122
1,0,12,37,0,5,58,7,1,65,49,49,56,72,121
0,0,12,36,0,1,60,11,1,62,48,48,59,73,121
1,0,11,41,0,2,49,17,1,53,52,52,69,70,122
1,0,14,40,0,3,51,11,1,56,54,54,65,67,121
0,0,11,40,1,3,58,8,1,62,51,52,59,70,122
1,0,12,39,1,3,56,10,1,61,51,52,61,71,123
0,0,9,38,1,5,55,17,1,61,47,48,64,78,126
1,0,10,35,2,2,63,8,0,66,45,47,53,74,121
1,0,12,38,0,4,53,12,0,58,50,50,62,70,120
1,0,12,33,1,3,65,7,1,70,45,46,52,77,123
2,0,12,33,1,2,56,14,1,61,45,46,59,75,121
3,0,13,34,0,4,58,10,0,65,47,47,57,75,122
1,0,14,35,1,2,57,12,1,61,49,50,61,73,123
1,0,13,40,1,2,48,17,0,51,53,54,70,68,122
1,0,14,35,1,3,58,10,0,62,49,50,59,72,122
1,0,13,36,1,4,46,21,0,51,49,50,70,72,122
1,0,12,40,0,2,48,16,3,54,52,52,68,70,122
1,0,11,35,1,4,52,19,0,57,46,47,65,76,123
0,0,12,40,0,4,51,13,1,56,52,52,65,69,121
1,0,12,39,1,4,52,14,1,58,51,52,65,72,124
0,0,10,40,0,4,48,21,0,52,50,50,71,73,123
0,0,14,32,0,2,63,10,1,66,46,46,56,76,122
1,0,11,43,0,4,48,14,1,54,54,54,68,68,122
1,0,13,36,0,3,54,14,1,59,49,49,63,73,122
4,0,12,42,1,3,48,12,1,56,54,55,66,68,123
2,0,13,39,0,5,49,15,0,56,52,52,67,71,123
1,0,12,38,0,2,49,20,1,53,50,50,70,73,123
1,0,12,37,1,4,49,20,0,54,49,50,69,74,124
1,0,11,39,1,3,50,17,1,55,50,51,67,72,123
2,0,9,36,0,4,51,18,0,57,45,45,63,75,120
1,0,15,33,1,4,57,11,0,62,48,49,59,73,122
1,0,14,39,1,3,45,18,0,49,53,54,71,67,121
1,0,13,34,1,3,56,14,1,61,47,48,61,75,123
1,0,11,45,0,4,38,23,0,43,56,56,79,66,122
1,0,11,40,0,3,51,15,1,56,51,51,66,71,122
1,0,11,36,1,4,58,14,0,63,47,48,61,77,125
1,0,13,34,1,2,51,19,0,54,47,48,66,73,121
3,0,9,34,1,2,58,14,1,64,43,44,57,78,122
1,0,15,34,0,4,57,11,1,63,49,49,60,74,123
1,0,12,33,1,3,61,10,0,65,45,46,55,75,121
0,0,12,42,0,2,52,13,1,55,54,54,67,68,122
0,0,12,37,1,3,56,12,1,60,49,50,61,72,122
0,0,12,37,0,3,59,9,0,62,49,49,58,71,120
0,0,12,36,0,3,55,15,1,59,48,48,63,74,122
1,0,12,42,0,4,52,10,1,58,54,54,64,68,122
0,0,13,36,0,4,49,18,1,54,49,49,67,72,121
1,0,14,36,0,1,52,16,0,54,50,50,66,70,120
4,0,10,38,1,3,57,9,0,64,48,49,57,73,122
1,0,12,36,1,3,52,18,0,56,48,49,66,74,123
1,0,8,39,1,3,53,19,1,58,47,48,66,77,125
1,0,10,37,0,2,53,16,1,57,47,47,63,73,120
0,0,12,39,0,5,53,11,1,59,51,51,62,70,121
1,0,11,38,0,2,58,10,1,62,49,49,59,72,121
1,0,9,37,1,3,51,21,1,56,46,47,67,77,124
3,0,13,39,0,4,52,8,1,60,52,52,60,68,120
1,0,11,36,1,5,51,19,0,57,47,48,66,76,124
1,0,14,35,0,3,53,16,0,57,49,49,65,73,122
1,0,13,39,1,3,54,11,1,59,52,53,63,70,123
0,0,14,33,1,4,60,12,1,65,47,48,59,77,125
1,0,12,38,0,2,50,15,2,55,50,50,65,70,120
1,0,12,41,1,4,36,26,1,42,53,54,79,68,122
1,0,11,40,1,4,50,15,1,56,51,52,66,71,123
1,0,12,40,1,2,47,18,0,50,52,53,70,68,121
1,0,13,39,0,0,50,18,0,51,52,52,70,69,121
0,0,10,41,1,4,40,25,1,45,51,52,76,70,122
2,0,11,36,0,4,60,7,1,67,47,47,54,74,121
1,0,10,38,1,4,57,13,0,62,48,49,61,75,124
0,0,12,37,1,4,57,11,1,62,49,50,60,73,123
1,0,11,38,0,5,54,12,1,61,49,49,61,73,122
0,0,13,39,0,3,47,19,0,50,52,52,71,69,121
1,0,13,40,1,3,50,14,0,54,53,54,67,68,122
2,0,12,37,0,3,55,11,0,60,49,49,60,71,120
1,0,12,39,1,4,53,13,0,58,51,52,64,71,123
1,0,12,37,0,4,56,13,0,61,49,49,62,74,123
1,0,14,36,1,4,50,14,1,56,50,51,64,70,121
1,0,11,39,1,5,43,24,1,50,50,51,74,74,125
0,0,13,38,1,4,60,7,1,65,51,52,58,72,124
1,0,12,37,0,4,51,15,1,57,49,49,64,72,121
2,0,12,40,1,2,44,20,1,49,52,53,72,69,122
1,0,10,40,0,3,47,21,1,52,50,50,71,73,123
1,0,11,35,0,3,60,10,0,64,46,46,56,74,120
1,0,12,36,1,1,57,13,1,60,48,49,61,73,122
1,0,13,36,1,4,48,21,0,53,49,50,70,74,124
0,0,10,39,0,4,52,16,1,57,49,49,65,73,122
1,0,12,39,0,4,55,11,1,61,51,51,62,72,123
0,0,10,36,0,3,53,18,1,57,46,46,64,75,121
1,0,12,37,0,5,46,22,1,53,49,49,71,75,124
1,0,11,39,1,2,44,23,0,47,50,51,73,70,121
1,0,13,33,1,3,56,16,1,61,46,47,62,77,124
0,0,11,41,0,4,53,13,1,58,52,52,65,71,123
1,0,11,39,1,3,53,14,0,57,50,51,64,71,122
1,0,12,39,0,3,52,14,1,57,51,51,65,71,122
1,0,11,41,1,3,46,19,0,50,52,53,71,69,122
1,0,11,35,0,4,56,14,0,61,46,46,60,75,121
0,0,14,39,0,5,36,28,0,41,53,53,81,69,122
0,0,13,33,1,3,58,12,1,62,46,47,58,74,121
1,0,13,36,1,3,51,17,1,56,49,50,66,73,123
1,0,12,36,1,3,57,11,2,63,48,49,59,74,123
1,0,11,41,1,3,50,14,1,55,52,53,66,69,122
0,0,10,40,1,4,54,15,1,59,50,51,65,74,125
1,0,13,36,0,4,54,12,0,59,49,49,61,71,120
1,0,12,37,0,2,54,14,1,58,49,49,63,72,121
1,0,11,44,1,2,42,21,0,45,55,56,76,66,122
1,0,12,39,0,2,57,10,0,60,51,51,61,70,121
1,0,11,43,1,3,46,19,0,50,54,55,73,69,124
1,0,13,37,0,1,56,13,0,58,50,50,63,71,121
1,0,10,34,0,4,61,14,0,66,44,44,58,80,124
1,0,12,34,0,1,57,15,1,60,46,46,61,75,121
4,0,10,40,1,3,53,11,1,61,50,51,61,72,123
1,0,13,37,0,4,47,19,1,53,50,50,69,72,122
1,0,14,32,0,4,53,18,1,59,46,46,64,77,123
1,0,12,41,1,4,52,13,1,58,53,54,66,71,125
0,0,14,41,0,3,52,11,1,56,55,55,66,67,122
1,0,13,40,0,5,53,12,0,59,53,53,65,71,124
1,0,16,35,0,4,57,9,1,63,51,51,60,72,123
0,0,13,40,1,4,53,10,0,57,53,54,63,67,121
0,0,11,38,1,2,54,15,1,57,49,50,64,72,122
1,0,15,41,1,2,46,14,1,50,56,57,70,64,121
1,0,13,41,0,2,51,14,1,55,54,54,68,69,123
0,0,16,38,1,3,47,17,0,50,54,55,71,67,122
1,0,12,41,0,2,50,15,0,53,53,53,68,68,121
1,0,10,39,0,2,60,8,1,64,49,49,57,72,121
1,0,13,35,0,4,56,12,0,61,48,48,60,73,121
1,0,15,40,1,2,48,15,1,52,55,56,70,67,123
1,0,13,35,0,3,58,12,1,63,48,48,60,75,123
2,0,15,38,1,3,52,11,1,58,53,54,64,69,123
0,0,15,37,1,4,51,13,1,56,52,53,65,69,122
3,0,10,35,0,4,51,17,2,60,45,45,62,77,122
2,0,13,37,0,3,53,13,0,58,50,50,63,71,121
1,0,14,34,1,5,53,14,1,60,48,49,62,74,123
1,0,12,39,0,2,48,20,1,52,51,51,71,72,123
1,0,11,35,1,3,55,17,0,59,46,47,63,76,123
1,0,11,39,1,2,56,12,0,59,50,51,62,71,122
1,0,14,38,0,3,46,17,2,52,52,52,69,69,121
1,0,12,36,1,3,53,16,0,57,48,49,64,73,122
1,0,15,33,1,3,57,12,0,61,48,49,60,73,122
1,0,13,30,0,4,57,17,0,62,43,43,60,79,122
1,0,13,37,1,0,56,14,1,58,50,51,64,72,123
4,0,14,38,0,4,45,17,0,53,52,52,69,70,122
1,0,12,39,2,3,47,19,0,51,51,53,70,70,123
1,0,12,39,0,4,56,10,1,62,51,51,61,72,123
1,0,13,40,0,4,53,12,0,58,53,53,65,70,123
1,0,14,35,1,3,55,13,1,60,49,50,62,73,123
1,8,10,35,1,4,44,20,1,58,45,46,65,78,124
1,7,10,37,1,2,42,22,1,53,47,48,69,75,123
1,0,12,39,0,4,51,15,1,57,51,51,66,72,123
0,0,13,35,0,3,57,9,3,63,48,48,57,72,120
0,0,10,37,0,3,60,10,1,64,47,47,57,74,121
1,0,11,36,1,3,52,18,0,56,47,48,65,74,122
1,0,11,39,1,4,49,16,0,54,50,51,66,70,121
1,0,13,36,0,2,54,16,0,57,49,49,65,73,122
1,0,14,39,1,2,48,17,0,51,53,54,70,68,122
1,0,13,34,1,3,54,16,1,59,47,48,63,75,123
1,0,11,34,1,3,47,25,1,52,45,46,70,77,123
1,0,13,35,0,3,45,25,1,50,48,48,73,75,123
1,0,11,37,1,4,54,16,1,60,48,49,64,76,125
1,0,13,44,1,2,47,14,1,51,57,58,71,65,123
1,0,11,34,1,4,52,18,1,58,45,46,63,76,122
1,0,13,36,0,3,56,13,1,61,49,49,62,74,123
1,0,11,35,1,3,56,16,1,61,46,47,62,77,124
1,0,11,35,0,4,58,13,1,64,46,46,59,77,123
2,0,12,39,1,3,53,11,1,59,51,52,62,70,122
1,0,13,38,0,3,51,14,1,56,51,51,65,70,121
0,0,13,38,0,2,49,18,0,51,51,51,69,69,120
1,0,13,38,1,5,50,17,0,56,51,52,68,73,125
0,0,14,35,1,4,53,16,0,57,49,50,65,73,123
0,0,12,38,0,2,51,17,1,54,50,50,67,71,121
1,0,13,38,0,4,49,14,1,55,51,51,65,69,120
1,0,14,37,0,4,53,14,1,59,51,51,65,73,124
1,0,11,35,1,2,60,12,1,64,46,47,58,76,123
0,0,12,35,0,5,57,11,0,62,47,47,58,73,120
1,0,14,38,0,4,48,17,0,53,52,52,69,70,122
1,0,12,36,1,4,54,14,1,60,48,49,62,74,123
1,0,13,39,0,3,50,16,0,54,52,52,68,70,122
2,0,12,36,0,3,52,17,0,57,48,48,65,74,122
0,0,10,45,1,5,52,11,0,57,55,56,66,68,124
1,0,12,41,1,3,48,15,2,54,53,54,68,69,123
1,0,13,37,1,4,52,13,0,57,50,51,63,70,121
1,0,12,39,1,2,50,17,0,53,51,52,68,70,122
1,0,12,37,0,4,55,14,0,60,49,49,63,74,123
0,0,12,41,1,2,46,20,0,48,53,54,73,68,122
2,0,14,37,0,4,52,12,1,59,51,51,63,71,122
1,0,11,46,0,3,48,11,1,53,57,57,68,64,121
1,0,12,40,0,4,52,12,0,57,52,52,64,69,121
1,0,12,41,0,3,41,23,1,46,53,53,76,69,122
1,0,10,40,0,3,54,13,1,59,50,50,63,72,122
1,0,13,36,1,1,56,12,0,58,49,50,61,70,120
1,0,12,37,1,2,47,22,1,51,49,50,71,73,123
0,0,14,35,1,2,57,12,1,60,49,50,61,72,122
1,0,12,34,0,5,53,15,0,59,46,46,61,74,120
1,0,12,40,0,5,45,20,1,52,52,52,72,72,124
2,0,13,32,0,2,60,12,1,65,45,45,57,77,122
1,0,12,33,1,3,58,15,0,62,45,46,60,77,123
1,0,12,42,0,2,45,18,1,49,54,54,72,67,121
1,0,11,36,0,4,58,12,1,64,47,47,59,76,123
1,0,12,38,0,2,49,19,1,53,50,50,69,72,122
1,0,11,40,0,4,49,19,0,54,51,51,70,73,124
1,0,14,33,1,2,55,15,1,59,47,48,62,74,122
1,0,11,42,0,3,50,15,0,54,53,53,68,69,122
2,0,11,39,1,3,58,7,1,64,50,51,57,71,122
1,0,12,34,0,4,55,16,1,61,46,46,62,77,123
1,0,15,36,1,4,55,10,1,61,51,52,61,71,123
1,0,12,33,1,3,51,20,0,55,45,46,65,75,121
0,0,13,34,1,2,56,15,1,59,47,48,62,74,122
1,0,12,36,0,4,54,14,1,60,48,48,62,74,122
1,0,14,36,1,3,49,17,1,54,50,51,67,71,122
1,0,12,38,0,5,57,8,1,64,50,50,58,72,122
0,0,14,38,1,4,48,16,0,52,52,53,68,68,121
3,0,12,39,1,5,52,12,0,60,51,52,63,72,124
1,0,14,37,1,3,53,12,1,58,51,52,63,70,122
1,0,11,41,0,3,49,17,0,53,52,52,69,70,122
1,0,13,35,1,5,50,16,1,57,48,49,64,73,122
0,0,12,43,1,6,46,18,0,52,55,56,73,70,126
1,0,13,34,0,3,60,11,1,65,47,47,58,76,123
1,0,14,36,1,2,56,11,1,60,50,51,61,71,122
1,0,12,41,0,4,49,16,1,55,53,53,69,71,124
1,0,12,36,0,4,52,17,0,57,48,48,65,74,122
1,0,12,38,1,4,49,16,2,56,50,51,66,72,123
1,0,14,40,0,2,51,12,0,54,54,54,66,66,120
1,0,13,41,1,4,49,15,1,55,54,55,69,70,125
1,0,10,36,0,4,56,15,1,62,46,46,61,77,123
0,0,11,36,1,3,60,10,1,64,47,48,57,74,122
0,6,12,36,1,3,50,12,1,60,48,49,60,72,121
1,0,15,36,0,2,55,12,1,59,51,51,63,71,122
1,0,11,38,0,2,52,17,0,55,49,49,66,72,121
1,0,11,41,0,2,50,17,0,53,52,52,69,70,122
1,0,12,31,1,5,56,15,1,63,43,44,58,78,122
2,0,12,36,0,4,50,16,0,56,48,48,64,72,120
0,0,10,39,1,5,56,10,0,61,49,50,59,71,121
1,0,12,40,0,3,55,10,1,60,52,52,62,70,122
1,0,12,38,0,3,56,12,1,61,50,50,62,73,123
1,0,11,40,0,2,46,20,1,50,51,51,71,70,121
2,0,12,36,1,2,53,14,1,58,48,49,62,72,121
1,0,12,39,1,4,54,10,0,59,51,52,61,69,121
1,0,14,37,0,3,53,12,1,58,51,51,63,70,121
1,0,9,33,1,3,60,14,0,64,42,43,56,78,121
1,0,13,38,1,3,57,10,1,62,51,52,61,72,124
1,0,12,43,0,5,46,16,0,52,55,55,71,68,123
1,0,11,47,0,3,47,14,1,52,58,58,72,66,124
1,0,11,36,0,3,61,9,1,66,47,47,56,75,122
1,0,12,29,0,4,61,16,1,67,41,41,57,83,124
2,0,13,40,0,5,41,21,1,49,53,53,74,70,123
1,0,10,39,1,0,54,16,0,55,49,50,65,71,121
1,0,12,34,0,2,53,18,1,57,46,46,64,75,121
1,0,12,39,0,3,54,12,1,59,51,51,63,71,122
1,0,10,40,0,5,51,15,1,58,50,50,65,73,123
0,0,11,39,0,2,54,14,1,57,50,50,64,71,121
3,0,10,35,0,2,60,11,0,65,45,45,56,76,121
1,0,11,37,1,1,50,20,1,53,48,49,68,73,122
0,0,12,36,1,3,57,14,0,60,48,49,62,74,123
0,0,15,36,1,4,52,14,0,56,51,52,65,70,122
1,0,15,38,4,2,49,11,1,53,53,57,64,64,121
1,0,11,40,0,3,50,15,0,54,51,51,66,69,120
1,0,13,43,0,1,49,13,0,51,56,56,69,64,120
0,0,13,45,1,4,43,17,0,47,58,59,75,64,123
0,0,12,43,1,3,53,11,0,56,55,56,66,67,123
1,0,13,37,1,5,55,12,1,62,50,51,62,74,125
1,0,13,36,1,3,54,14,1,59,49,50,63,73,123
1,0,12,36,0,3,57,12,1,62,48,48,60,74,122
0,0,12,36,1,2,56,14,0,58,48,49,62,72,121
0,0,12,33,1,4,60,12,1,65,45,46,57,77,123
1,0,12,35,1,3,57,13,1,62,47,48,60,75,123
1,0,14,32,1,3,53,18,0,57,46,47,64,75,122
1,0,10,38,1,4,55,14,1,61,48,49,62,75,124
1,0,13,32,1,4,57,14,1,63,45,46,59,77,123
1,0,13,38,0,4,55,12,0,60,51,51,63,72,123
1,0,16,34,0,0,58,12,1,60,50,50,62,72,122
2,0,12,35,0,3,58,10,1,64,47,47,57,74,121
0,0,13,38,0,4,55,12,1,60,51,51,63,72,123
1,0,12,32,0,3,58,14,0,62,44,44,58,76,120
1,0,11,35,1,4,59,11,1,65,46,47,57,76,123
1,0,12,38,1,4,50,18,1,56,50,51,68,74,125
1,0,14,35,0,2,54,13,1,58,49,49,62,71,120
1,0,12,39,1,4,50,14,0,55,51,52,65,69,121
1,0,15,34,1,3,57,11,0,61,49,50,60,72,122
1,0,11,37,1,3,54,15,1,59,48,49,63,74,123
1,0,11,35,0,5,58,11,1,65,46,46,57,76,122
0,0,11,36,0,3,51,19,1,55,47,47,66,74,121
1,0,10,35,0,4,57,13,1,63,45,45,58,76,121
1,0,10,34,1,3,59,16,1,64,44,45,60,80,125
1,0,11,39,0,4,48,16,1,54,50,50,66,70,120
0,0,13,38,0,6,51,12,1,58,51,51,63,70,121
1,0,12,40,0,3,51,13,0,55,52,52,65,68,120
1,0,13,37,1,0,55,14,1,57,50,51,64,71,122
2,0,14,38,0,4,52,12,1,59,52,52,64,71,123
1,0,12,38,2,3,57,9,1,62,50,52,59,71,123
1,0,9,36,0,3,60,12,1,65,45,45,57,77,122
0,0,10,39,1,2,52,18,1,55,49,50,67,73,123
1,0,11,38,1,4,53,16,1,59,49,50,65,75,125
1,0,12,41,1,2,48,16,1,52,53,54,69,68,122
1,0,13,38,1,3,56,10,0,60,51,52,61,70,122
1,0,14,35,1,3,58,11,1,63,49,50,60,74,124
1,0,13,38,0,1,51,17,1,54,51,51,68,71,122
1,0,12,38,0,0,48,22,1,50,50,50,72,72,122
1,0,13,40,0,5,52,10,0,58,53,53,63,68,121
3,0,14,34,1,3,53,15,1,60,48,49,63,75,124
1,0,11,37,1,3,58,12,0,62,48,49,60,74,123
3,0,12,37,1,2,50,16,1,56,49,50,65,72,122
1,0,13,38,0,0,55,13,0,56,51,51,64,69,120
1,0,14,36,0,4,52,17,1,58,50,50,67,75,125
1,0,16,37,0,6,47,17,0,54,53,53,70,71,124
1,0,14,36,0,4,55,11,0,60,50,50,61,71,121
1,0,12,38,0,3,48,19,1,53,50,50,69,72,122
2,0,11,39,0,4,53,11,1,60,50,50,61,71,121
1,0,13,37,0,3,58,10,0,62,50,50,60,72,122
1,0,11,38,0,4,58,8,0,63,49,49,57,71,120
1,0,13,41,0,4,50,11,0,55,54,54,65,66,120
1,0,14,39,0,3,49,15,1,54,53,53,68,69,122
1,0,15,41,0,4,46,15,1,52,56,56,71,67,123
1,0,10,39,1,2,57,12,1,61,49,50,61,73,123
1,0,13,38,0,3,54,12,1,59,51,51,63,71,122
1,0,12,30,1,3,56,18,1,61,42,43,60,79,122
1,0,12,41,0,4,47,15,1,53,53,53,68,68,121
1,0,12,40,1,4,49,16,1,55,52,53,68,71,124
1,0,14,37,0,3,48,16,1,53,51,51,67,69,120
1,0,10,38,0,5,50,19,0,56,48,48,67,75,123
0,0,13,33,1,6,53,15,1,60,46,47,61,75,122
0,0,14,34,0,4,61,10,1,66,48,48,58,76,124
1,0,12,40,0,3,51,13,0,55,52,52,65,68,120
1,0,14,33,1,4,50,21,1,56,47,48,68,77,125
1,0,12,35,1,3,55,16,1,60,47,48,63,76,124
1,0,15,35,0,4,57,12,0,62,50,50,62,74,124
1,0,12,38,1,3,51,17,1,56,50,51,67,73,124
1,0,12,39,0,2,53,13,1,57,51,51,64,70,121
2,0,14,34,0,3,57,11,1,63,48,48,59,74,122
0,0,12,35,1,4,53,15,1,58,47,48,62,73,121
1,0,13,39,0,4,41,23,1,47,52,52,75,70,122
1,0,14,38,1,4,52,10,1,58,52,53,62,68,121
1,0,11,35,0,2,62,9,1,66,46,46,55,75,121
0,0,13,38,0,3,50,17,0,53,51,51,68,70,121
1,8,11,36,0,3,45,18,0,57,47,47,65,75,122
1,0,13,39,0,3,54,11,1,59,52,52,63,70,122
1,0,9,42,0,4,49,17,1,55,51,51,68,72,123
5,0,11,34,1,2,58,10,0,65,45,46,55,75,121
1,0,13,46,1,3,45,14,0,49,59,60,73,63,123
1,0,12,37,0,5,54,13,0,60,49,49,62,73,122
0,0,12,41,0,3,45,20,1,49,53,53,73,69,122
1,0,12,35,0,2,61,10,0,64,47,47,57,74,121
1,0,9,34,1,3,65,10,1,70,43,44,53,80,124
2,0,14,38,1,5,57,8,0,64,52,53,60,72,125
1,0,11,41,0,2,52,15,1,56,52,52,67,71,123
1,0,11,35,1,3,51,21,0,55,46,47,67,76,123
2,0,11,37,1,3,54,15,1,60,48,49,63,75,124
1,0,11,38,1,2,56,12,0,59,49,50,61,71,121
0,0,15,35,0,2,55,13,0,57,50,50,63,70,120
1,0,14,37,0,6,49,14,1,57,51,51,65,71,122
1,0,10,38,1,5,55,14,1,62,48,49,62,76,125
1,0,14,39,2,2,52,10,1,56,53,55,63,66,121
0,0,10,37,1,2,63,9,1,66,47,48,56,75,123
1,0,12,37,1,3,47,21,1,52,49,50,70,73,123
1,0,12,43,1,1,55,9,1,58,55,56,64,67,123
0,0,14,37,0,3,58,10,0,61,51,51,61,71,122
1,0,13,38,1,4,49,16,0,54,51,52,67,70,122
1,0,15,39,0,3,49,16,1,54,54,54,70,70,124
0,0,13,35,1,2,59,10,1,62,48,49,58,72,121
1,0,11,44,1,2,45,17,1,49,55,56,72,66,122
1,0,13,35,1,4,51,19,1,57,48,49,67,76,125
1,0,13,39,1,4,44,21,0,49,52,53,73,70,123
1,0,12,36,0,3,54,14,1,59,48,48,62,73,121
1,0,12,35,0,4,60,11,0,65,47,47,58,76,123
1,0,11,38,0,4,55,14,1,61,49,49,63,75,124
1,0,10,35,0,3,50,19,3,57,45,45,64,76,121
1,0,11,38,0,4,47,22,0,52,49,49,71,74,123
1,0,13,40,1,2,48,15,1,52,53,54,68,67,121
1,0,11,35,0,3,55,16,1,60,46,46,62,76,122
1,0,14,36,1,3,52,16,1,57,50,51,66,73,124
0,0,14,37,1,3,45,21,0,48,51,52,72,69,121
1,0,12,40,0,2,49,17,0,52,52,52,69,69,121
0,0,10,37,0,3,58,12,0,61,47,47,59,73,120
0,0,12,38,1,4,56,11,0,60,50,51,61,71,122
0,0,12,37,0,5,59,9,1,65,49,49,58,74,123
1,0,11,37,1,4,57,12,0,62,48,49,60,74,123
1,0,13,37,0,4,53,13,1,59,50,50,63,72,122
0,0,13,33,0,4,62,8,1,67,46,46,54,75,121
1,0,12,36,1,2,55,15,1,59,48,49,63,74,123
1,0,13,39,1,4,51,13,0,56,52,53,65,69,122
2,0,14,39,0,3,43,21,0,48,53,53,74,69,122
0,0,12,35,1,3,52,20,0,55,47,48,67,75,123
1,0,12,36,0,3,59,10,1,64,48,48,58,74,122
1,0,11,41,1,3,51,14,1,56,52,53,66,70,123
1,0,9,37,0,2,45,26,1,49,46,46,72,75,121
1,0,14,34,0,0,57,11,3,61,48,48,59,72,120
2,0,11,32,0,4,63,10,0,69,43,43,53,79,122
1,0,15,32,1,4,58,12,0,63,47,48,59,75,123
1,0,13,35,1,3,51,17,0,55,48,49,65,72,121
0,0,11,39,0,3,55,13,0,58,50,50,63,71,121
1,0,13,40,0,2,53,10,1,57,53,53,63,67,120
1,0,14,39,1,3,45,19,0,49,53,54,72,68,122
1,0,14,38,0,3,52,13,1,57,52,52,65,70,122
1,0,14,35,0,4,46,21,0,51,49,49,70,72,121
0,0,13,34,0,4,55,13,1,60,47,47,60,73,120
1,0,11,36,0,3,60,10,1,65,47,47,57,75,122
1,0,14,37,1,4,56,12,0,61,51,52,63,73,125
1,0,17,35,1,4,49,15,1,55,52,53,67,70,123
1,0,11,38,1,3,50,17,0,54,49,50,66,71,121
1,0,13,34,0,2,51,20,0,54,47,47,67,74,121
1,0,15,39,0,2,48,15,1,52,54,54,69,67,121
1,0,12,35,0,4,52,19,1,58,47,47,66,77,124
2,0,13,40,1,4,48,12,1,55,53,54,65,67,121
0,0,9,35,0,7,57,12,0,64,44,44,56,76,120
0,0,12,37,0,7,43,21,0,50,49,49,70,71,120
1,0,12,36,0,3,46,25,1,51,48,48,73,76,124
1,0,11,39,0,3,50,16,1,55,50,50,66,71,121
0,0,12,37,1,3,52,16,1,56,49,50,65,72,122
1,0,14,34,0,3,54,14,1,59,48,48,62,73,121
1,0,14,31,1,3,56,15,0,60,45,46,60,75,121
1,0,11,33,0,2,62,12,1,66,44,44,56,78,122
0,0,14,38,1,1,48,19,1,50,52,53,71,69,122
1,0,13,39,1,4,52,14,1,58,52,53,66,72,125
1,0,13,39,0,3,49,17,1,54,52,52,69,71,123
0,0,12,41,0,3,50,15,0,53,53,53,68,68,121
1,0,12,42,1,3,51,13,0,55,54,55,67,68,123
1,0,11,39,0,3,50,18,0,54,50,50,68,72,122
1,0,11,36,0,4,48,20,1,54,47,47,67,74,121
1,0,13,37,1,4,57,10,1,63,50,51,60,73,124
1,0,13,38,1,2,50,16,0,53,51,52,67,69,121
1,0,10,38,1,1,44,26,1,47,48,49,74,73,122
1,0,11,40,1,3,46,20,0,50,51,52,71,70,122
1,0,11,40,0,3,53,14,0,57,51,51,65,71,122
0,0,11,35,0,6,54,17,1,61,46,46,63,78,124
0,0,12,38,0,4,51,15,1,56,50,50,65,71,121
1,0,11,38,0,5,53,16,0,59,49,49,65,75,124
1,0,12,36,1,3,54,15,0,58,48,49,63,73,122
1,0,11,38,0,5,54,11,1,61,49,49,60,72,121
1,0,13,37,5,2,49,14,1,53,50,55,64,67,122
1,0,12,37,0,2,52,17,0,55,49,49,66,72,121
1,0,13,41,0,3,44,18,0,48,54,54,72,66,120
0,0,11,43,0,4,49,13,1,54,54,54,67,67,121
1,0,11,34,0,3,61,11,1,66,45,45,56,77,122
2,0,13,39,1,3,53,11,1,59,52,53,63,70,123
1,0,13,41,0,2,52,12,0,55,54,54,66,67,121
2,6,14,33,1,1,51,13,1,61,47,48,60,74,122
1,0,11,38,0,3,51,17,0,55,49,49,66,72,121
1,0,13,36,1,4,52,16,1,58,49,50,65,74,124
1,0,14,35,1,4,54,12,1,60,49,50,61,72,122
1,0,11,38,1,4,51,16,0,56,49,50,65,72,122
1,0,13,42,0,4,47,14,1,53,55,55,69,67,122
1,0,11,37,1,3,55,13,0,59,48,49,61,72,121
0,0,12,36,0,3,57,12,1,61,48,48,60,73,121
1,0,11,36,1,5,47,20,1,54,47,48,67,74,122
1,0,14,32,0,2,62,10,0,65,46,46,56,75,121
1,0,11,36,0,4,49,21,1,55,47,47,68,76,123
1,0,12,41,0,4,48,18,0,53,53,53,71,71,124
1,0,11,39,1,4,47,19,0,52,50,51,69,71,122
1,0,12,37,0,3,57,11,1,62,49,49,60,73,122
1,0,13,35,1,2,61,9,1,65,48,49,57,74,123
1,0,12,35,1,5,56,13,1,63,47,48,60,76,124
0,0,13,35,0,3,61,9,1,65,48,48,57,74,122
0,0,11,38,1,3,45,23,1,49,49,50,72,72,122
0,0,15,39,0,4,49,13,1,54,54,54,67,67,121
0,0,14,35,0,3,53,15,1,57,49,49,64,72,121
1,0,13,34,1,2,57,13,1,61,47,48,60,74,122
1,0,13,35,0,2,49,22,0,52,48,48,70,74,122
0,0,12,39,0,4,50,17,0,54,51,51,68,71,122
1,0,10,36,0,4,56,16,1,62,46,46,62,78,124
1,0,12,37,0,4,49,20,0,54,49,49,69,74,123
1,0,13,34,1,2,53,18,1,57,47,48,65,75,123
1,0,13,40,0,3,51,12,0,55,53,53,65,67,120
1,0,11,37,1,3,50,18,0,54,48,49,66,72,121
0,0,12,40,0,3,48,17,1,52,52,52,69,69,121
1,0,12,37,1,3,50,18,1,55,49,50,67,73,123
1,0,11,36,1,2,48,22,1,52,47,48,69,74,122
1,0,13,38,1,3,45,23,0,49,51,52,74,72,124
1,0,12,38,1,2,47,20,1,51,50,51,70,71,122
0,0,15,42,0,2,44,17,1,47,57,57,74,64,121
1,0,11,46,0,4,45,15,1,51,57,57,72,66,123
0,0,12,36,0,5,53,14,1,59,48,48,62,73,121
1,0,16,36,1,2,52,14,0,55,52,53,66,69,122
0,0,12,33,0,4,50,22,1,55,45,45,67,77,122
1,0,13,36,0,3,50,16,1,55,49,49,65,71,120
1,0,12,37,1,2,53,15,1,57,49,50,64,72,122
0,0,15,36,1,3,58,10,0,61,51,52,61,71,123
1,0,14,35,0,3,53,15,1,58,49,49,64,73,122
2,0,11,39,0,4,53,13,1,60,50,50,63,73,123
0,0,12,38,1,5,52,13,0,57,50,51,63,70,121
1,0,13,38,1,3,54,13,1,59,51,52,64,72,124
1,0,14,38,0,3,46,21,0,50,52,52,73,71,123
1,0,12,36,1,3,55,14,0,59,48,49,62,73,122
1,0,13,36,1,2,48,19,1,52,49,50,68,71,121
0,0,15,37,1,2,44,21,1,47,52,53,73,68,121
1,0,10,35,1,1,62,11,1,65,45,46,56,76,122
2,0,9,39,1,3,54,15,1,60,48,49,63,75,124
1,0,12,33,0,3,62,10,0,66,45,45,55,76,121
0,0,18,34,2,4,53,11,1,58,52,54,63,69,123
1,0,14,42,1,5,46,15,0,52,56,57,71,67,124
0,0,12,44,1,2,51,11,1,54,56,57,67,65,122
2,0,14,36,1,2,58,8,1,63,50,51,58,71,122
1,0,10,33,1,3,57,17,1,62,43,44,60,79,123
1,0,9,36,0,2,61,12,1,65,45,45,57,77,122
0,0,14,39,1,5,39,27,0,44,53,54,80,71,125
1,0,12,36,0,4,54,14,1,60,48,48,62,74,122
1,0,12,38,0,5,47,17,2,55,50,50,67,72,122
1,0,11,39,1,4,43,22,1,49,50,51,72,71,122
0,0,14,38,0,2,41,23,2,45,52,52,75,68,120
3,0,9,36,1,5,57,13,0,65,45,46,58,78,124
1,0,13,38,0,4,48,19,1,54,51,51,70,73,124
1,0,11,35,0,3,45,27,0,49,46,46,73,76,122
1,0,12,38,1,4,52,14,1,58,50,51,64,72,123
1,0,14,36,0,5,55,10,1,62,50,50,60,72,122
1,0,12,38,0,2,53,14,1,57,50,50,64,71,121
1,0,11,35,1,4,58,13,1,64,46,47,59,77,124
1,0,10,35,1,4,59,12,0,64,45,46,57,76,122
1,0,14,39,0,4,50,15,0,55,53,53,68,70,123
1,0,12,41,0,3,48,18,0,52,53,53,71,70,123
1,0,13,36,1,3,56,12,1,61,49,50,61,73,123
1,0,12,37,1,6,49,16,2,58,49,50,65,74,124
1,0,13,37,0,3,51,15,1,56,50,50,65,71,121
1,0,12,38,0,4,47,21,0,52,50,50,71,73,123
1,0,12,36,1,4,50,20,1,56,48,49,68,76,125
4,0,14,41,0,3,45,13,0,52,55,55,68,65,120
0,0,13,36,0,6,55,11,1,62,49,49,60,73,122
1,0,14,40,0,5,48,11,1,55,54,54,65,66,120
0,0,11,38,1,4,50,20,1,55,49,50,69,75,125
1,0,11,34,1,2,54,18,0,57,45,46,63,75,121
1,0,10,35,1,4,59,13,0,64,45,46,58,77,123
1,0,12,34,1,2,54,18,0,57,46,47,64,75,122
0,0,13,39,1,4,54,10,0,58,52,53,62,68,121
1,0,13,39,0,2,53,14,0,56,52,52,66,70,122
1,0,11,35,0,4,50,22,0,55,46,46,68,77,123
2,0,11,39,1,5,55,11,0,62,50,51,61,73,124
1,0,13,37,0,6,52,15,0,59,50,50,65,74,124
1,0,10,45,1,3,39,21,1,44,55,56,76,65,121
4,0,11,33,0,5,54,14,1,64,44,44,58,78,122
1,0,11,38,0,5,54,13,1,61,49,49,62,74,123
1,0,11,35,0,3,54,16,1,59,46,46,62,75,121
0,0,12,36,1,4,47,21,1,52,48,49,69,73,122
0,0,13,41,1,3,53,10,0,56,54,55,64,66,121
1,0,15,37,1,2,49,16,0,52,52,53,68,68,121
1,0,12,34,1,3,50,21,1,55,46,47,67,76,123
2,0,16,34,1,2,50,15,1,55,50,51,65,70,121
1,0,12,38,0,2,55,12,1,59,50,50,62,71,121
2,0,13,34,0,3,58,11,1,64,47,47,58,75,122
0,0,13,40,1,2,44,20,1,47,53,54,73,67,121
1,0,13,40,1,3,47,17,1,52,53,54,70,69,123
1,0,10,35,0,3,66,8,1,71,45,45,53,79,124
1,0,13,36,0,5,54,13,2,62,49,49,62,75,124
1,0,11,34,1,4,58,13,1,64,45,46,58,77,123
1,0,13,41,1,4,43,18,1,49,54,55,72,67,122
1,0,14,38,0,2,57,10,1,61,52,52,62,71,123
1,0,12,39,1,2,52,15,1,56,51,52,66,71,123
1,0,13,43,0,3,46,14,1,51,56,56,70,65,121
1,0,13,37,0,4,53,13,1,59,50,50,63,72,122
1,0,11,34,1,5,51,23,0,57,45,46,68,80,126
1,0,13,38,1,3,57,9,0,61,51,52,60,70,122
1,0,14,37,1,4,56,9,1,62,51,52,60,71,123
1,0,14,35,0,1,54,16,1,57,49,49,65,73,122
1,0,12,40,0,5,54,11,1,61,52,52,63,72,124
1,0,13,36,0,5,55,13,0,61,49,49,62,74,123
1,0,12,40,1,3,50,16,0,54,52,53,68,70,123
1,0,10,38,0,3,50,19,1,55,48,48,67,74,122
1,0,11,39,1,4,50,18,1,56,50,51,68,74,125
0,0,13,39,1,4,47,18,0,51,52,53,70,69,122
2,0,12,36,1,3,52,15,0,57,48,49,63,72,121
1,0,14,36,0,1,46,23,0,48,50,50,73,71,121
0,0,11,43,1,3,50,13,1,54,54,55,67,67,122
1,0,12,39,1,2,57,9,0,60,51,52,60,69,121
1,0,12,34,0,3,61,12,1,66,46,46,58,78,124
1,0,14,36,0,3,49,18,0,53,50,50,68,71,121
1,0,13,37,0,5,50,15,0,56,50,50,65,71,121
0,0,14,36,0,4,55,11,1,60,50,50,61,71,121
1,0,12,39,1,3,49,18,1,54,51,52,69,72,124
1,0,13,34,0,5,58,13,1,65,47,47,60,78,125
1,0,14,32,1,5,58,10,1,65,46,47,56,75,122
1,0,13,37,1,2,51,15,1,55,50,51,65,70,121
1,0,12,39,1,4,51,14,1,57,51,52,65,71,123
1,0,13,37,1,3,53,15,1,58,50,51,65,73,124
1,0,14,35,1,1,51,18,1,54,49,50,67,72,122
1,0,12,39,1,4,47,18,1,53,51,52,69,71,123
1,0,14,38,0,4,48,17,1,54,52,52,69,71,123
1,0,11,37,0,3,51,18,0,55,48,48,66,73,121
0,0,11,38,1,4,55,14,0,59,49,50,63,73,123
1,0,10,38,0,4,55,12,0,60,48,48,60,72,120
0,0,14,36,0,4,55,11,1,60,50,50,61,71,121
1,0,10,39,0,2,57,11,1,61,49,49,60,72,121
1,0,13,38,0,5,54,12,1,61,51,51,63,73,124
1,0,11,38,1,5,53,14,1,60,49,50,63,74,124
2,0,11,39,0,4,47,19,0,53,50,50,69,72,122
1,0,10,38,1,4,52,16,0,57,48,49,64,73,122
0,0,10,38,1,3,58,12,0,61,48,49,60,73,122
1,0,12,41,0,3,52,13,1,57,53,53,66,70,123
1,0,16,38,0,5,50,9,1,57,54,54,63,66,120
0,0,14,35,1,2,58,11,1,61,49,50,60,72,122
1,0,12,39,1,2,58,8,1,62,51,52,59,70,122
1,0,12,39,0,2,51,16,1,55,51,51,67,71,122
1,0,12,40,0,0,52,16,1,54,52,52,68,70,122
1,0,11,34,1,3,53,19,0,57,45,46,64,76,122
1,0,11,39,1,3,53,14,1,58,50,51,64,72,123
1,0,13,37,0,3,50,13,3,57,50,50,63,70,120
0,0,10,38,1,3,53,18,1,57,48,49,66,75,124
0,0,11,36,0,5,57,13,1,63,47,47,60,76,123
1,0,11,34,0,3,62,11,1,67,45,45,56,78,123
1,0,12,42,1,3,49,14,1,54,54,55,68,68,123
0,0,11,34,0,5,55,17,2,62,45,45,62,79,124
1,0,12,42,1,4,54,9,1,60,54,55,63,69,124
1,0,12,39,1,3,53,13,1,58,51,52,64,71,123
1,0,14,39,0,4,48,16,1,54,53,53,69,70,123
1,0,11,38,0,2,57,12,1,61,49,49,61,73,122
1,0,12,35,1,7,48,18,1,57,47,48,65,75,123
3,0,10,36,0,4,55,14,0,62,46,46,60,76,122
1,0,13,37,1,4,49,16,0,54,50,51,66,70,121
1,0,13,34,1,4,51,20,0,56,47,48,67,76,124
1,0,15,38,0,4,44,19,1,50,53,53,72,69,122
1,0,12,39,0,3,46,20,1,51,51,51,71,71,122
1,0,13,42,1,3,45,15,1,50,55,56,70,65,121
1,0,14,38,1,5,55,10,1,62,52,53,62,72,125
1,0,12,37,0,1,57,13,1,60,49,49,62,73,122
2,0,10,36,0,4,59,10,0,65,46,46,56,75,121
1,0,10,32,1,4,56,20,1,62,42,43,62,82,125
2,0,12,40,0,3,46,17,0,51,52,52,69,68,120
1,0,11,44,1,3,41,19,2,47,55,56,74,66,122
0,0,15,32,1,4,55,16,1,60,47,48,63,76,124
2,0,14,38,0,2,55,9,0,59,52,52,61,68,120
1,0,13,35,0,5,54,14,1,61,48,48,62,75,123
1,0,11,36,1,2,64,5,1,68,47,48,52,73,121
2,0,14,31,1,4,58,12,1,65,45,46,57,77,123
0,0,12,36,0,2,51,19,1,54,48,48,67,73,121
0,0,14,35,1,3,51,17,0,54,49,50,66,71,121
2,0,11,38,1,2,56,11,1,61,49,50,60,72,122
1,0,11,36,1,3,55,15,0,59,47,48,62,74,122
1,0,14,33,0,4,47,23,1,53,47,47,70,76,123
0,0,11,40,1,4,52,13,1,57,51,52,64,70,122
1,0,13,41,1,0,52,14,1,54,54,55,68,68,123
1,0,12,33,0,1,57,14,2,61,45,45,59,75,120
1,0,13,37,0,4,53,14,0,58,50,50,64,72,122
1,0,10,37,0,2,51,19,0,54,47,47,66,73,120
1,0,15,36,0,5,47,16,1,54,51,51,67,70,121
2,0,13,39,0,3,49,14,0,54,52,52,66,68,120
1,0,10,41,1,7,46,15,1,55,51,52,66,70,122
1,0,13,34,1,3,62,9,0,66,47,48,56,75,123
1,0,11,36,1,2,55,16,1,59,47,48,63,75,123
2,0,10,40,0,3,52,13,0,57,50,50,63,70,120
1,0,11,42,1,2,53,11,1,57,53,54,64,68,122
1,0,12,35,0,3,50,21,0,54,47,47,68,75,122
1,0,12,38,1,4,48,20,0,53,50,51,70,73,124
1,0,10,37,1,5,52,20,0,58,47,48,67,78,126
1,0,13,33,1,4,59,11,0,64,46,47,57,75,122
0,0,10,34,1,3,58,16,1,62,44,45,60,78,123
0,0,13,38,1,4,48,20,1,53,51,52,71,73,125
1,0,12,37,1,4,46,22,1,52,49,50,71,74,124
1,0,13,37,1,3,59,8,1,64,50,51,58,72,123
4,0,10,36,0,3,54,15,0,61,46,46,61,76,122
1,0,14,36,0,6,47,17,0,54,50,50,67,71,121
1,0,12,36,1,5,52,18,1,59,48,49,66,77,126
1,0,12,37,1,3,56,13,1,61,49,50,62,74,124
1,0,11,40,0,3,54,14,0,58,51,51,65,72,123
4,0,10,32,1,4,62,8,1,71,42,43,50,79,122
1,0,14,37,1,4,50,15,0,55,51,52,66,70,122
0,0,11,39,0,3,53,15,1,57,50,50,65,72,122
0,0,16,36,0,3,51,14,1,55,52,52,66,69,121
0,0,15,40,1,2,51,11,0,53,55,56,66,64,120
1,0,10,35,1,4,55,18,0,60,45,46,63,78,124
1,0,12,38,0,4,53,13,1,59,50,50,63,72,122
1,0,12,38,1,4,49,19,0,54,50,51,69,73,124
0,0,14,36,0,5,57,11,0,62,50,50,61,73,123
2,0,11,37,1,2,53,17,0,57,48,49,65,74,123
1,0,13,41,0,5,42,21,1,49,54,54,75,70,124
1,0,10,36,1,4,53,16,1,59,46,47,62,75,122
2,0,10,41,1,2,46,18,1,51,51,52,69,69,121
1,0,13,37,0,3,55,11,1,60,50,50,61,71,121
1,0,15,36,1,3,45,19,1,50,51,52,70,69,121
1,0,13,43,1,4,46,15,1,52,56,57,71,67,124
3,0,11,43,0,3,49,10,1,56,54,54,64,66,120
1,0,11,37,0,2,45,25,1,49,48,48,73,74,122
1,0,13,39,1,3,47,18,1,52,52,53,70,70,123
2,0,11,38,1,3,50,18,0,55,49,50,67,73,123
0,0,11,41,1,3,52,13,0,55,52,53,65,68,121
1,0,17,35,1,5,53,12,0,59,52,53,64,71,124
1,0,12,36,0,2,53,16,0,56,48,48,64,72,120
1,0,12,36,0,2,53,16,0,56,48,48,64,72,120
1,0,12,35,1,3,53,15,1,58,47,48,62,73,121
1,0,11,40,1,2,47,20,1,51,51,52,71,71,123
1,0,10,39,0,2,48,20,1,52,49,49,69,72,121
1,0,11,37,1,2,55,15,0,58,48,49,63,73,122
1,0,11,42,1,2,53,11,0,56,53,54,64,67,121
0,0,13,38,1,2,49,17,1,52,51,52,68,69,121
1,0,16,35,0,3,50,15,1,55,51,51,66,70,121
1,0,11,39,1,3,51,16,1,56,50,51,66,72,123
1,0,13,39,1,0,48,18,1,50,52,53,70,68,121
1,0,13,37,0,0,57,13,0,58,50,50,63,71,121
1,0,9,39,0,4,51,17,1,57,48,48,65,74,122
1,0,11,34,0,4,56,14,1,62,45,45,59,76,121
1,0,12,35,1,4,52,18,1,58,47,48,65,76,124
1,0,13,34,1,2,59,12,1,63,47,48,59,75,123
1,0,12,40,1,4,51,14,1,57,52,53,66,71,124
1,0,12,35,1,3,52,17,0,56,47,48,64,73,121
1,0,12,35,1,4,57,11,1,63,47,48,58,74,122
1,0,12,40,0,6,51,14,0,58,52,52,66,72,124
0,0,12,38,1,3,55,14,1,59,50,51,64,73,124
2,0,15,32,1,3,56,14,0,61,47,48,61,75,123
1,0,11,34,0,1,60,13,0,62,45,45,58,75,120
1,0,12,39,1,3,54,12,0,58,51,52,63,70,122
1,0,12,34,1,3,60,10,0,64,46,47,56,74,121
1,0,15,39,0,0,54,12,0,55,54,54,66,67,121
0,0,14,37,1,2,53,14,1,56,51,52,65,70,122
1,0,12,36,1,3,57,12,1,62,48,49,60,74,123
1,0,12,35,1,3,55,15,1,60,47,48,62,75,123
1,0,11,40,1,3,45,21,1,50,51,52,72,71,123
0,0,17,35,0,4,51,14,1,56,52,52,66,70,122
1,0,11,38,1,3,56,12,1,61,49,50,61,73,123
1,0,12,42,0,3,51,11,0,55,54,54,65,66,120
2,0,12,35,0,4,51,18,0,57,47,47,65,75,122
1,0,13,42,0,4,47,15,0,52,55,55,70,67,122
0,0,12,36,0,2,58,13,1,61,48,48,61,74,122
0,0,12,37,0,0,57,14,1,58,49,49,63,72,121
2,0,11,37,1,3,52,15,0,57,48,49,63,72,121
1,0,11,38,0,2,55,13,0,58,49,49,62,71,120
1,0,10,39,0,4,55,14,0,60,49,49,63,74,123
1,0,14,41,1,4,43,21,0,48,55,56,76,69,125
1,0,12,33,0,3,59,14,1,64,45,45,59,78,123
1,0,12,38,1,3,48,19,1,53,50,51,69,72,123
1,0,13,35,0,5,54,16,1,61,48,48,64,77,125
1,0,12,41,1,4,52,13,1,58,53,54,66,71,125
1,0,12,40,1,2,55,11,1,59,52,53,63,70,123
2,0,13,35,1,4,60,6,1,67,48,49,54,73,122
1,0,14,32,0,6,49,21,1,57,46,46,67,78,124
1,0,11,35,1,2,53,18,1,57,46,47,64,75,122
1,0,12,39,0,3,56,12,0,60,51,51,63,72,123
1,0,11,36,0,4,47,24,1,53,47,47,71,77,124
0,0,12,38,0,4,56,10,0,60,50,50,60,70,120
1,0,12,40,0,3,52,14,0,56,52,52,66,70,122
0,0,11,40,1,3,57,10,1,61,51,52,61,71,123
1,0,15,36,1,2,54,13,0,57,51,52,64,70,122
1,0,11,35,0,4,48,25,0,53,46,46,71,78,124
0,0,12,38,0,4,52,16,1,57,50,50,66,73,123
1,0,12,41,0,4,48,15,1,54,53,53,68,69,122
3,0,10,35,0,3,59,12,1,66,45,45,57,78,123
1,0,11,40,0,2,46,20,0,49,51,51,71,69,120
1,0,10,40,0,4,48,20,1,54,50,50,70,74,124
1,0,10,37,1,3,44,25,2,50,47,48,72,75,123
0,0,13,35,1,5,57,10,0,62,48,49,58,72,121
1,0,11,36,0,2,47,25,0,50,47,47,72,75,122
1,0,13,38,0,4,51,17,1,57,51,51,68,74,125
1,0,11,29,1,3,56,23,1,61,40,41,63,84,125
1,0,13,40,0,2,51,13,0,54,53,53,66,67,120
1,0,12,35,1,2,52,19,1,56,47,48,66,75,123
1,0,15,34,1,5,59,6,1,66,49,50,55,72,122
0,0,11,36,0,4,54,16,0,58,47,47,63,74,121
1,0,11,41,0,5,51,13,1,58,52,52,65,71,123
1,0,13,42,0,3,44,18,1,49,55,55,73,67,122
1,0,12,33,0,5,58,13,1,65,45,45,58,78,123
1,0,13,38,0,5,51,13,0,57,51,51,64,70,121
0,0,16,36,1,5,55,8,1,61,52,53,60,69,122
1,0,10,45,0,3,46,16,1,51,55,55,71,67,122
1,0,12,38,1,3,58,9,0,62,50,51,59,71,122
1,0,10,41,0,2,51,15,0,54,51,51,66,69,120
1,0,9,44,0,3,52,13,1,57,53,53,66,70,123
2,0,14,36,1,4,57,8,0,63,50,51,58,71,122
1,0,11,38,0,3,53,15,1,58,49,49,64,73,122
1,0,11,42,0,3,50,13,1,55,53,53,66,68,121
1,0,9,34,0,4,60,14,1,66,43,43,57,80,123
1,0,13,34,1,3,60,10,0,64,47,48,57,74,122
1,0,11,42,0,5,49,15,1,56,53,53,68,71,124
2,0,12,38,1,3,50,16,0,55,50,51,66,71,122
0,0,13,41,1,3,40,24,0,43,54,55,78,67,122
1,0,13,40,1,3,53,12,0,57,53,54,65,69,123
1,0,14,37,0,4,46,20,0,51,51,51,71,71,122
1,0,12,36,1,3,51,17,0,55,48,49,65,72,121
1,0,12,39,1,4,45,17,3,53,51,52,68,70,122
1,0,11,39,0,5,55,10,0,61,50,50,60,71,121
1,0,11,43,1,2,42,21,1,46,54,55,75,67,122
1,0,12,37,1,5,53,13,0,59,49,50,62,72,122
4,0,9,37,0,6,52,17,0,62,46,46,63,79,125
0,0,13,40,0,3,55,9,1,59,53,53,62,68,121
1,0,13,37,0,4,55,12,1,61,50,50,62,73,123
2,0,13,38,1,3,46,20,1,52,51,52,71,72,124
1,0,11,38,1,4,46,23,0,51,49,50,72,74,124
1,0,12,36,1,1,48,22,0,50,48,49,70,72,121
0,0,16,35,0,3,56,11,0,59,51,51,62,70,121
1,0,11,33,1,4,53,19,1,59,44,45,63,78,123
1,0,13,37,1,4,52,17,0,57,50,51,67,74,125
0,0,16,36,0,2,48,18,0,50,52,52,70,68,120
1,0,13,37,1,3,56,11,0,60,50,51,61,71,122
0,0,12,35,1,2,49,22,0,51,47,48,69,73,121
1,0,14,36,1,4,55,10,1,61,50,51,60,71,122
1,0,14,40,1,3,47,16,0,51,54,55,70,67,122
1,0,12,34,0,3,61,9,0,65,46,46,55,74,120
1,0,13,40,1,4,46,18,0,51,53,54,71,69,123
1,0,11,40,1,3,53,14,1,58,51,52,65,72,124
1,0,11,36,1,4,53,17,0,58,47,48,64,75,123
1,0,14,37,0,4,49,15,0,54,51,51,66,69,120
1,0,12,36,2,1,57,9,3,62,48,50,57,71,121
1,0,13,37,1,3,51,16,1,56,50,51,66,72,123
1,0,12,37,1,2,53,15,0,56,49,50,64,71,121
2,0,13,35,1,4,49,18,1,56,48,49,66,74,123
1,0,12,36,0,2,57,12,0,60,48,48,60,72,120
1,0,13,32,1,4,57,15,1,63,45,46,60,78,124
1,0,13,40,1,3,49,15,0,53,53,54,68,68,122
1,0,13,40,0,5,48,15,1,55,53,53,68,70,123
1,0,11,38,1,2,52,16,1,56,49,50,65,72,122
1,0,10,36,1,2,56,16,1,60,46,47,62,76,123
1,0,12,35,1,4,58,11,1,64,47,48,58,75,123
1,0,11,42,1,2,49,15,0,52,53,54,68,67,121
0,0,12,40,0,1,54,13,0,55,52,52,65,68,120
2,0,12,34,1,4,50,20,1,57,46,47,66,77,124
1,0,12,35,0,4,55,14,1,61,47,47,61,75,122
0,0,10,32,1,6,65,7,1,72,42,43,49,79,122
1,0,10,41,1,4,47,18,1,53,51,52,69,71,123
1,0,15,34,1,3,53,13,1,58,49,50,62,71,121
1,0,11,39,1,4,49,17,0,54,50,51,67,71,122
0,0,12,37,0,3,53,15,1,57,49,49,64,72,121
0,0,12,35,0,2,48,24,0,50,47,47,71,74,121
2,0,13,42,0,3,45,14,1,51,55,55,69,65,120
0,0,11,38,0,3,52,17,0,55,49,49,66,72,121
0,0,13,38,0,3,51,15,0,54,51,51,66,69,120
0,0,15,34,0,3,51,17,1,55,49,49,66,72,121
1,0,12,41,1,3,48,17,0,52,53,54,70,69,123
4,0,11,38,1,3,56,9,1,64,49,50,58,73,123
1,0,12,38,1,4,54,11,0,59,50,51,61,70,121
1,0,11,40,0,4,46,17,1,52,51,51,68,69,120
1,0,11,38,1,2,50,17,1,54,49,50,66,71,121
1,0,10,38,1,2,53,16,1,57,48,49,64,73,122
1,0,11,41,1,3,50,14,1,55,52,53,66,69,122
1,0,12,39,0,4,49,17,0,54,51,51,68,71,122
1,0,13,36,0,3,51,17,0,55,49,49,66,72,121
0,0,11,41,0,3,53,12,1,57,52,52,64,69,121
3,0,12,41,0,4,48,13,1,56,53,53,66,69,122
1,0,12,36,0,5,52,19,1,59,48,48,67,78,126
1,0,12,38,1,3,56,10,1,61,50,51,60,71,122
0,0,11,40,1,4,53,13,1,58,51,52,64,71,123
1,0,14,35,1,2,55,11,1,59,49,50,60,70,120
1,0,12,37,1,3,58,9,1,63,49,50,58,72,122
1,0,13,42,0,3,45,17,1,50,55,55,72,67,122
2,0,12,38,1,2,51,16,1,56,50,51,66,72,123
1,0,11,36,0,4,49,21,1,55,47,47,68,76,123
1,0,13,38,1,3,53,12,0,57,51,52,63,69,121
0,0,11,42,1,3,49,15,1,53,53,54,68,68,122
1,0,12,38,1,3,51,16,1,56,50,51,66,72,123
1,0,14,38,0,2,46,19,1,50,52,52,71,69,121
1,0,14,35,0,3,51,19,0,55,49,49,68,74,123
0,0,11,40,0,3,50,16,1,54,51,51,67,70,121
1,0,12,37,0,0,59,12,1,61,49,49,61,73,122
2,0,12,38,0,4,58,8,0,64,50,50,58,72,122
1,0,14,32,1,6,55,18,1,63,46,47,64,81,128
2,0,14,36,1,0,50,14,4,56,50,51,64,70,121
1,0,14,39,0,3,46,17,2,52,53,53,70,69,122
1,0,11,43,0,3,52,9,1,57,54,54,63,66,120
0,0,14,32,1,4,56,14,1,61,46,47,60,75,122
0,0,11,34,0,6,60,13,1,67,45,45,58,80,125
1,0,13,37,1,5,52,17,0,58,50,51,67,75,126
1,0,12,39,0,3,49,16,1,54,51,51,67,70,121
1,0,10,34,0,3,58,16,1,63,44,44,60,79,123
1,0,15,40,1,0,56,9,0,57,55,56,64,66,122
1,0,10,39,1,2,52,17,1,56,49,50,66,73,123
1,0,14,40,0,4,49,14,1,55,54,54,68,69,123
2,0,12,35,1,3,55,12,1,61,47,48,59,73,121
1,0,13,37,0,5,47,21,0,53,50,50,71,74,124
1,0,13,42,0,2,45,17,0,48,55,55,72,65,120
0,0,15,40,1,3,48,14,0,51,55,56,69,65,121
1,0,14,36,1,6,54,9,0,61,50,51,59,70,121
2,0,10,40,1,5,55,12,1,63,50,51,62,75,126
1,0,12,41,0,3,53,11,0,57,53,53,64,68,121
1,0,14,33,0,4,59,13,1,65,47,47,60,78,125
0,0,11,40,0,3,52,14,1,56,51,51,65,70,121
1,0,13,37,1,2,58,10,1,62,50,51,60,72,123
0,0,16,37,0,4,51,14,0,55,53,53,67,69,122
1,0,10,33,0,2,48,26,0,51,43,43,69,77,120
1,0,12,39,1,3,47,19,0,51,51,52,70,70,122
1,0,12,39,1,4,57,9,1,63,51,52,60,72,124
1,0,12,39,1,3,50,14,1,55,51,52,65,69,121
1,0,14,36,0,3,53,14,0,57,50,50,64,71,121
1,0,13,41,1,5,48,17,0,54,54,55,71,71,126
1,0,13,36,1,3,51,17,0,55,49,50,66,72,122
0,0,14,34,1,4,58,13,0,62,48,49,61,75,124
1,0,12,37,1,3,53,16,0,57,49,50,65,73,123
1,0,14,38,1,3,58,7,0,62,52,53,59,69,122
0,0,14,36,0,3,59,8,1,63,50,50,58,71,121
1,0,14,38,1,3,56,9,1,61,52,53,61,70,123
0,0,12,38,0,5,49,20,0,54,50,50,70,74,124
0,0,13,34,0,2,60,12,0,62,47,47,59,74,121
1,0,13,38,1,1,48,18,0,50,51,52,69,68,120
1,0,12,39,1,4,54,12,1,60,51,52,63,72,124
2,0,11,41,1,2,51,13,0,55,52,53,65,68,121
1,0,14,35,1,2,56,13,1,60,49,50,62,73,123
1,0,13,36,0,3,56,13,0,60,49,49,62,73,122
1,0,13,42,0,2,45,18,0,48,55,55,73,66,121
1,0,11,41,1,5,49,15,0,55,52,53,67,70,123
1,0,11,33,1,1,62,11,1,65,44,45,55,76,121
1,0,12,36,1,4,52,16,1,58,48,49,64,74,123
0,0,10,36,0,2,53,19,0,55,46,46,65,74,120
2,0,12,36,0,4,56,12,0,62,48,48,60,74,122
0,0,13,35,1,2,59,10,1,62,48,49,58,72,121
1,0,11,34,0,3,59,12,1,64,45,45,57,76,121
2,0,16,34,1,6,54,8,1,63,50,51,58,71,122
3,0,10,33,0,5,59,10,1,68,43,43,53,78,121
0,0,14,36,0,2,54,14,0,56,50,50,64,70,120
0,0,13,38,1,4,53,14,0,57,51,52,65,71,123
1,0,12,35,1,3,51,20,0,55,47,48,67,75,123
3,0,11,34,1,3,53,16,0,59,45,46,61,75,121
1,0,12,35,0,3,55,16,1,60,47,47,63,76,123
1,0,13,37,1,3,50,18,1,55,50,51,68,73,124
0,0,15,38,1,4,50,11,2,56,53,54,64,67,121
1,0,10,39,1,3,55,12,1,60,49,50,61,72,122
0,0,13,33,0,3,59,12,1,63,46,46,58,75,121
1,0,10,39,0,3,47,20,1,52,49,49,69,72,121
1,0,12,35,0,3,58,11,1,63,47,47,58,74,121
1,0,11,38,1,3,54,15,1,59,49,50,64,74,124
1,0,13,39,1,5,49,16,0,55,52,53,68,71,124
0,0,13,37,0,4,56,13,1,61,50,50,63,74,124
1,0,13,38,1,3,52,15,1,57,51,52,66,72,124
1,0,13,37,0,3,56,10,1,61,50,50,60,71,121
2,0,11,36,0,3,51,18,1,57,47,47,65,75,122
1,0,13,37,1,3,56,11,1,61,50,51,61,72,123
1,0,12,41,0,4,52,10,0,57,53,53,63,67,120
0,0,11,34,1,4,60,11,1,65,45,46,56,76,122
1,0,14,34,0,4,53,15,1,59,48,48,63,74,122
1,0,13,36,0,5,51,16,1,58,49,49,65,74,123
1,0,12,36,0,3,58,10,0,62,48,48,58,72,120
1,0,12,36,0,4,48,22,1,54,48,48,70,76,124
1,0,14,38,1,4,50,14,1,56,52,53,66,70,123
1,0,12,35,0,5,56,14,0,62,47,47,61,76,123
1,0,13,35,1,3,53,16,0,57,48,49,64,73,122
1,0,14,34,0,3,52,16,1,57,48,48,64,73,121
1,0,15,38,1,2,44,20,1,48,53,54,73,68,122
1,0,13,37,1,4,50,17,0,55,50,51,67,72,123
1,0,13,40,1,2,51,13,1,55,53,54,66,68,122
0,0,12,38,0,3,55,12,1,59,50,50,62,71,121
0,0,12,37,0,4,46,21,0,50,49,49,70,71,120
1,0,11,37,0,4,53,16,1,59,48,48,64,75,123
2,0,11,40,1,3,47,16,1,53,51,52,67,69,121
1,0,13,37,0,4,58,10,0,63,50,50,60,73,123
1,0,11,36,0,3,52,18,0,56,47,47,65,74,121
1,0,11,38,0,2,52,16,1,56,49,49,65,72,121
0,0,14,40,1,3,43,20,1,47,54,55,74,67,122
1,0,13,42,0,3,47,17,0,51,55,55,72,68,123
1,0,10,41,1,3,53,12,1,58,51,52,63,70,122
1,0,13,38,1,4,52,13,0,57,51,52,64,70,122
0,0,12,40,0,3,49,16,1,53,52,52,68,69,121
0,0,13,37,1,3,52,16,0,55,50,51,66,71,122
1,0,12,42,1,4,49,14,1,55,54,55,68,69,124
1,0,15,35,1,2,54,15,0,57,50,51,65,72,123
1,0,14,36,1,4,57,10,1,63,50,51,60,73,124
0,0,10,40,0,3,55,12,0,58,50,50,62,70,120
1,0,10,39,0,5,54,15,1,61,49,49,64,76,125
1,0,12,38,0,4,46,20,1,52,50,50,70,72,122
0,0,10,35,0,3,54,19,1,58,45,45,64,77,122
1,0,11,36,1,4,44,26,0,49,47,48,73,75,123
1,0,12,37,0,3,46,21,0,50,49,49,70,71,120
3,0,14,32,2,5,57,10,1,66,46,48,56,76,124
1,0,13,37,0,2,57,10,0,60,50,50,60,70,120
1,0,11,38,0,4,52,15,0,57,49,49,64,72,121
0,0,13,37,1,3,53,14,0,56,50,51,64,70,121
1,0,11,36,1,3,53,18,1,58,47,48,65,76,124
1,0,13,33,1,2,55,16,1,59,46,47,62,75,122
1,0,12,40,1,2,49,17,0,52,52,53,69,69,122
1,0,13,34,1,4,58,10,0,63,47,48,57,73,121
1,0,11,38,1,0,44,27,0,45,49,50,76,72,122
1,0,13,35,1,3,48,21,1,53,48,49,69,74,123
1,0,12,36,0,3,56,13,0,60,48,48,61,73,121
1,0,15,36,0,4,53,12,1,59,51,51,63,71,122
1,0,13,34,1,3,55,13,0,59,47,48,60,72,120
0,0,12,34,1,3,57,16,1,61,46,47,62,77,124
1,0,12,37,1,3,49,18,0,53,49,50,67,71,121
1,0,13,35,0,3,56,13,0,60,48,48,61,73,121
1,0,10,36,1,3,62,10,1,67,46,47,56,77,124
1,0,12,35,0,3,52,20,1,57,47,47,67,77,124
5,0,9,34,0,4,57,10,1,67,43,43,53,77,120
1,0,12,34,0,4,54,18,0,59,46,46,64,77,123
1,0,15,36,0,5,54,13,1,61,51,51,64,74,125
0,0,11,37,1,3,46,22,1,50,48,49,70,72,121
1,0,10,43,0,2,51,14,1,55,53,53,67,69,122
1,0,13,35,1,4,52,17,0,57,48,49,65,74,123
0,0,13,39,0,3,53,14,1,57,52,52,66,71,123
1,0,12,39,1,3,49,17,0,53,51,52,68,70,122
1,0,13,36,1,6,52,13,1,60,49,50,62,73,123
1,0,13,37,0,4,53,14,0,58,50,50,64,72,122
1,0,12,37,0,3,49,19,1,54,49,49,68,73,122
1,0,13,37,0,4,54,11,1,60,50,50,61,71,121
1,0,12,38,1,3,55,13,0,59,50,51,63,72,123
0,0,14,31,1,4,59,12,0,63,45,46,57,75,121
1,0,12,38,0,3,55,13,0,59,50,50,63,72,122
0,0,15,36,1,3,56,10,0,59,51,52,61,69,121
1,0,11,38,0,1,46,24,0,48,49,49,73,72,121
2,0,12,35,1,3,52,17,1,58,47,48,64,75,123
0,0,14,36,1,3,52,16,1,56,50,51,66,72,123
1,0,12,35,0,3,55,15,0,59,47,47,62,74,121
1,0,11,46,0,6,51,8,1,59,57,57,65,67,124
2,0,12,37,0,0,56,13,1,59,49,49,62,72,121
1,0,12,37,0,4,51,15,1,57,49,49,64,72,121
1,0,13,39,1,4,49,18,0,54,52,53,70,72,125
1,0,13,33,1,3,57,15,0,61,46,47,61,76,123
2,0,12,40,1,3,47,17,0,52,52,53,69,69,122
0,0,13,34,0,3,60,11,0,63,47,47,58,74,121
1,0,14,38,0,2,50,17,1,54,52,52,69,71,123
4,0,12,38,0,5,52,12,0,61,50,50,62,73,123
0,0,12,38,0,2,56,12,0,58,50,50,62,70,120
1,0,15,31,1,4,46,26,1,52,46,47,72,78,125
2,0,13,39,1,3,53,12,0,58,52,53,64,70,123
3,0,11,38,1,3,52,13,0,58,49,50,62,71,121
0,0,14,37,1,4,55,12,0,59,51,52,63,71,123
1,0,14,39,1,3,51,14,1,56,53,54,67,70,124
1,0,14,38,0,2,50,16,0,53,52,52,68,69,121
1,0,13,40,1,3,51,12,1,56,53,54,65,68,122
1,0,9,39,0,5,57,13,0,63,48,48,61,76,124
1,0,12,39,1,4,49,17,1,55,51,52,68,72,124
1,0,13,36,1,3,44,24,0,48,49,50,73,72,122
0,0,13,38,0,3,51,16,0,54,51,51,67,70,121
0,0,12,40,0,4,50,16,0,54,52,52,68,70,122
0,0,12,37,0,3,58,11,1,62,49,49,60,73,122
0,0,12,38,1,3,57,11,1,61,50,51,61,72,123
0,0,14,41,1,3,46,15,1,50,55,56,70,65,121
2,0,10,35,1,3,61,9,1,67,45,46,54,76,122
0,0,11,39,0,2,52,16,0,54,50,50,66,70,120
0,0,13,35,0,4,46,23,2,52,48,48,71,75,123
1,0,12,34,1,4,58,15,0,63,46,47,61,78,125
0,0,13,36,0,3,54,15,0,57,49,49,64,72,121
2,0,12,39,1,3,51,12,1,57,51,52,63,69,121
0,0,13,36,1,5,49,19,1,55,49,50,68,74,124
1,0,11,41,1,4,53,11,1,59,52,53,63,70,123
2,0,13,41,1,3,51,11,0,56,54,55,65,67,122
2,0,10,37,0,3,54,15,0,59,47,47,62,74,121
1,0,12,34,1,3,56,15,0,60,46,47,61,75,122
1,0,12,37,1,3,49,20,0,53,49,50,69,73,123
1,0,14,38,0,5,53,9,1,60,52,52,61,69,121
1,0,11,40,1,3,48,18,1,53,51,52,69,71,123
0,0,11,38,1,3,54,16,1,58,49,50,65,74,124
1,0,14,34,1,4,54,15,1,60,48,49,63,75,124
1,0,12,37,0,4,54,13,1,60,49,49,62,73,122
2,0,12,39,1,2,55,11,0,59,51,52,62,70,122
1,0,13,34,1,3,48,20,2,54,47,48,67,74,122
1,0,12,39,0,3,53,14,0,57,51,51,65,71,122
1,0,13,32,0,2,64,9,1,68,45,45,54,77,122
2,0,12,34,0,3,51,20,0,56,46,46,66,76,122
1,0,14,38,0,3,46,20,1,51,52,52,72,71,123
1,0,13,40,1,2,49,16,1,53,53,54,69,69,123
1,0,10,41,1,3,51,15,1,56,51,52,66,71,123
1,0,12,38,0,3,47,21,1,52,50,50,71,73,123
1,0,12,34,1,3,63,8,0,67,46,47,54,75,122
1,0,13,35,1,3,50,20,1,55,48,49,68,75,124
1,0,11,38,1,5,56,9,1,63,49,50,58,72,122
1,0,13,37,1,5,53,14,1,60,50,51,64,74,125
1,0,10,37,1,2,48,23,0,51,47,48,70,74,122
1,0,12,37,1,2,51,16,1,55,49,50,65,71,121
1,0,10,36,1,4,53,20,1,59,46,47,66,79,126
1,0,13,37,0,3,50,17,0,54,50,50,67,71,121
1,0,12,36,1,3,47,21,2,53,48,49,69,74,123
1,0,11,39,1,3,47,20,1,52,50,51,70,72,123
1,0,11,37,0,3,56,14,0,60,48,48,62,74,122
0,0,12,40,0,1,42,23,2,45,52,52,75,68,120
1,0,13,38,0,3,50,17,1,55,51,51,68,72,123
1,0,12,42,1,5,50,11,1,57,54,55,65,68,123
1,0,13,37,1,5,51,13,0,57,50,51,63,70,121
1,0,13,36,0,1,58,11,1,61,49,49,60,72,121
1,0,14,35,0,4,57,11,1,63,49,49,60,74,123
1,0,14,38,1,5,54,12,0,60,52,53,64,72,125
1,0,13,38,0,3,50,17,1,55,51,51,68,72,123
1,0,13,37,0,2,54,13,1,58,50,50,63,71,121
1,0,12,37,0,3,53,13,1,58,49,49,62,71,120
1,0,12,45,0,2,48,13,0,51,57,57,70,64,121
1,0,10,40,1,4,49,18,1,55,50,51,68,73,124
0,0,11,40,1,4,48,20,1,53,51,52,71,73,125
0,0,13,32,0,3,64,10,1,68,45,45,55,78,123
1,0,11,38,1,2,43,27,1,47,49,50,76,74,124
0,0,12,39,0,3,53,14,0,56,51,51,65,70,121
3,0,12,35,0,3,57,10,0,63,47,47,57,73,120
1,0,13,35,0,5,55,12,1,62,48,48,60,74,122
2,0,11,34,1,3,57,13,0,62,45,46,58,75,121
1,0,9,40,1,3,51,16,1,56,49,50,65,72,122
1,0,11,34,1,5,51,18,1,58,45,46,63,76,122
0,0,12,37,0,4,62,8,1,67,49,49,57,75,124
1,0,14,35,1,4,54,15,1,60,49,50,64,75,125
1,0,14,36,1,4,51,14,1,57,50,51,64,71,122
1,0,12,35,1,2,54,16,0,57,47,48,63,73,121
0,0,12,38,0,4,55,11,1,60,50,50,61,71,121
1,0,12,36,1,2,56,15,0,59,48,49,63,74,123
1,0,12,33,1,4,60,12,1,66,45,46,57,78,124
1,0,10,36,1,2,54,17,0,57,46,47,63,74,121
0,0,10,39,1,2,52,17,1,55,49,50,66,72,122
6,0,10,39,1,3,54,10,1,64,49,50,59,74,124
0,0,11,38,1,5,48,18,1,54,49,50,67,72,122
1,0,12,37,1,2,58,11,1,62,49,50,60,73,123
1,0,14,41,1,3,51,10,1,56,55,56,65,66,122
1,0,13,37,0,4,54,15,0,59,50,50,65,74,124
3,0,10,40,0,4,45,19,0,52,50,50,69,71,121
1,0,13,37,0,3,53,14,1,58,50,50,64,72,122
2,6,14,36,1,4,47,11,0,59,50,51,61,70,121
1,0,15,38,0,3,53,12,1,58,53,53,65,70,123
1,0,14,40,1,4,51,11,0,56,54,55,65,67,122
1,0,11,38,0,4,57,12,0,62,49,49,61,74,123
0,0,11,39,0,2,54,14,1,57,50,50,64,71,121
3,0,11,40,0,5,50,13,1,59,51,51,64,72,123
1,0,12,33,0,2,59,13,1,63,45,45,58,76,121
1,0,14,40,0,3,48,13,1,53,54,54,67,66,120
0,0,13,41,0,4,48,15,0,52,54,54,69,67,121
1,0,15,36,0,3,54,12,1,59,51,51,63,71,122
1,0,11,34,1,3,59,11,2,65,45,46,56,76,122
1,0,12,36,1,3,55,13,1,60,48,49,61,73,122
0,0,13,34,1,2,59,11,0,61,47,48,58,72,120
1,0,14,31,1,3,66,7,1,71,45,46,52,78,124
1,0,12,38,1,4,60,8,0,65,50,51,58,73,124
1,0,12,44,0,4,47,15,0,52,56,56,71,67,123
1,0,8,42,1,4,52,17,1,58,50,51,67,75,126
1,0,13,38,0,3,49,16,1,54,51,51,67,70,121
0,0,11,36,1,4,61,10,1,66,47,48,57,76,124
1,0,12,40,0,4,53,12,1,59,52,52,64,71,123
1,0,14,40,0,2,47,15,1,51,54,54,69,66,120
1,0,11,35,1,3,56,15,0,60,46,47,61,75,122
2,0,13,38,0,3,53,11,1,59,51,51,62,70,121
1,0,11,38,0,2,48,20,0,51,49,49,69,71,120
2,0,13,36,0,3,54,13,1,60,49,49,62,73,122
0,0,9,36,1,2,49,23,1,52,45,46,68,75,121
0,0,15,42,0,3,48,12,0,51,57,57,69,63,120
1,0,12,37,1,5,57,10,1,64,49,50,59,74,124
1,0,12,36,0,4,58,10,1,64,48,48,58,74,122
1,0,12,36,0,3,50,19,1,55,48,48,67,74,122
1,0,12,35,0,5,59,12,1,66,47,47,59,78,125
1,0,12,37,0,3,51,19,1,56,49,49,68,75,124
1,0,11,34,0,4,58,14,0,63,45,45,59,77,122
1,0,15,35,0,5,53,14,0,59,50,50,64,73,123
1,0,13,38,0,5,53,10,1,60,51,51,61,70,121
1,0,14,36,1,5,55,9,1,62,50,51,59,71,122
1,0,12,37,0,4,52,17,1,58,49,49,66,75,124
0,0,12,34,1,4,54,19,1,59,46,47,65,78,125
1,0,12,36,1,6,52,14,0,59,48,49,62,73,122
1,0,12,39,0,4,57,11,0,62,51,51,62,73,124
1,0,15,34,1,5,55,11,1,62,49,50,60,73,123
1,0,12,37,0,3,57,11,0,61,49,49,60,72,121
1,0,12,33,0,5,65,7,1,72,45,45,52,79,124
1,0,11,37,0,4,52,17,1,58,48,48,65,75,123
1,0,12,36,1,5,55,14,1,62,48,49,62,76,125
1,0,13,31,1,2,60,14,1,64,44,45,58,78,123
1,0,10,38,0,2,54,17,1,58,48,48,65,75,123
1,0,13,37,0,4,55,11,1,61,50,50,61,72,122
1,0,13,35,1,4,59,9,1,65,48,49,57,74,123
2,0,13,37,0,4,57,9,0,63,50,50,59,72,122
0,0,15,40,1,3,53,10,1,57,55,56,65,67,123
1,0,11,37,1,3,53,15,1,58,48,49,63,73,122
1,0,11,36,1,4,61,10,0,66,47,48,57,76,124
2,0,10,35,1,5,56,16,0,63,45,46,61,79,125
1,0,12,40,1,4,53,14,1,59,52,53,66,73,126
2,0,13,35,0,4,53,14,0,59,48,48,62,73,121
1,0,12,38,0,3,54,12,0,58,50,50,62,70,120
2,0,13,39,1,4,41,22,1,48,52,53,74,70,123
4,0,12,37,1,2,55,10,0,61,49,50,59,71,121
1,0,10,38,1,2,54,16,0,57,48,49,64,73,122
0,0,12,35,1,3,49,21,1,53,47,48,68,74,122
1,0,12,40,1,3,50,15,0,54,52,53,67,69,122
1,0,12,35,0,4,56,12,1,62,47,47,59,74,121
1,0,12,38,0,3,53,15,0,57,50,50,65,72,122
0,0,12,41,0,2,49,16,1,52,53,53,69,68,121
1,0,11,35,0,5,61,7,1,68,46,46,53,75,121
1,0,12,37,0,2,56,12,1,60,49,49,61,72,121
1,0,13,43,0,2,47,16,0,50,56,56,72,66,122
1,0,11,39,0,6,46,18,1,54,50,50,68,72,122
1,0,15,34,1,4,55,13,1,61,49,50,62,74,124
0,0,14,33,0,3,56,14,1,60,47,47,61,74,121
0,0,12,38,1,5,49,19,0,54,50,51,69,73,124
1,9,13,37,1,4,40,19,0,54,50,51,69,73,124
3,0,11,35,1,2,58,11,1,64,46,47,57,75,122
1,0,12,37,0,3,53,16,1,58,49,49,65,74,123
1,0,13,38,1,2,56,10,0,59,51,52,61,69,121
1,0,12,39,0,5,49,15,1,56,51,51,66,71,122
1,0,15,39,0,3,49,15,0,53,54,54,69,68,122
1,0,11,34,0,4,55,17,0,60,45,45,62,77,122
0,0,12,35,1,5,54,17,1,60,47,48,64,77,125
0,0,12,38,1,4,48,19,0,52,50,51,69,71,122
0,0,14,37,1,3,53,12,1,57,51,52,63,69,121
1,0,11,35,1,3,55,14,1,60,46,47,60,74,121
0,0,15,39,1,7,47,11,0,54,54,55,65,65,120
0,0,11,37,1,0,65,7,0,65,48,49,55,72,121
1,0,13,37,1,4,56,12,0,61,50,51,62,73,124
2,0,11,33,1,5,61,8,0,68,44,45,52,76,121
1,0,11,41,0,4,43,22,1,49,52,52,74,71,123
1,0,14,33,0,2,53,17,1,57,47,47,64,74,121
1,0,15,36,0,3,53,13,1,58,51,51,64,71,122
2,0,13,36,1,4,56,11,0,62,49,50,60,73,123
1,0,10,37,0,3,55,14,0,59,47,47,61,73,120
0,0,13,39,1,3,50,15,0,53,52,53,67,68,121
1,0,9,42,0,4,49,16,0,54,51,51,67,70,121
1,0,13,33,1,3,54,17,1,59,46,47,63,76,123
1,0,12,34,1,2,49,16,7,59,46,47,62,75,122
1,0,10,40,0,3,55,11,1,60,50,50,61,71,121
1,0,12,45,1,1,47,14,0,49,57,58,71,63,121
0,0,13,34,1,4,59,9,1,64,47,48,56,73,121
1,0,11,39,0,3,58,10,0,62,50,50,60,72,122
0,0,11,42,0,3,53,12,1,57,53,53,65,69,122
1,0,11,37,0,2,58,10,2,63,48,48,58,73,121
1,0,11,37,1,4,54,14,0,59,48,49,62,73,122
1,0,11,37,0,4,58,12,1,64,48,48,60,76,124
1,0,10,38,1,3,53,15,0,57,48,49,63,72,121
1,0,16,37,1,4,46,17,1,52,53,54,70,69,123
2,0,11,37,0,2,56,13,1,61,48,48,61,74,122
1,0,15,35,0,4,51,14,0,56,50,50,64,70,120
1,0,11,39,1,3,54,13,0,58,50,51,63,71,122
1,0,12,40,1,4,52,14,0,57,52,53,66,71,124
1,0,11,38,1,2,57,11,1,61,49,50,60,72,122
1,0,16,39,1,3,46,16,1,51,55,56,71,67,123
0,0,11,41,1,1,54,12,1,56,52,53,64,68,121
1,0,13,36,1,3,52,16,0,56,49,50,65,72,122
1,0,14,32,1,2,56,15,1,60,46,47,61,75,122
1,0,12,37,1,5,54,12,1,61,49,50,61,73,123
1,0,12,36,0,3,56,12,0,60,48,48,60,72,120
0,6,13,38,1,4,52,7,1,63,51,52,58,70,122
1,0,12,35,1,3,58,13,1,63,47,48,60,76,124
1,0,11,39,0,4,49,17,1,55,50,50,67,72,122
1,0,12,37,1,3,49,20,1,54,49,50,69,74,124
1,0,15,37,0,5,54,11,0,60,52,52,63,71,123
1,0,14,34,0,3,53,14,2,59,48,48,62,73,121
2,0,10,39,1,2,53,14,1,58,49,50,63,72,122
1,0,14,37,1,3,50,16,1,55,51,52,67,71,123
1,0,11,34,0,3,58,13,1,63,45,45,58,76,121
1,0,13,34,0,4,50,20,1,56,47,47,67,76,123
1,0,14,40,1,3,51,12,1,56,54,55,66,68,123
4,0,12,37,1,3,50,14,1,58,49,50,63,72,122
2,0,11,37,1,3,45,22,0,50,48,49,70,72,121
3,0,12,38,1,3,51,13,1,58,50,51,63,71,122
2,0,10,35,0,2,51,21,0,55,45,45,66,76,121
1,0,11,37,0,5,55,13,0,61,48,48,61,74,122
1,0,13,37,0,3,53,16,1,58,50,50,66,74,124
1,0,15,34,0,2,61,8,0,64,49,49,57,72,121
0,0,14,36,1,4,54,12,1,59,50,51,62,71,122
1,0,11,39,0,4,55,12,0,60,50,50,62,72,122
0,0,12,40,0,2,49,17,1,52,52,52,69,69,121
1,0,11,34,1,2,59,15,1,63,45,46,60,78,124
1,0,12,33,0,3,49,23,0,53,45,45,68,76,121
2,0,13,37,0,3,51,15,0,56,50,50,65,71,121
1,0,12,38,1,3,55,13,1,60,50,51,63,73,124
2,0,16,36,0,2,50,14,1,55,52,52,66,69,121
0,0,14,36,0,3,54,13,0,57,50,50,63,70,120
1,0,12,39,0,3,47,18,0,51,51,51,69,69,120
1,0,11,38,0,2,50,19,1,54,49,49,68,73,122
2,0,13,41,0,5,53,10,1,61,54,54,64,71,125
1,0,11,33,1,3,55,18,1,60,44,45,62,78,123
1,0,13,37,1,3,53,14,1,58,50,51,64,72,123
1,0,12,33,0,3,58,14,0,62,45,45,59,76,121
1,0,12,36,0,3,56,12,0,60,48,48,60,72,120
1,0,11,36,0,4,49,21,1,55,47,47,68,76,123
0,0,12,34,1,4,50,21,0,54,46,47,67,75,122
1,0,12,38,0,3,55,12,1,60,50,50,62,72,122
0,0,13,37,0,3,53,16,1,57,50,50,66,73,123
1,0,12,38,0,2,55,13,1,59,50,50,63,72,122
1,0,13,33,0,2,63,9,0,66,46,46,55,75,121
0,0,14,34,0,2,62,8,1,65,48,48,56,73,121
0,0,16,35,0,4,51,13,1,56,51,51,64,69,120
1,0,14,33,0,3,56,16,1,61,47,47,63,77,124
1,0,12,37,0,2,51,17,0,54,49,49,66,71,120
1,0,12,38,1,5,47,20,0,53,50,51,70,73,124
0,0,14,36,0,2,60,8,1,63,50,50,58,71,121
2,0,12,39,1,4,52,14,1,59,51,52,65,73,125
1,0,14,38,1,3,43,23,1,48,52,53,75,71,124
0,0,15,35,0,5,57,8,0,62,50,50,58,70,120
2,0,10,37,0,2,61,9,1,66,47,47,56,75,122
1,0,16,38,1,3,51,11,0,55,54,55,65,66,121
1,0,11,40,1,5,50,14,1,57,51,52,65,71,123
1,0,12,36,1,3,49,21,1,54,48,49,69,75,124
1,0,10,39,1,4,49,18,1,55,49,50,67,73,123
1,0,12,36,0,3,54,17,1,59,48,48,65,76,124
1,0,9,37,0,8,46,19,0,55,46,46,65,74,120
2,0,12,35,0,3,59,11,1,65,47,47,58,76,123
1,0,12,38,0,5,57,10,0,63,50,50,60,73,123
1,0,13,38,1,2,53,13,0,56,51,52,64,69,121
1,0,11,34,0,0,55,20,0,56,45,45,65,76,121
1,0,12,37,1,2,60,8,1,64,49,50,57,72,122
1,0,17,36,1,4,51,14,0,56,53,54,67,70,124
1,0,10,38,0,4,49,19,1,55,48,48,67,74,122
0,0,13,37,1,4,53,13,1,58,50,51,63,71,122
1,0,12,37,0,4,57,10,1,63,49,49,59,73,122
1,0,13,38,1,4,47,21,0,52,51,52,72,73,125
0,0,11,37,0,3,53,17,1,57,48,48,65,74,122
1,0,10,42,1,2,52,14,1,56,52,53,66,70,123
0,0,12,35,1,3,55,16,1,59,47,48,63,75,123
1,0,13,38,1,4,52,14,0,57,51,52,65,71,123
1,0,12,34,0,4,62,10,0,67,46,46,56,77,123
0,0,12,38,1,5,56,13,0,61,50,51,63,74,125
1,0,12,35,1,2,55,15,0,58,47,48,62,73,121
1,0,12,35,1,6,55,16,1,63,47,48,63,79,127
3,0,8,41,1,2,50,17,1,56,49,50,66,73,123
1,0,12,40,0,2,53,13,0,56,52,52,65,69,121
1,0,11,39,1,5,50,17,0,56,50,51,67,73,124
2,0,11,42,1,3,51,12,1,57,53,54,65,69,123
0,0,15,39,1,2,53,12,0,55,54,55,66,67,122
2,0,11,39,1,4,49,17,1,56,50,51,67,73,124
2,0,13,35,0,3,56,12,1,62,48,48,60,74,122
1,0,15,37,1,4,51,15,1,57,52,53,67,72,125
1,0,15,40,0,4,49,14,1,55,55,55,69,69,124
1,0,12,37,0,3,52,14,1,57,49,49,63,71,120
2,0,12,38,0,4,51,16,1,58,50,50,66,74,124
1,0,12,36,0,5,45,22,1,52,48,48,70,74,122
1,0,12,38,1,2,54,13,1,58,50,51,63,71,122
1,0,13,39,0,3,56,9,0,60,52,52,61,69,121
0,0,13,38,0,4,50,18,0,54,51,51,69,72,123
0,0,13,36,1,5,51,15,0,56,49,50,64,71,121
1,0,11,33,0,2,59,15,1,63,44,44,59,78,122
1,0,10,39,1,4,49,19,1,55,49,50,68,74,124
1,0,12,40,1,3,47,18,1,52,52,53,70,70,123
1,0,13,40,0,2,52,13,0,55,53,53,66,68,121
1,0,14,35,0,3,57,12,0,61,49,49,61,73,122
1,0,13,38,1,3,45,21,0,49,51,52,72,70,122
1,0,14,37,0,6,55,10,1,63,51,51,61,73,124
1,0,11,37,1,2,58,11,0,61,48,49,59,72,121
1,0,10,40,0,4,55,13,1,61,50,50,63,74,124
2,0,13,42,1,3,46,15,0,51,55,56,70,66,122
2,0,10,39,1,3,51,16,0,56,49,50,65,72,122
0,0,11,41,0,5,50,17,1,56,52,52,69,73,125
1,0,12,38,1,3,49,17,0,53,50,51,67,70,121
1,0,11,43,0,3,41,22,0,45,54,54,76,67,121
0,0,14,38,0,2,54,13,0,56,52,52,65,69,121
2,0,13,34,1,5,57,10,1,65,47,48,57,75,123
1,0,12,41,0,5,50,13,1,57,53,53,66,70,123
1,0,14,37,0,3,50,16,1,55,51,51,67,71,122
2,0,12,33,1,2,55,16,0,59,45,46,61,75,121
0,0,14,38,1,1,51,16,0,52,52,53,68,68,121
1,0,12,42,1,4,57,7,1,63,54,55,61,70,125
0,0,14,37,0,2,54,13,0,56,51,51,64,69,120
0,0,12,34,1,4,53,19,1,58,46,47,65,77,124
1,0,13,33,1,3,61,11,0,65,46,47,57,76,123
1,0,11,38,1,3,52,17,0,56,49,50,66,73,123
1,0,11,36,0,2,55,13,2,60,47,47,60,73,120
1,0,13,38,1,5,53,12,1,60,51,52,63,72,124
1,0,11,36,1,4,56,15,0,61,47,48,62,76,124
1,0,13,40,0,4,52,14,0,57,53,53,67,71,124
1,0,16,37,1,4,49,13,2,56,53,54,66,69,123
0,0,14,42,1,3,51,10,0,54,56,57,66,64,121
1,0,14,38,0,4,54,12,0,59,52,52,64,71,123
1,0,13,37,0,4,51,17,0,56,50,50,67,73,123
1,0,13,42,0,2,44,19,1,48,55,55,74,67,122
1,0,14,36,1,4,53,13,1,59,50,51,63,72,123
2,0,12,37,0,3,54,12,1,60,49,49,61,72,121
1,0,12,40,0,3,46,18,1,51,52,52,70,69,121
1,0,12,38,1,3,50,18,1,55,50,51,68,73,124
1,0,13,34,1,4,54,15,1,60,47,48,62,75,123
1,0,13,35,1,3,54,16,1,59,48,49,64,75,124
1,0,12,39,1,3,49,17,0,53,51,52,68,70,122
1,0,13,37,0,2,55,13,1,59,50,50,63,72,122
1,0,16,36,0,0,52,16,0,53,52,52,68,69,121
1,0,14,38,1,4,52,15,0,57,52,53,67,72,125
1,0,14,31,0,3,57,14,1,62,45,45,59,76,121
2,0,12,37,1,5,50,16,1,58,49,50,65,74,124
0,0,11,38,0,5,59,9,0,64,49,49,58,73,122
2,0,12,37,0,2,51,16,0,55,49,49,65,71,120
0,0,13,40,1,3,49,15,0,52,53,54,68,67,121
1,0,14,30,0,2,65,10,1,69,44,44,54,79,123
1,0,13,44,1,4,48,10,1,54,57,58,67,64,122
1,0,10,38,0,1,57,13,1,60,48,48,61,73,121
0,0,14,35,0,3,51,17,1,55,49,49,66,72,121
1,0,12,43,0,2,46,17,1,50,55,55,72,67,122
2,0,13,38,0,3,55,9,1,61,51,51,60,70,121
1,0,15,36,0,2,52,15,0,55,51,51,66,70,121
1,0,10,39,0,3,51,17,1,56,49,49,66,73,122
1,0,11,34,0,3,63,10,0,67,45,45,55,77,122
1,0,14,41,0,3,48,14,0,52,55,55,69,66,121
1,0,13,38,0,2,55,11,1,59,51,51,62,70,121
2,0,11,40,0,3,53,11,1,59,51,51,62,70,121
0,0,13,34,1,4,57,13,0,61,47,48,60,74,122
1,0,13,34,0,2,60,10,1,64,47,47,57,74,121
1,0,12,33,0,5,55,18,1,62,45,45,63,80,125
0,0,13,35,1,3,60,10,0,63,48,49,58,73,122
1,0,14,36,1,5,45,19,1,52,50,51,69,71,122
1,0,13,38,1,3,54,12,1,59,51,52,63,71,123
1,0,13,37,0,3,52,17,0,56,50,50,67,73,123
1,8,12,38,0,4,43,15,0,56,50,50,65,71,121
1,0,12,36,1,4,53,14,1,59,48,49,62,73,122
1,0,15,35,1,4,58,9,1,64,50,51,59,73,124
1,0,9,38,1,2,57,13,0,60,47,48,60,73,121
1,0,12,34,1,3,61,9,1,66,46,47,55,75,122
0,0,12,32,1,3,57,17,1,61,44,45,61,78,123
1,0,13,35,0,3,44,26,1,49,48,48,74,75,123
1,0,12,36,1,4,57,11,1,63,48,49,59,74,123
1,0,12,34,0,3,56,14,1,61,46,46,60,75,121
1,0,14,32,1,2,58,13,1,62,46,47,59,75,122
0,0,14,36,0,3,59,8,1,63,50,50,58,71,121
1,0,12,37,1,3,56,13,1,61,49,50,62,74,124
1,0,12,35,0,11,48,13,0,60,47,47,60,73,120
1,0,14,42,1,3,41,20,0,45,56,57,76,65,122
1,0,13,34,0,6,57,13,0,64,47,47,60,77,124
3,0,13,37,0,5,46,17,3,57,50,50,67,74,124
2,0,13,34,1,5,54,12,0,61,47,48,59,73,121
4,0,9,34,0,2,56,16,0,62,43,43,59,78,121
1,0,14,39,1,5,56,9,1,63,53,54,62,72,126
1,0,10,39,0,5,52,14,1,59,49,49,63,73,122
0,0,11,41,1,4,52,14,1,57,52,53,66,71,124
0,0,11,37,1,4,52,16,0,56,48,49,64,72,121
0,0,13,41,0,2,54,11,0,56,54,54,65,67,121
1,0,15,39,0,2,49,15,0,52,54,54,69,67,121
1,0,14,44,1,0,43,19,1,45,58,59,77,64,123
0,0,14,36,0,3,52,13,2,57,50,50,63,70,120
1,0,14,36,1,3,54,13,0,58,50,51,63,71,122
0,0,13,37,0,3,54,15,1,58,50,50,65,73,123
1,0,13,35,0,4,57,12,1,63,48,48,60,75,123
2,0,10,38,1,3,60,8,1,66,48,49,56,74,123
3,0,12,40,0,2,49,13,1,55,52,52,65,68,120
1,0,11,36,1,3,54,15,0,58,47,48,62,73,121
1,0,14,41,0,3,50,12,1,55,55,55,67,67,122
1,0,12,36,0,3,45,22,2,51,48,48,70,73,121
1,0,13,38,1,5,50,13,1,57,51,52,64,70,122
1,0,13,35,1,2,58,10,1,62,48,49,58,72,121
1,0,14,40,0,4,50,13,0,55,54,54,67,68,122
1,0,12,35,1,3,54,18,1,59,47,48,65,77,125
1,0,12,38,1,3,51,16,1,56,50,51,66,72,123
1,0,11,38,1,4,54,15,1,60,49,50,64,75,125
0,0,13,35,1,2,61,9,0,63,48,49,57,72,121
1,0,10,39,1,4,55,12,1,61,49,50,61,73,123
1,0,12,36,0,4,54,15,1,60,48,48,63,75,123
1,0,13,36,0,3,56,12,1,61,49,49,61,73,122
4,0,12,32,0,3,53,17,1,61,44,44,61,78,122
1,0,12,36,1,4,51,17,1,57,48,49,65,74,123
1,0,11,43,1,4,45,20,0,50,54,55,74,70,125
1,0,12,37,1,3,55,13,0,59,49,50,62,72,122
1,0,10,38,0,3,52,19,0,56,48,48,67,75,123
1,0,12,40,1,4,46,18,1,52,52,53,70,70,123
1,0,11,38,1,5,54,15,0,60,49,50,64,75,125
2,0,11,41,0,3,52,11,1,58,52,52,63,69,121
1,0,13,40,0,4,50,14,1,56,53,53,67,70,123
0,0,13,40,0,3,48,17,1,52,53,53,70,69,122
1,0,11,39,0,2,52,16,1,56,50,50,66,72,122
1,0,16,37,1,1,45,19,2,49,53,54,72,68,122
0,0,12,37,2,3,53,14,0,56,49,51,63,70,121
0,0,12,38,0,5,44,23,1,50,50,50,73,73,123
1,0,11,37,0,4,56,12,0,61,48,48,60,73,121
1,0,12,39,0,3,48,17,1,53,51,51,68,70,121
1,0,14,37,0,4,51,15,1,57,51,51,66,72,123
1,0,11,42,1,3,47,17,1,52,53,54,70,69,123
0,0,12,36,1,5,61,9,1,67,48,49,57,76,125
0,0,14,36,0,4,55,12,1,60,50,50,62,72,122
1,0,12,37,1,5,50,15,0,56,49,50,64,71,121
1,0,13,40,1,2,47,17,0,50,53,54,70,67,121
1,0,14,35,0,4,52,16,1,58,49,49,65,74,123
1,0,13,37,0,2,52,16,0,55,50,50,66,71,121
1,0,10,38,1,5,57,9,1,64,48,49,57,73,122
2,0,13,36,1,3,45,22,1,51,49,50,71,73,123
3,0,11,32,0,4,63,7,1,71,43,43,50,78,121
2,0,11,32,1,3,54,18,0,59,43,44,61,77,121
1,0,13,42,1,3,43,19,1,48,55,56,74,67,123
1,0,14,43,1,3,47,13,1,52,57,58,70,65,123
1,0,12,39,1,5,50,14,1,57,51,52,65,71,123
0,0,11,36,1,3,53,18,1,57,47,48,65,75,123
1,0,12,39,1,3,54,12,1,59,51,52,63,71,123
1,0,11,39,1,3,51,16,1,56,50,51,66,72,123
2,0,11,39,1,2,49,17,0,53,50,51,67,70,121
1,0,15,35,0,3,56,13,1,61,50,50,63,74,124
1,0,14,36,1,0,53,16,1,55,50,51,66,71,122
1,0,12,38,1,4,48,19,0,53,50,51,69,72,123
1,0,11,37,1,3,49,21,1,54,48,49,69,75,124
2,0,11,42,1,5,48,13,1,56,53,54,66,69,123
1,0,13,40,1,2,53,11,1,57,53,54,64,68,122
1,0,11,40,1,4,53,13,1,59,51,52,64,72,124
1,0,15,35,1,4,51,18,1,57,50,51,68,75,126
1,0,11,34,0,3,53,18,1,58,45,45,63,76,121
1,0,12,36,0,3,42,28,0,46,48,48,76,74,122
1,0,13,36,1,3,50,18,1,55,49,50,67,73,123
1,0,12,34,1,2,52,20,1,56,46,47,66,76,123
1,0,12,36,0,2,50,19,1,54,48,48,67,73,121
1,0,12,38,0,0,55,14,1,57,50,50,64,71,121
1,0,16,37,1,5,53,9,0,59,53,54,62,68,122
1,0,11,36,1,4,52,18,0,57,47,48,65,75,123
1,0,10,35,1,3,55,17,1,60,45,46,62,77,123
1,0,14,33,0,4,58,12,1,64,47,47,59,76,123
1,0,12,37,0,4,59,8,0,64,49,49,57,72,121
1,0,13,40,0,3,47,18,1,52,53,53,71,70,123
1,0,13,36,0,3,53,15,1,58,49,49,64,73,122
1,0,12,36,0,2,57,11,1,61,48,48,59,72,120
1,0,10,39,1,5,48,17,2,56,49,50,66,73,123
1,0,12,40,1,3,55,10,0,59,52,53,62,69,122
1,0,14,39,0,2,53,12,0,56,53,53,65,68,121
1,0,13,35,1,3,47,22,1,52,48,49,70,74,123
1,0,12,40,0,3,50,17,0,54,52,52,69,71,123
2,0,11,37,0,4,59,7,1,66,48,48,55,73,121
1,0,15,36,1,2,49,17,0,52,51,52,68,69,121
1,0,13,42,0,3,44,18,1,49,55,55,73,67,122
1,0,13,35,1,3,57,11,1,62,48,49,59,73,122
0,0,12,34,0,4,59,13,1,64,46,46,59,77,123
1,0,12,36,1,4,59,11,0,64,48,49,59,75,124
1,0,14,38,1,4,54,12,0,59,52,53,64,71,124
1,0,11,39,1,3,46,22,0,50,50,51,72,72,123
0,0,12,33,0,2,60,13,0,62,45,45,58,75,120
1,0,11,36,1,2,52,20,1,56,47,48,67,76,124
1,0,10,39,1,4,45,23,1,51,49,50,72,74,124
0,0,13,32,2,4,53,18,1,58,45,47,63,76,123
0,0,13,38,0,4,56,11,1,61,51,51,62,72,123
0,0,12,36,1,3,59,10,0,62,48,49,58,72,121
1,7,13,32,1,3,55,9,1,67,45,46,54,76,122
1,0,13,34,1,4,55,17,0,60,47,48,64,77,125
0,0,12,38,1,2,56,12,1,59,50,51,62,71,122
1,0,12,38,0,3,54,13,1,59,50,50,63,72,122
1,0,11,36,0,4,56,13,1,62,47,47,60,75,122
1,0,12,36,1,3,52,17,0,56,48,49,65,73,122
2,0,13,38,1,3,45,19,0,50,51,52,70,69,121
1,0,11,36,1,4,59,9,0,64,47,48,56,73,121
1,0,12,34,1,2,50,22,0,53,46,47,68,75,122
2,0,11,38,0,5,55,10,1,63,49,49,59,73,122
1,0,12,37,0,3,58,10,1,63,49,49,59,73,122
1,0,12,35,1,3,51,18,1,56,47,48,65,74,122
1,0,13,39,1,4,53,14,1,59,52,53,66,73,126
1,0,13,36,1,3,50,19,1,55,49,50,68,74,124
1,0,12,41,0,3,48,15,1,53,53,53,68,68,121
0,0,15,39,0,3,49,14,0,52,54,54,68,66,120
1,0,13,35,1,3,54,15,0,58,48,49,63,73,122
1,0,12,37,0,4,54,14,1,60,49,49,63,74,123
1,0,14,39,1,3,56,8,0,60,53,54,61,68,122
1,0,11,40,1,3,46,21,0,50,51,52,72,71,123
1,0,16,36,0,2,51,14,1,55,52,52,66,69,121
0,0,11,41,1,5,51,15,0,56,52,53,67,71,124
1,0,11,39,0,4,50,15,0,55,50,50,65,70,120
1,0,12,36,0,3,58,10,1,63,48,48,58,73,121
1,0,12,40,1,3,53,12,1,58,52,53,64,70,123
1,0,12,29,1,1,56,21,1,59,41,42,62,80,122
1,0,13,35,1,4,54,16,0,59,48,49,64,75,124
1,0,13,36,1,6,52,16,0,59,49,50,65,75,125
0,0,13,38,0,3,52,14,0,55,51,51,65,69,120
1,0,12,40,1,3,49,16,1,54,52,53,68,70,123
1,0,11,38,1,2,55,14,1,59,49,50,63,73,123
2,0,12,36,0,5,57,10,0,64,48,48,58,74,122
1,0,11,36,0,3,52,19,1,57,47,47,66,76,123
0,0,11,38,0,5,55,13,1,61,49,49,62,74,123
1,0,12,40,1,1,45,22,1,48,52,53,74,70,123
0,0,13,34,0,3,55,15,1,59,47,47,62,74,121
1,0,11,36,0,3,57,13,1,62,47,47,60,75,122
1,0,13,34,0,3,58,13,1,63,47,47,60,76,123
1,0,12,37,1,2,50,19,1,54,49,50,68,73,123
1,0,11,42,1,3,55,9,1,60,53,54,62,69,123
2,0,15,34,1,3,56,11,0,61,49,50,60,72,122
1,0,14,37,0,3,53,13,1,58,51,51,64,71,122
1,0,14,37,0,5,52,13,1,59,51,51,64,72,123
1,0,12,38,0,3,48,18,2,54,50,50,68,72,122
1,0,15,38,1,2,46,19,0,49,53,54,72,68,122
0,0,12,36,1,3,55,14,1,59,48,49,62,73,122
1,0,13,40,1,2,56,9,0,59,53,54,62,68,122
1,0,14,39,1,4,51,13,0,56,53,54,66,69,123
0,0,11,40,1,3,51,16,0,54,51,52,67,70,122
1,0,11,38,1,3,59,10,1,64,49,50,59,74,124
1,0,12,40,0,3,46,19,0,50,52,52,71,69,121
1,0,12,37,1,2,49,20,1,53,49,50,69,73,123
1,0,10,39,0,4,49,18,1,55,49,49,67,73,122
1,0,12,37,0,3,59,8,1,64,49,49,57,72,121
1,0,12,40,1,4,52,11,1,58,52,53,63,69,122
0,0,12,38,0,4,52,16,0,56,50,50,66,72,122
2,0,12,40,1,5,48,15,0,55,52,53,67,70,123
1,0,11,37,0,4,59,10,0,64,48,48,58,74,122
1,0,11,37,1,2,48,21,0,51,48,49,69,72,121
1,0,13,37,1,5,54,14,1,61,50,51,64,75,126
1,0,12,34,0,5,52,18,1,59,46,46,64,77,123
0,0,14,36,1,3,45,22,0,48,50,51,72,70,121
1,0,11,39,1,4,50,17,1,56,50,51,67,73,124
1,0,14,37,1,2,51,15,1,55,51,52,66,70,122
1,0,11,37,0,3,51,18,1,56,48,48,66,74,122
1,0,14,42,1,2,44,19,1,48,56,57,75,67,124
0,0,12,35,0,3,61,10,1,65,47,47,57,75,122
1,0,14,35,0,3,45,22,1,50,49,49,71,72,121
1,0,14,41,1,5,46,15,0,52,55,56,70,67,123
1,0,12,37,1,4,55,12,0,60,49,50,61,72,122
0,0,14,40,0,3,49,14,1,53,54,54,68,67,121
1,0,14,39,1,3,52,13,1,57,53,54,66,70,124
1,0,12,36,1,5,52,17,1,59,48,49,65,76,125
1,0,15,40,1,3,54,8,0,58,55,56,63,66,122
0,0,12,40,1,2,50,15,1,53,52,53,67,68,121
1,0,12,38,1,3,53,15,0,57,50,51,65,72,123
1,0,10,34,1,2,58,15,1,62,44,45,59,77,122
0,0,14,40,1,2,45,17,1,48,54,55,71,65,120
1,0,11,43,0,3,46,18,1,51,54,54,72,69,123
1,0,14,35,0,3,50,18,1,55,49,49,67,73,122
1,0,13,38,1,3,51,14,1,56,51,52,65,70,122
1,0,14,39,1,2,50,15,1,54,53,54,68,69,123
1,0,13,41,0,3,50,13,1,55,54,54,67,68,122
1,0,11,36,0,2,57,13,1,61,47,47,60,74,121
1,0,10,40,0,5,52,16,0,58,50,50,66,74,124
1,0,15,38,0,4,49,17,0,54,53,53,70,71,124
1,0,14,35,1,5,53,12,0,59,49,50,61,71,121
1,0,11,35,0,3,52,20,0,56,46,46,66,76,122
2,0,14,38,1,4,48,14,0,54,52,53,66,68,121
1,0,13,39,1,5,49,17,1,56,52,53,69,73,126
1,0,14,35,1,4,53,14,0,58,49,50,63,72,122
1,0,14,35,1,4,52,17,0,57,49,50,66,74,124
2,0,13,44,0,1,47,13,0,50,57,57,70,63,120
0,0,13,38,1,3,50,16,2,55,51,52,67,71,123
1,0,12,41,0,4,54,10,1,60,53,53,63,70,123
1,0,15,37,1,3,48,17,0,52,52,53,69,69,122
1,0,12,37,0,3,54,15,1,59,49,49,64,74,123
1,0,14,37,0,4,53,12,1,59,51,51,63,71,122
2,0,15,38,0,5,49,14,1,57,53,53,67,71,124
1,0,11,36,0,4,49,23,0,54,47,47,70,77,124
1,0,14,34,1,4,59,9,0,64,48,49,57,73,122
2,0,13,34,0,3,51,18,1,57,47,47,65,75,122
1,0,9,39,0,2,55,14,1,59,48,48,62,73,121
1,0,14,37,1,3,48,18,1,53,51,52,69,71,123
1,0,11,39,0,3,52,17,0,56,50,50,67,73,123
1,0,12,34,0,3,54,16,0,58,46,46,62,74,120
2,0,14,30,1,4,63,7,1,70,44,45,51,77,122
1,0,15,36,0,3,52,13,1,57,51,51,64,70,121
0,0,12,34,1,2,49,23,1,52,46,47,69,75,122
1,0,12,36,0,3,46,21,2,52,48,48,69,73,121
2,0,12,36,1,2,60,8,0,64,48,49,56,72,121
0,0,12,39,1,5,52,15,1,58,51,52,66,73,125
2,0,12,37,1,3,53,15,0,58,49,50,64,73,123
4,0,13,34,1,3,57,10,1,65,47,48,57,75,123
1,0,11,39,1,3,49,19,1,54,50,51,69,73,124
1,0,13,35,1,3,60,9,0,64,48,49,57,73,122
1,0,14,37,0,4,48,15,2,55,51,51,66,70,121
2,0,11,40,0,4,57,9,1,64,51,51,60,73,124
0,0,14,38,1,2,52,14,1,55,52,53,66,69,122
1,0,13,39,0,4,49,16,0,54,52,52,68,70,122
1,0,13,39,1,0,55,13,0,56,52,53,65,69,122
1,0,15,34,1,4,56,12,1,62,49,50,61,74,124
0,0,11,37,1,4,56,15,0,60,48,49,63,75,124
1,0,13,36,1,3,52,15,1,57,49,50,64,72,122
1,0,11,38,0,3,55,14,1,60,49,49,63,74,123
2,0,11,37,0,5,50,15,1,58,48,48,63,73,121
1,0,11,38,0,2,46,22,0,49,49,49,71,71,120
0,0,12,36,0,2,58,12,1,61,48,48,60,73,121
1,0,11,35,0,5,55,15,0,61,46,46,61,76,122
0,0,13,39,0,3,53,12,0,56,52,52,64,68,120
1,0,13,33,1,3,59,12,0,63,46,47,58,75,122
1,0,15,36,0,3,51,14,1,56,51,51,65,70,121
1,0,9,39,0,4,54,13,2,61,48,48,61,74,122
0,0,14,34,0,2,58,12,0,60,48,48,60,72,120
1,0,13,37,1,3,54,14,1,59,50,51,64,73,124
1,0,12,40,1,3,53,13,0,57,52,53,65,70,123
4,0,12,39,0,3,51,11,1,59,51,51,62,70,121
1,0,12,40,1,6,44,18,0,51,52,53,70,69,122
1,0,12,34,1,2,61,11,0,64,46,47,57,75,122
2,0,14,33,0,4,54,13,1,61,47,47,60,74,121
0,0,14,36,0,3,54,13,1,58,50,50,63,71,121
1,0,14,37,1,4,49,18,1,55,51,52,69,73,125
1,0,10,39,1,3,57,12,1,62,49,50,61,74,124
1,0,11,35,1,3,51,22,1,56,46,47,68,78,125
1,0,10,39,1,5,55,10,0,61,49,50,59,71,121
1,0,11,35,0,3,55,15,0,59,46,46,61,74,120
1,0,15,43,0,4,47,11,1,53,58,58,69,64,122
1,0,12,39,0,5,51,16,0,57,51,51,67,73,124
1,0,13,36,1,2,55,15,0,58,49,50,64,73,123
1,0,12,37,1,2,58,12,0,61,49,50,61,73,123
1,0,13,36,1,3,52,15,1,57,49,50,64,72,122
1,0,11,37,0,3,54,14,1,59,48,48,62,73,121
1,0,12,38,0,4,57,11,1,63,50,50,61,74,124
2,0,12,35,1,5,58,8,1,66,47,48,55,74,122
0,0,14,41,1,3,49,13,1,53,55,56,68,66,122
1,0,12,38,0,2,46,22,1,50,50,50,72,72,122
0,0,12,40,1,5,53,11,1,59,52,53,63,70,123
1,0,15,40,0,5,53,9,0,59,55,55,64,68,123
1,0,14,37,0,4,54,12,1,60,51,51,63,72,123
1,0,13,36,1,2,42,27,0,45,49,50,76,72,122
0,0,11,39,1,4,54,12,1,59,50,51,62,71,122
1,0,11,38,1,3,53,14,1,58,49,50,63,72,122
1,0,12,37,1,3,51,18,1,56,49,50,67,74,124
0,0,13,35,0,3,55,15,0,58,48,48,63,73,121
1,0,11,40,1,2,53,13,1,57,51,52,64,70,122
1,0,14,41,0,1,50,13,1,53,55,55,68,66,121
1,0,13,37,1,4,54,14,1,60,50,51,64,74,125
0,0,10,40,0,3,48,20,1,52,50,50,70,72,122
1,0,12,35,0,5,54,13,1,61,47,47,60,74,121
0,0,14,36,1,4,55,11,1,60,50,51,61,71,122
0,0,10,33,1,2,61,15,1,64,43,44,58,79,123
2,0,12,40,0,4,51,12,1,58,52,52,64,70,122
1,0,12,37,0,3,50,16,1,55,49,49,65,71,120
1,0,12,41,1,0,51,15,1,53,53,54,68,68,122
1,0,13,39,0,2,47,18,1,51,52,52,70,69,121
0,0,11,37,0,3,60,11,0,63,48,48,59,74,122
1,0,14,39,0,2,48,16,1,52,53,53,69,68,121
1,0,12,39,1,3,53,12,1,58,51,52,63,70,122
3,0,14,34,1,2,51,14,1,57,48,49,62,71,120
1,0,11,41,0,4,52,13,1,58,52,52,65,71,123
1,0,16,35,0,3,50,15,0,54,51,51,66,69,120
2,0,12,34,0,2,61,9,1,66,46,46,55,75,121
1,0,13,36,0,2,56,12,0,59,49,49,61,71,120
1,0,12,42,0,4,49,14,0,54,54,54,68,68,122
4,0,12,33,0,5,61,7,1,71,45,45,52,78,123
1,0,10,37,0,4,51,20,1,57,47,47,67,77,124
1,0,13,35,0,4,54,13,1,60,48,48,61,73,121
1,0,11,42,1,4,50,15,1,56,53,54,68,71,125
1,0,10,36,0,5,55,16,1,62,46,46,62,78,124
0,0,13,36,0,2,56,13,1,59,49,49,62,72,121
1,0,9,38,1,2,55,17,1,59,47,48,64,76,124
1,0,12,39,1,3,47,17,1,52,51,52,68,69,121
1,0,10,38,0,3,41,30,1,46,48,48,78,76,124
1,0,12,38,0,4,55,10,0,60,50,50,60,70,120
1,0,11,36,1,4,54,16,1,60,47,48,63,76,124
1,0,14,38,1,1,41,24,0,43,52,53,76,67,120
1,0,11,39,1,6,52,16,1,60,50,51,66,76,127
0,0,12,38,1,5,53,14,1,59,50,51,64,73,124
0,13,10,32,0,3,39,25,0,55,42,42,67,80,122
4,0,11,37,1,2,51,15,0,57,48,49,63,72,121
1,0,12,38,0,4,51,15,1,57,50,50,65,72,122
1,0,12,35,0,4,59,12,1,65,47,47,59,77,124
0,0,10,38,1,4,56,14,1,61,48,49,62,75,124
1,0,15,39,1,2,50,14,1,54,54,55,68,68,123
1,0,15,35,1,6,53,16,1,61,50,51,66,77,128
1,0,13,34,0,4,56,12,0,61,47,47,59,73,120
1,0,16,38,1,6,50,9,1,58,54,55,63,67,122
1,0,12,37,1,3,57,11,0,61,49,50,60,72,122
1,0,14,37,0,3,50,16,1,55,51,51,67,71,122
1,0,13,37,0,2,53,14,1,57,50,50,64,71,121
1,0,13,41,0,4,52,12,1,58,54,54,66,70,124
1,0,13,41,1,3,50,12,0,54,54,55,66,66,121
2,0,10,37,1,3,49,20,1,55,47,48,67,75,123
1,0,12,39,1,3,51,15,0,55,51,52,66,70,122
0,0,13,34,0,3,50,19,1,54,47,47,66,73,120
2,0,11,39,1,5,54,8,1,62,50,51,58,70,121
1,0,14,37,0,5,55,11,1,62,51,51,62,73,124
1,0,13,38,1,3,59,8,1,64,51,52,59,72,124
1,0,13,33,0,2,60,11,1,64,46,46,57,75,121
1,0,12,35,0,3,55,15,0,59,47,47,62,74,121
1,6,12,38,0,3,37,24,1,48,50,50,74,72,122
1,0,13,36,1,3,48,19,0,52,49,50,68,71,121
2,0,13,34,1,4,58,12,1,65,47,48,59,77,125
1,0,10,41,0,4,50,17,1,56,51,51,68,73,124
1,0,12,38,0,2,50,19,0,53,50,50,69,72,122
1,0,13,36,0,4,54,13,1,60,49,49,62,73,122
1,0,10,34,1,3,50,22,1,55,44,45,66,77,122
0,0,13,38,1,3,54,13,0,57,51,52,64,70,122
1,0,12,37,0,2,51,15,3,57,49,49,64,72,121
3,0,12,38,1,2,50,15,1,56,50,51,65,71,122
0,0,13,34,1,6,58,9,1,65,47,48,56,74,122
1,0,15,35,1,4,53,13,1,59,50,51,63,72,123
0,0,10,38,0,4,46,25,1,51,48,48,73,76,124
1,0,11,39,0,4,56,10,1,62,50,50,60,72,122
1,0,11,33,1,4,49,25,1,55,44,45,69,80,125
1,0,11,38,1,3,58,11,1,63,49,50,60,74,124
1,0,16,34,0,4,42,25,1,48,50,50,75,73,123
0,0,10,41,0,4,47,18,1,52,51,51,69,70,121
1,0,13,43,1,3,43,19,1,48,56,57,75,67,124
1,0,12,37,1,2,59,10,1,63,49,50,59,73,123
2,0,13,39,1,3,53,11,1,59,52,53,63,70,123
1,0,13,33,1,4,62,8,1,68,46,47,54,76,123
1,0,11,37,0,4,48,21,1,54,48,48,69,75,123
0,0,10,39,1,3,49,19,1,53,49,50,68,72,122
1,0,12,35,1,4,58,13,1,64,47,48,60,77,125
0,0,9,40,0,3,47,21,1,51,49,49,70,72,121
1,0,13,39,0,3,54,12,1,59,52,52,64,71,123
1,0,12,37,0,5,56,12,1,63,49,49,61,75,124
2,0,11,34,1,4,62,9,1,69,45,46,54,78,124
1,0,12,36,0,1,58,12,1,61,48,48,60,73,121
12,0,12,30,0,2,50,14,1,65,42,42,56,79,121
0,0,15,33,1,3,58,11,1,62,48,49,59,73,122
1,0,14,40,0,2,54,11,0,57,54,54,65,68,122
1,0,10,38,0,3,51,18,1,56,48,48,66,74,122
1,0,12,37,1,5,58,7,1,65,49,50,56,72,122
1,0,12,37,1,3,59,9,1,64,49,50,58,73,123
1,0,11,37,0,5,52,18,1,59,48,48,66,77,125
1,0,14,33,0,4,50,18,1,56,47,47,65,74,121
0,0,12,39,0,5,53,12,1,59,51,51,63,71,122
0,0,13,40,0,4,51,12,0,55,53,53,65,67,120
0,0,10,43,1,2,48,16,1,51,53,54,69,67,121
1,0,14,34,0,3,56,12,1,61,48,48,60,73,121
1,0,13,35,0,3,56,13,1,61,48,48,61,74,122
1,0,10,39,1,3,59,10,1,64,49,50,59,74,124
1,0,11,37,1,3,51,18,1,56,48,49,66,74,123
0,0,13,38,1,2,43,24,0,45,51,52,75,69,121
2,0,13,35,1,3,53,14,0,58,48,49,62,72,121
2,0,12,34,0,3,57,12,1,63,46,46,58,75,121
1,0,14,42,0,3,50,11,0,54,56,56,67,65,121
2,0,13,40,1,4,53,10,0,59,53,54,63,69,123
1,0,12,36,0,4,55,13,1,61,48,48,61,74,122
1,0,13,35,1,3,50,18,1,55,48,49,66,73,122
1,0,10,39,1,3,52,17,1,57,49,50,66,74,124
0,0,11,36,1,3,56,14,1,60,47,48,61,74,122
1,0,14,40,0,3,47,16,0,51,54,54,70,67,121
1,0,14,37,1,2,50,16,0,53,51,52,67,69,121
5,0,10,35,1,3,55,14,1,64,45,46,59,78,124
1,0,11,37,0,4,53,16,1,59,48,48,64,75,123
1,0,13,34,0,2,60,11,0,63,47,47,58,74,121
1,0,14,37,1,3,49,17,1,54,51,52,68,71,123
0,0,13,33,0,2,63,9,0,65,46,46,55,74,120
1,0,11,32,1,3,61,12,0,65,43,44,55,77,121
0,0,14,31,0,3,50,24,1,54,45,45,69,78,123
1,0,12,36,1,3,48,20,1,53,48,49,68,73,122
1,0,11,42,1,3,52,11,2,58,53,54,64,69,123
2,0,11,37,0,3,53,15,1,59,48,48,63,74,122
1,0,16,36,1,4,56,9,1,62,52,53,61,71,124
1,0,15,34,0,3,59,10,1,64,49,49,59,74,123
2,0,13,40,0,5,50,12,0,57,53,53,65,69,122
1,0,13,37,1,3,51,16,0,55,50,51,66,71,122
1,0,16,34,1,2,48,20,1,52,50,51,70,72,123
0,0,11,36,1,3,54,17,1,58,47,48,64,75,123
1,0,14,37,0,4,55,10,1,61,51,51,61,71,122
1,0,15,36,0,3,54,11,1,59,51,51,62,70,121
1,0,17,36,1,3,52,13,1,57,53,54,66,70,124
1,0,12,41,0,3,53,11,1,58,53,53,64,69,122
1,0,14,38,0,3,50,15,0,54,52,52,67,69,121
0,0,11,39,1,4,52,15,1,57,50,51,65,72,123
1,0,11,35,0,5,58,10,0,64,46,46,56,74,120
2,0,12,38,1,2,52,15,0,56,50,51,65,71,122
1,0,12,43,1,5,45,17,0,51,55,56,72,68,124
2,0,11,36,0,5,55,13,1,63,47,47,60,76,123
1,0,17,40,0,2,51,11,1,55,57,57,68,66,123
4,0,12,36,0,3,51,15,1,59,48,48,63,74,122
1,0,10,38,1,4,55,12,0,60,48,49,60,72,121
1,0,13,35,1,2,48,20,1,52,48,49,68,72,121
1,0,11,41,1,3,50,15,1,55,52,53,67,70,123
1,0,14,38,0,4,53,14,1,59,52,52,66,73,125
1,0,11,39,1,3,44,22,1,49,50,51,72,71,122
0,0,13,39,0,4,48,19,1,53,52,52,71,72,124
1,0,16,35,1,2,46,21,0,49,51,52,72,70,122
0,0,14,39,0,2,54,11,1,57,53,53,64,68,121
1,0,10,40,0,4,49,19,1,55,50,50,69,74,124
0,0,10,38,1,2,53,18,0,55,48,49,66,73,122
1,0,12,37,0,4,52,17,1,58,49,49,66,75,124
1,0,12,38,1,4,50,16,0,55,50,51,66,71,122
1,0,13,38,0,4,49,16,2,56,51,51,67,72,123
1,0,12,35,0,4,52,18,0,57,47,47,65,75,122
1,0,12,40,0,2,52,14,0,55,52,52,66,69,121
0,0,11,36,1,4,54,16,1,59,47,48,63,75,123
1,0,11,37,1,3,49,19,1,54,48,49,67,73,122
1,0,10,35,0,3,54,18,1,59,45,45,63,77,122
1,0,8,35,0,3,58,16,1,63,43,43,59,79,122
1,0,11,40,0,3,47,19,1,52,51,51,70,71,122
1,0,13,37,1,3,55,12,1,60,50,51,62,72,123
1,0,12,37,1,2,59,10,0,62,49,50,59,72,122
1,0,12,36,0,3,56,12,1,61,48,48,60,73,121
0,0,11,39,1,4,54,12,1,59,50,51,62,71,122
1,0,16,39,1,4,48,12,0,53,55,56,67,65,121
1,0,12,37,0,2,57,12,1,61,49,49,61,73,122
1,0,14,34,0,4,55,13,1,61,48,48,61,74,122
0,0,14,43,0,5,43,19,1,49,57,57,76,68,125
1,0,12,35,1,4,55,16,1,61,47,48,63,77,125
1,0,13,38,0,4,57,9,1,63,51,51,60,72,123
1,0,16,41,1,3,52,8,0,56,57,58,65,64,122
0,0,11,37,1,3,53,16,0,56,48,49,64,72,121
1,0,9,39,1,1,55,16,0,57,48,49,64,73,122
2,0,13,38,1,3,49,15,1,55,51,52,66,70,122
1,0,12,39,0,2,52,14,0,55,51,51,65,69,120
1,0,12,35,0,4,46,13,10,61,47,47,60,74,121
1,0,12,37,1,3,52,15,1,57,49,50,64,72,122
1,0,10,35,1,2,58,14,1,62,45,46,59,76,122
0,0,14,36,0,4,50,19,1,55,50,50,69,74,124
1,0,13,38,0,3,50,16,1,55,51,51,67,71,122
1,0,13,38,0,2,52,14,1,56,51,51,65,70,121
1,0,12,40,1,3,48,18,1,53,52,53,70,71,124
0,0,15,34,0,4,56,12,0,60,49,49,61,72,121
1,0,14,36,0,3,51,16,1,56,50,50,66,72,122
1,0,13,35,0,1,53,18,1,56,48,48,66,74,122
1,0,13,37,1,3,59,8,0,63,50,51,58,71,122
1,0,12,39,1,3,54,12,0,58,51,52,63,70,122
1,0,11,34,1,3,58,14,1,63,45,46,59,77,123
1,0,12,39,0,3,49,17,1,54,51,51,68,71,122
1,0,13,35,0,2,55,14,1,59,48,48,62,73,121
1,0,13,38,1,3,43,18,4,51,51,52,69,69,121
3,0,11,36,1,2,51,17,0,56,47,48,64,73,121
1,0,12,38,1,5,51,16,0,57,50,51,66,73,124
1,0,12,34,1,4,56,15,1,62,46,47,61,77,124
2,0,11,33,1,4,56,16,1,63,44,45,60,79,124
1,0,12,40,0,2,49,16,0,52,52,52,68,68,120
0,0,12,38,1,5,48,20,0,53,50,51,70,73,124
1,0,16,34,1,4,58,8,1,64,50,51,58,72,123
1,0,13,34,0,3,56,16,1,61,47,47,63,77,124
1,0,12,38,1,2,53,14,1,57,50,51,64,71,122
1,0,13,38,0,4,46,20,1,52,51,51,71,72,123
1,0,11,37,1,4,48,21,1,54,48,49,69,75,124
0,0,11,39,1,2,52,17,0,54,50,51,67,71,122
1,0,13,36,0,4,51,15,0,56,49,49,64,71,120
1,0,11,35,1,2,53,18,1,57,46,47,64,75,122
1,0,12,33,0,5,55,17,1,62,45,45,62,79,124
1,0,13,35,1,3,52,15,1,57,48,49,63,72,121
1,0,14,35,0,4,54,12,1,60,49,49,61,72,121
0,0,14,34,0,0,61,11,1,62,48,48,59,73,121
1,0,12,36,0,7,47,18,1,56,48,48,66,74,122
1,0,13,37,0,2,52,15,0,55,50,50,65,70,120
1,0,13,38,1,2,47,19,0,50,51,52,70,69,121
1,0,12,38,1,3,49,18,1,54,50,51,68,72,123
1,0,12,40,0,2,46,20,1,50,52,52,72,70,122
1,0,14,36,1,3,56,11,1,61,50,51,61,72,123
0,0,13,37,1,3,50,18,1,54,50,51,68,72,123
1,0,13,33,0,4,60,10,1,66,46,46,56,76,122
1,0,11,37,0,2,54,15,1,58,48,48,63,73,121
1,0,13,45,1,6,43,12,0,50,58,59,70,62,121
1,0,11,36,1,3,52,16,1,57,47,48,63,73,121
0,0,11,35,0,3,61,12,1,65,46,46,58,77,123
1,0,10,39,1,3,52,14,1,57,49,50,63,71,121
0,0,15,36,1,3,57,10,0,60,51,52,61,70,122
2,0,12,37,0,2,52,15,0,56,49,49,64,71,120
1,0,11,37,1,5,54,13,1,61,48,49,61,74,123
0,0,14,34,1,4,59,10,0,63,48,49,58,73,122
1,0,12,41,1,4,56,9,0,61,53,54,62,70,124
0,0,11,40,1,3,49,17,0,52,51,52,68,69,121
2,0,13,38,0,5,52,13,0,59,51,51,64,72,123
1,0,14,36,1,5,51,15,1,58,50,51,65,73,124
1,0,11,38,0,4,50,18,0,55,49,49,67,73,122
1,0,12,34,0,4,60,10,1,66,46,46,56,76,122
1,0,13,38,1,5,50,14,0,56,51,52,65,70,122
1,0,13,37,0,2,56,11,0,59,50,50,61,70,120
1,0,12,39,0,2,52,14,1,56,51,51,65,70,121
1,0,11,38,0,4,57,11,1,63,49,49,60,74,123
2,0,12,37,1,4,52,13,1,59,49,50,62,72,122
1,0,10,42,0,2,49,16,0,52,52,52,68,68,120
1,0,13,35,1,2,57,10,2,62,48,49,58,72,121
0,0,15,30,1,3,56,18,1,60,45,46,63,78,124
1,0,11,35,1,3,54,16,0,58,46,47,62,74,121
1,0,12,41,1,3,45,18,1,50,53,54,71,68,122
1,0,10,38,1,4,56,12,1,62,48,49,60,74,123
1,0,12,36,1,3,55,14,0,59,48,49,62,73,122
1,0,13,37,0,2,49,19,1,53,50,50,69,72,122
0,0,12,35,1,2,51,21,1,54,47,48,68,75,123
2,0,12,32,0,4,58,12,0,64,44,44,56,76,120
2,0,14,38,1,3,54,10,1,60,52,53,62,70,123
1,0,13,33,1,4,60,12,1,66,46,47,58,78,125
1,0,12,39,1,3,55,9,1,60,51,52,60,69,121
1,0,11,40,1,2,50,16,1,54,51,52,67,70,122
1,0,12,38,1,2,50,18,1,54,50,51,68,72,123
1,0,13,36,1,4,49,19,1,55,49,50,68,74,124
1,0,14,37,0,3,54,12,0,58,51,51,63,70,121
1,0,12,38,0,5,54,13,0,60,50,50,63,73,123
1,0,13,37,1,3,44,25,0,48,50,51,75,73,124
0,0,16,26,0,5,64,9,0,69,42,42,51,78,120
0,0,12,38,0,3,43,23,2,48,50,50,73,71,121
1,0,13,37,0,3,46,21,0,50,50,50,71,71,121
1,0,12,38,1,3,45,23,1,50,50,51,73,73,124
1,0,13,39,1,3,49,16,1,54,52,53,68,70,123
1,0,15,38,1,3,46,18,1,51,53,54,71,69,123
0,0,12,38,0,3,56,13,0,59,50,50,63,72,122
1,0,13,34,0,3,62,9,1,67,47,47,56,76,123
0,0,13,40,1,3,53,12,0,56,53,54,65,68,122
1,0,15,39,0,4,51,10,1,57,54,54,64,67,121
1,0,13,38,1,4,58,9,1,64,51,52,60,73,125
1,0,11,35,1,4,60,12,0,65,46,47,58,77,124
1,0,14,34,1,4,54,16,0,59,48,49,64,75,124
1,0,14,35,0,4,51,18,1,57,49,49,67,75,124
2,0,11,36,1,2,54,15,1,59,47,48,62,74,122
0,0,10,34,1,3,58,15,1,62,44,45,59,77,122
1,0,14,40,0,0,52,13,1,54,54,54,67,67,121
1,0,12,40,0,4,54,9,1,60,52,52,61,69,121
1,0,12,36,0,2,57,13,1,61,48,48,61,74,122
1,0,13,36,1,3,55,12,0,59,49,50,61,71,121
1,0,12,40,0,4,54,9,1,60,52,52,61,69,121
1,0,10,40,1,3,52,16,1,57,50,51,66,73,124
1,0,10,38,1,3,52,17,1,57,48,49,65,74,123
0,0,11,39,1,0,57,12,1,58,50,51,62,70,121
0,0,11,39,0,4,58,10,1,63,50,50,60,73,123
1,0,13,34,0,5,52,14,1,59,47,47,61,73,120
1,0,12,39,1,5,50,16,1,57,51,52,67,73,125
1,0,10,38,0,3,52,18,0,56,48,48,66,74,122
3,0,11,37,1,5,47,21,0,55,48,49,69,76,125
1,0,14,36,0,3,51,16,0,55,50,50,66,71,121
1,0,14,36,1,3,54,13,1,59,50,51,63,72,123
0,0,12,33,0,4,63,8,1,68,45,45,53,76,121
0,0,11,37,0,3,52,19,0,55,48,48,67,74,122
1,0,12,34,0,4,52,20,1,58,46,46,66,78,124
2,0,13,38,0,3,54,10,1,60,51,51,61,70,121
0,0,13,32,1,2,60,14,1,63,45,46,59,77,123
1,0,12,36,0,5,53,17,1,60,48,48,65,77,125
1,0,13,35,1,5,58,13,1,65,48,49,61,78,127
0,0,8,40,1,2,62,9,0,64,48,49,57,73,122
1,0,12,43,1,4,46,14,0,51,55,56,69,65,121
1,0,11,36,1,2,56,14,1,60,47,48,61,74,122
1,0,9,36,1,2,64,9,1,68,45,46,54,77,123
1,0,10,40,1,2,53,15,1,57,50,51,65,72,123
1,0,12,37,1,2,56,12,1,60,49,50,61,72,122
1,0,13,35,0,3,52,16,1,57,48,48,64,73,121
2,0,13,37,1,3,56,10,0,61,50,51,60,71,122
0,0,14,37,0,3,46,20,1,50,51,51,71,70,121
0,0,13,37,1,4,49,17,1,54,50,51,67,71,122
1,0,13,34,1,3,58,13,0,62,47,48,60,75,123
2,0,13,35,1,3,54,14,1,60,48,49,62,74,123
1,0,13,32,1,3,61,12,0,65,45,46,57,77,123
0,0,13,35,1,2,60,10,1,63,48,49,58,73,122
1,0,13,31,1,4,56,16,1,62,44,45,60,78,123
0,0,12,38,1,4,55,12,0,59,50,51,62,71,122
1,0,13,34,0,3,60,11,1,65,47,47,58,76,123
0,0,10,40,0,4,48,18,1,53,50,50,68,71,121
1,0,11,40,1,3,46,20,1,51,51,52,71,71,123
0,0,13,37,1,4,52,14,1,57,50,51,64,71,122
1,0,11,38,1,3,48,18,1,53,49,50,67,71,121
1,0,13,37,1,0,50,18,1,52,50,51,68,70,121
0,0,14,39,1,3,48,16,0,51,53,54,69,67,121
1,0,11,37,1,3,62,8,0,66,48,49,56,74,123
0,0,11,37,0,2,54,16,1,57,48,48,64,73,121
1,0,11,41,1,4,47,17,0,52,52,53,69,69,122
1,0,10,37,0,3,55,16,1,60,47,47,63,76,123
1,0,14,38,1,5,57,9,0,63,52,53,61,72,125
1,0,12,36,1,2,54,14,1,58,48,49,62,72,121
4,0,13,38,1,3,43,20,1,51,51,52,71,71,123
1,0,13,35,0,3,48,21,1,53,48,48,69,74,122
1,0,14,38,1,3,48,19,0,52,52,53,71,71,124
0,0,11,38,0,4,57,12,1,62,49,49,61,74,123
1,0,12,36,1,4,58,10,0,63,48,49,58,73,122
0,0,13,35,0,3,54,16,0,57,48,48,64,73,121
1,0,13,35,0,5,45,21,1,52,48,48,69,73,121
1,0,11,35,1,3,59,11,1,64,46,47,57,75,122
1,0,11,35,1,5,60,10,0,66,46,47,56,76,123
1,0,11,40,1,3,58,8,0,62,51,52,59,70,122
1,0,13,36,1,3,43,25,1,48,49,50,74,73,123
2,0,10,41,0,3,48,17,0,53,51,51,68,70,121
1,0,15,38,1,3,47,15,1,52,53,54,68,67,121
1,0,13,34,1,5,60,10,1,67,47,48,57,77,125
1,0,11,34,0,3,61,11,0,65,45,45,56,76,121
1,0,11,37,1,3,48,21,1,53,48,49,69,74,123
0,0,15,31,1,3,55,17,1,59,46,47,63,76,123
1,0,10,37,1,4,51,18,1,57,47,48,65,75,123
0,0,12,42,0,2,53,11,1,56,54,54,65,67,121
1,0,11,37,0,1,42,27,2,46,48,48,75,73,121
1,0,12,36,1,4,54,15,0,59,48,49,63,74,123
0,0,13,38,0,3,52,14,0,55,51,51,65,69,120
0,0,14,36,0,4,56,10,1,61,50,50,60,71,121
1,0,14,35,0,6,49,16,0,56,49,49,65,72,121
4,0,11,39,1,5,51,13,1,61,50,51,63,74,125
1,0,14,34,0,4,49,19,0,54,48,48,67,73,121
1,0,11,36,0,3,52,19,0,56,47,47,66,75,122
0,0,13,37,0,2,56,12,1,59,50,50,62,71,121
1,0,12,39,1,0,49,17,2,52,51,52,68,69,121
0,0,16,32,1,4,53,15,0,57,48,49,63,72,121
0,0,12,41,1,3,51,14,0,54,53,54,67,68,122
1,0,13,36,1,4,59,8,1,65,49,50,57,73,123
0,0,14,36,1,4,51,15,0,55,50,51,65,70,121
0,0,11,39,1,3,48,19,0,51,50,51,69,70,121
1,0,10,36,0,3,61,9,0,65,46,46,55,74,120
0,0,11,33,1,3,67,7,0,70,44,45,51,77,122
1,0,11,39,1,2,54,13,1,58,50,51,63,71,122
1,0,14,39,0,3,48,16,1,53,53,53,69,69,122
1,0,12,38,0,3,53,15,0,57,50,50,65,72,122
0,0,12,37,1,4,53,14,1,58,49,50,63,72,122
1,0,15,33,0,5,58,8,0,64,48,48,56,72,120
1,0,12,42,0,3,53,10,1,58,54,54,64,68,122
1,0,17,37,1,4,51,10,0,56,54,55,64,66,121
1,0,14,36,1,2,49,15,4,56,50,51,65,71,122
1,0,12,36,1,3,52,17,0,56,48,49,65,73,122
1,0,13,39,0,2,41,24,1,45,52,52,76,69,121
0,0,10,39,0,3,54,14,1,58,49,49,63,72,121
1,0,13,32,0,5,58,13,1,65,45,45,58,78,123
12,0,12,31,1,6,53,10,0,71,43,44,53,81,125
3,0,10,35,1,2,60,11,1,66,45,46,56,77,123
1,0,15,36,1,4,48,17,0,53,51,52,68,70,122
0,0,15,36,1,3,52,14,0,55,51,52,65,69,121
0,0,12,36,1,2,59,11,0,61,48,49,59,72,121
4,0,14,34,0,3,57,10,0,64,48,48,58,74,122
1,0,14,36,0,2,54,14,0,57,50,50,64,71,121
1,0,13,38,0,2,52,14,0,55,51,51,65,69,120
1,0,12,38,1,2,50,18,0,53,50,51,68,71,122
1,0,13,37,0,3,52,16,0,56,50,50,66,72,122
1,0,14,35,0,3,54,14,1,59,49,49,63,73,122
1,0,12,36,1,4,53,14,0,58,48,49,62,72,121
1,0,16,34,0,6,48,15,1,56,50,50,65,71,121
1,0,13,40,1,5,51,14,1,58,53,54,67,72,126
1,0,11,36,0,4,49,22,0,54,47,47,69,76,123
1,0,13,37,0,4,53,12,0,58,50,50,62,70,120
1,0,14,33,0,3,48,22,0,52,47,47,69,74,121
0,0,10,40,0,5,58,7,1,64,50,50,57,71,121
1,0,12,37,1,4,54,14,0,59,49,50,63,73,123
1,0,11,41,1,3,55,10,0,59,52,53,62,69,122
1,0,12,41,1,5,50,14,1,57,53,54,67,71,125
1,0,15,39,1,3,53,10,1,58,54,55,64,68,123
1,0,14,40,1,0,42,23,1,44,54,55,77,67,122
1,0,12,33,0,4,56,14,0,61,45,45,59,75,120
1,0,12,41,1,2,51,14,1,55,53,54,67,69,123
1,0,12,37,0,4,54,13,1,60,49,49,62,73,122
1,0,14,40,1,4,51,13,0,56,54,55,67,69,124
0,0,10,40,1,4,54,14,1,59,50,51,64,73,124
1,0,13,39,0,2,52,14,1,56,52,52,66,70,122
0,0,12,32,1,4,52,21,1,57,44,45,65,78,123
1,0,11,38,1,3,48,18,1,53,49,50,67,71,121
1,0,13,39,1,3,43,22,1,48,52,53,74,70,123
1,0,13,38,0,4,56,11,1,62,51,51,62,73,124
1,0,11,36,1,4,61,8,0,66,47,48,55,74,122
2,0,13,34,0,3,60,10,1,66,47,47,57,76,123
1,0,15,41,1,5,47,11,0,53,56,57,67,64,121
1,0,11,35,0,5,54,18,0,60,46,46,64,78,124
1,0,11,38,0,3,55,13,0,59,49,49,62,72,121
1,0,12,39,0,3,49,17,0,53,51,51,68,70,121
0,0,12,30,0,4,59,15,1,64,42,42,57,79,121
0,0,14,34,1,2,55,15,1,58,48,49,63,73,122
0,0,13,36,0,3,55,14,1,59,49,49,63,73,122
1,0,14,35,0,3,57,10,1,62,49,49,59,72,121
1,0,10,33,0,3,52,23,0,56,43,43,66,79,122
0,0,13,43,1,3,46,15,1,50,56,57,71,65,122
2,0,9,36,1,2,61,10,1,66,45,46,55,76,122
1,0,11,35,0,3,56,15,1,61,46,46,61,76,122
1,0,12,33,1,1,58,15,0,60,45,46,60,75,121
2,0,14,36,1,3,58,7,0,63,50,51,57,70,121
1,0,15,37,0,3,47,17,1,52,52,52,69,69,121
0,0,15,35,0,4,49,15,4,57,50,50,65,72,122
1,0,16,31,0,4,59,10,1,65,47,47,57,75,122
0,0,11,38,0,3,57,13,1,61,49,49,62,74,123
1,0,11,38,0,2,44,25,1,48,49,49,74,73,122
2,0,13,33,1,3,55,14,0,60,46,47,60,74,121
3,0,12,37,1,3,54,11,1,61,49,50,60,72,122
1,0,12,39,0,3,47,18,0,51,51,51,69,69,120
1,9,10,39,0,3,45,13,1,59,49,49,62,72,121
2,0,10,31,1,2,66,9,1,71,41,42,50,80,122
1,0,12,39,0,3,50,16,0,54,51,51,67,70,121
0,0,13,37,0,5,54,13,1,60,50,50,63,73,123
1,0,12,36,0,0,57,15,1,59,48,48,63,74,122
0,0,12,35,1,5,56,11,0,61,47,48,58,72,120
1,0,13,39,1,5,49,13,1,56,52,53,65,69,122
1,0,11,39,0,4,41,24,0,46,50,50,74,70,120
0,0,10,36,0,3,53,19,0,56,46,46,65,75,121
1,0,11,34,0,4,60,11,1,66,45,45,56,77,122
0,0,15,39,1,3,51,13,1,55,54,55,67,68,123
1,0,12,36,1,4,47,22,1,53,48,49,70,75,124
1,0,11,36,0,4,50,19,1,56,47,47,66,75,122
1,0,13,40,1,4,49,15,2,56,53,54,68,71,125
1,0,13,36,1,3,56,13,1,61,49,50,62,74,124
1,0,12,38,0,4,49,19,0,54,50,50,69,73,123
1,0,11,38,1,6,55,12,1,63,49,50,61,75,125
1,0,14,36,1,4,57,9,0,62,50,51,59,71,122
1,0,11,36,1,3,54,15,1,59,47,48,62,74,122
1,0,13,39,1,5,52,11,0,58,52,53,63,69,122
1,0,11,42,0,3,43,23,1,48,53,53,76,71,124
1,0,13,38,0,3,53,13,1,58,51,51,64,71,122
1,0,11,38,1,4,45,20,0,50,49,50,69,70,120
1,0,12,37,0,4,51,19,1,57,49,49,68,76,125
1,0,13,38,0,3,49,16,0,53,51,51,67,69,120
1,0,13,37,1,4,58,8,1,64,50,51,58,72,123
0,0,12,35,0,4,53,17,1,58,47,47,64,75,122
0,0,12,35,1,4,61,10,1,66,47,48,57,76,124
1,0,11,35,1,3,57,13,0,61,46,47,59,74,121
0,0,13,31,0,3,65,9,0,68,44,44,53,77,121
1,0,13,36,1,5,56,12,1,63,49,50,61,75,125
1,0,13,39,1,0,58,10,1,60,52,53,62,70,123
1,0,13,38,0,3,51,14,0,55,51,51,65,69,120
2,0,12,36,1,3,54,13,1,60,48,49,61,73,122
0,0,15,35,1,2,45,22,1,48,50,51,72,70,121
1,0,14,33,1,4,54,15,0,59,47,48,62,74,122
1,0,11,34,1,3,45,27,1,50,45,46,72,77,123
1,0,13,34,0,4,54,16,1,60,47,47,63,76,123
1,0,13,35,1,2,60,8,1,64,48,49,56,72,121
1,0,12,38,1,3,50,15,1,55,50,51,65,70,121
1,0,11,39,1,3,53,13,1,58,50,51,63,71,122
1,0,12,34,0,4,59,13,1,65,46,46,59,78,124
1,0,14,38,0,4,51,14,1,57,52,52,66,71,123
1,0,13,37,1,3,53,14,1,58,50,51,64,72,123
1,0,12,40,0,2,52,13,1,56,52,52,65,69,121
1,0,10,37,0,5,59,9,1,66,47,47,56,75,122
1,0,12,39,1,2,51,15,0,54,51,52,66,69,121
0,0,11,37,0,3,55,15,1,59,48,48,63,74,122
1,0,13,42,1,4,46,17,1,52,55,56,72,69,125
1,0,10,36,0,1,58,14,1,61,46,46,60,75,121
0,0,12,36,0,2,58,12,1,61,48,48,60,73,121
1,0,13,36,1,6,52,13,1,60,49,50,62,73,123
1,0,13,37,1,3,51,13,2,57,50,51,63,70,121
1,0,12,34,1,3,51,20,0,55,46,47,66,75,122
0,0,14,42,1,4,41,18,1,46,56,57,74,64,121
1,0,11,36,1,2,57,14,0,60,47,48,61,74,122
1,0,12,36,0,3,55,14,1,60,48,48,62,74,122
1,0,13,38,0,4,48,16,1,54,51,51,67,70,121
1,0,13,38,0,5,48,16,0,54,51,51,67,70,121
1,0,13,39,1,5,55,11,0,61,52,53,63,72,125
2,0,12,35,0,0,53,18,1,56,47,47,65,74,121
1,0,12,40,0,4,53,10,1,59,52,52,62,69,121
1,0,12,42,1,4,53,11,1,59,54,55,65,70,125
0,0,13,35,1,4,54,13,1,59,48,49,61,72,121
1,0,15,37,1,6,49,17,0,56,52,53,69,73,126
1,0,13,36,1,3,50,18,0,54,49,50,67,72,122
1,0,12,38,1,2,54,13,0,57,50,51,63,70,121
0,0,11,36,1,4,61,10,1,66,47,48,57,76,124
0,0,12,38,1,6,50,14,0,56,50,51,64,70,121
1,0,13,34,1,3,55,15,1,60,47,48,62,75,123
1,0,13,37,1,4,54,12,1,60,50,51,62,72,123
1,0,11,35,1,5,51,16,1,58,46,47,62,74,121
1,0,10,38,1,4,50,20,1,56,48,49,68,76,125
0,0,11,39,1,4,57,10,0,61,50,51,60,71,122
1,0,11,33,0,5,54,19,1,61,44,44,63,80,124
1,0,12,37,1,4,53,13,0,58,49,50,62,71,121
1,0,12,43,0,2,47,16,1,51,55,55,71,67,122
0,0,10,36,0,3,57,16,1,61,46,46,62,77,123
1,0,12,36,1,4,55,14,0,60,48,49,62,74,123
1,0,12,37,0,4,55,10,2,62,49,49,59,72,121
1,0,11,42,0,4,49,16,1,55,53,53,69,71,124
1,0,11,33,0,2,62,11,0,65,44,44,55,76,120
0,0,9,38,0,4,58,11,1,63,47,47,58,74,121
1,0,11,35,1,3,56,16,0,60,46,47,62,76,123
1,0,13,40,0,4,53,10,1,59,53,53,63,69,122
1,0,13,40,1,4,45,18,1,51,53,54,71,69,123
1,0,10,32,1,5,56,19,1,63,42,43,61,82,125
1,0,13,35,0,4,52,15,1,58,48,48,63,73,121
1,0,13,36,1,3,52,16,1,57,49,50,65,73,123
1,0,14,39,0,4,54,11,0,59,53,53,64,70,123
1,0,9,33,1,3,52,22,1,57,42,43,64,79,122
0,0,12,39,1,3,56,11,1,60,51,52,62,71,123
0,0,12,41,1,5,50,13,2,57,53,54,66,70,124
2,0,9,43,1,2,52,13,1,57,52,53,65,70,123
1,0,12,33,0,3,57,15,0,61,45,45,60,76,121
1,0,10,38,1,2,55,13,1,59,48,49,61,72,121
2,0,13,36,0,3,55,13,0,60,49,49,62,73,122
1,0,10,42,0,2,51,15,1,55,52,52,67,70,122
1,0,13,31,1,2,57,16,1,61,44,45,60,77,122
1,0,12,37,0,4,55,13,1,61,49,49,62,74,123
0,0,9,34,1,3,57,17,1,61,43,44,60,78,122
2,0,12,34,1,3,61,8,1,67,46,47,54,75,122
1,0,12,38,1,3,45,23,1,50,50,51,73,73,124
1,0,16,35,0,3,51,16,0,55,51,51,67,71,122
1,0,13,36,1,4,52,14,0,57,49,50,63,71,121
2,0,11,38,1,1,51,17,0,54,49,50,66,71,121
1,0,16,37,0,3,52,12,1,57,53,53,65,69,122
2,0,14,38,1,0,51,15,0,53,52,53,67,68,121
1,0,11,37,1,4,52,18,1,58,48,49,66,76,125
0,0,12,37,0,3,55,13,0,58,49,49,62,71,120
1,0,11,36,1,5,59,11,1,66,47,48,58,77,125
1,0,11,38,1,4,55,11,1,61,49,50,60,72,122
1,0,12,41,0,1,46,19,1,49,53,53,72,68,121
5,0,12,37,1,4,51,13,0,60,49,50,62,73,123
1,0,12,38,0,3,52,15,1,57,50,50,65,72,122
1,0,11,36,1,3,49,21,1,54,47,48,68,75,123
0,0,12,36,1,4,54,17,1,59,48,49,65,76,125
1,0,12,34,1,3,58,14,0,62,46,47,60,76,123
0,0,14,36,0,3,53,14,0,56,50,50,64,70,120
1,0,14,32,1,5,58,11,0,64,46,47,57,75,122
2,0,12,35,0,3,57,11,0,62,47,47,58,73,120
1,0,10,32,0,1,59,16,1,62,42,42,58,78,120
1,0,14,40,1,3,45,19,1,50,54,55,73,69,124
1,0,12,38,0,4,56,12,0,61,50,50,62,73,123
1,0,12,38,1,3,50,18,1,55,50,51,68,73,124
0,0,12,36,1,3,56,14,1,60,48,49,62,74,123
1,0,13,34,1,3,57,13,1,62,47,48,60,75,123
1,0,9,36,1,6,48,21,1,56,45,46,66,77,123
1,0,9,39,0,4,51,19,0,56,48,48,67,75,123
1,0,13,37,0,3,50,18,0,54,50,50,68,72,122
1,0,11,40,1,5,44,20,0,50,51,52,71,70,122
1,0,10,33,1,2,64,10,0,67,43,44,53,77,121
1,0,13,32,0,3,55,16,1,60,45,45,61,76,121
1,0,13,34,0,3,48,22,1,53,47,47,69,75,122
1,0,11,36,1,4,53,17,1,59,47,48,64,76,124
1,0,14,35,0,4,56,10,0,61,49,49,59,71,120
0,0,14,36,1,3,55,14,1,59,50,51,64,73,124
1,0,11,37,1,1,52,18,0,54,48,49,66,72,121
1,0,12,35,0,3,60,10,0,64,47,47,57,74,121
1,0,10,42,1,3,48,16,1,53,52,53,68,69,122
1,0,13,39,0,3,55,9,1,60,52,52,61,69,121
0,0,14,36,1,2,53,15,0,55,50,51,65,70,121
1,0,13,38,1,2,51,16,0,54,51,52,67,70,122
1,0,9,38,1,4,53,17,1,59,47,48,64,76,124
1,0,12,41,1,4,51,12,0,56,53,54,65,68,122
1,0,12,36,0,3,53,17,0,57,48,48,65,74,122
1,0,14,39,0,5,48,18,0,54,53,53,71,72,125
1,0,11,39,1,4,51,17,0,56,50,51,67,73,124
2,0,12,37,1,3,54,11,1,60,49,50,60,71,121
0,0,12,37,1,4,47,23,1,52,49,50,72,75,125
1,0,13,32,1,5,59,14,1,66,45,46,59,80,126
1,0,11,38,1,4,54,12,1,60,49,50,61,72,122
1,0,12,32,0,4,53,22,0,58,44,44,66,80,124
0,0,14,38,0,2,49,17,1,52,52,52,69,69,121
1,0,15,35,1,4,43,23,0,48,50,51,73,71,122
1,0,11,39,0,5,56,12,1,63,50,50,62,75,125
1,0,11,36,1,4,48,22,0,53,47,48,69,75,123
4,0,12,35,0,4,54,14,1,63,47,47,61,77,124
2,0,13,40,0,3,48,14,0,53,53,53,67,67,120
1,0,11,40,1,4,56,11,1,62,51,52,62,73,125
0,0,14,36,0,4,58,9,0,62,50,50,59,71,121
1,0,14,33,0,6,56,11,0,63,47,47,58,74,121
1,0,10,36,1,3,49,21,1,54,46,47,67,75,122
1,0,11,42,0,3,50,16,0,54,53,53,69,70,123
1,0,12,39,0,3,53,12,0,57,51,51,63,69,120
0,0,12,34,0,4,46,25,1,51,46,46,71,76,122
1,0,15,36,0,4,53,12,0,58,51,51,63,70,121
4,0,13,36,0,3,57,9,0,64,49,49,58,73,122
1,0,13,40,0,4,45,20,0,50,53,53,73,70,123
1,0,12,39,1,3,51,14,0,55,51,52,65,69,121
1,0,11,37,0,1,47,23,1,50,48,48,71,73,121
1,0,13,39,1,3,50,17,0,54,52,53,69,71,124
1,0,14,35,1,2,59,11,0,62,49,50,60,73,123
1,0,12,38,1,3,44,23,1,49,50,51,73,72,123
1,0,13,38,0,2,45,21,0,48,51,51,72,69,120
1,0,11,42,1,3,51,14,0,55,53,54,67,69,123
1,0,12,37,0,3,53,17,0,57,49,49,66,74,123
1,0,13,38,1,5,51,15,1,58,51,52,66,73,125
0,0,12,40,0,2,52,14,1,55,52,52,66,69,121
1,0,13,40,1,3,47,18,1,52,53,54,71,70,124
1,0,12,38,0,4,55,12,0,60,50,50,62,72,122
1,0,14,38,1,4,55,11,0,60,52,53,63,71,124
1,0,10,35,1,4,54,18,1,60,45,46,63,78,124
1,0,12,39,0,4,48,18,1,54,51,51,69,72,123
1,0,10,40,1,3,56,12,1,61,50,51,62,73,124
1,0,12,37,1,2,50,18,1,54,49,50,67,72,122
0,0,13,35,1,3,54,17,1,58,48,49,65,75,124
1,0,14,36,0,3,55,11,1,60,50,50,61,71,121
4,0,13,35,1,2,49,18,0,55,48,49,66,73,122
1,0,13,35,0,2,47,23,0,50,48,48,71,73,121
2,0,9,40,0,2,52,16,1,57,49,49,65,73,122
1,0,12,39,1,2,50,18,1,54,51,52,69,72,124
0,0,14,38,1,4,50,16,1,55,52,53,68,71,124
0,0,13,38,1,4,47,19,1,52,51,52,70,71,123
2,0,10,43,0,3,52,11,1,58,53,53,64,69,122
1,0,13,46,0,3,47,11,1,52,59,59,70,63,122
0,0,13,34,1,3,58,12,1,62,47,48,59,74,122
1,0,13,37,1,2,51,17,1,55,50,51,67,72,123
1,0,11,39,1,2,49,19,0,52,50,51,69,71,122
0,0,13,33,0,2,60,12,0,62,46,46,58,74,120
1,0,11,41,0,2,51,16,0,54,52,52,68,70,122
0,0,12,38,1,3,52,14,1,56,50,51,64,70,121
1,0,13,38,1,2,46,22,1,50,51,52,73,72,124
1,0,10,41,1,4,50,13,1,56,51,52,64,69,121
1,0,11,36,1,2,58,12,0,61,47,48,59,73,121
1,0,15,36,1,7,49,13,0,57,51,52,64,70,122
1,0,13,39,1,4,48,19,0,53,52,53,71,72,125
1,0,13,37,1,3,53,15,0,57,50,51,65,72,123
1,0,11,35,0,4,50,22,1,56,46,46,68,78,124
0,0,12,39,1,3,52,14,1,56,51,52,65,70,122
3,0,12,41,1,4,49,14,0,56,53,54,67,70,124
1,0,12,36,1,3,59,12,0,63,48,49,60,75,124
1,0,12,34,1,5,53,16,0,59,46,47,62,75,122
1,0,11,39,1,2,46,22,0,49,50,51,72,71,122
1,0,12,39,0,4,50,15,0,55,51,51,66,70,121
1,0,12,41,0,3,49,15,1,54,53,53,68,69,122
0,0,14,39,0,2,49,16,1,52,53,53,69,68,121
1,0,12,36,1,3,59,10,1,64,48,49,58,74,123
0,0,16,35,1,3,56,10,1,60,51,52,61,70,122
1,0,10,37,1,5,60,11,0,66,47,48,58,77,125
0,0,15,37,1,3,54,13,0,57,52,53,65,70,123
0,0,13,34,0,5,60,11,1,66,47,47,58,77,124
1,0,13,33,1,6,57,10,0,64,46,47,56,74,121
0,0,11,37,1,3,48,21,1,52,48,49,69,73,122
0,0,11,42,0,4,45,20,1,50,53,53,73,70,123
0,0,11,36,1,2,56,16,1,59,47,48,63,75,123
1,0,10,40,0,2,53,14,0,56,50,50,64,70,120
2,0,13,35,0,3,53,15,0,58,48,48,63,73,121
0,0,10,41,1,5,54,14,0,59,51,52,65,73,125
0,0,12,40,1,2,56,11,1,59,52,53,63,70,123
0,0,14,36,1,2,53,15,0,55,50,51,65,70,121
1,0,12,38,0,4,52,16,1,58,50,50,66,74,124
1,0,10,36,0,1,51,20,2,55,46,46,66,75,121
0,0,13,36,1,3,57,11,1,61,49,50,60,72,122
1,0,12,38,1,2,55,12,0,58,50,51,62,70,121
1,0,12,37,1,4,49,18,1,55,49,50,67,73,123
1,0,11,32,0,2,50,25,1,54,43,43,68,79,122
0,0,13,41,1,6,54,10,1,61,54,55,64,71,126
1,0,13,31,1,4,60,14,1,66,44,45,58,80,125
1,0,12,36,0,2,50,19,1,54,48,48,67,73,121
0,0,14,39,1,2,50,16,1,53,53,54,69,69,123
0,0,13,39,1,3,50,14,1,54,52,53,66,68,121
0,0,12,39,1,4,52,14,1,57,51,52,65,71,123
1,0,15,36,0,3,52,13,1,57,51,51,64,70,121
1,0,14,43,1,3,47,13,1,52,57,58,70,65,123
1,0,13,38,1,4,42,24,0,47,51,52,75,71,123
0,0,11,37,1,1,53,18,1,55,48,49,66,73,122
1,0,13,37,1,2,54,13,1,58,50,51,63,71,122
1,0,11,41,0,3,45,21,1,50,52,52,73,71,123
0,0,12,34,1,5,63,10,0,68,46,47,56,78,125
2,0,11,37,1,4,56,12,1,63,48,49,60,75,124
1,0,13,35,0,3,61,8,0,65,48,48,56,73,121
1,0,11,41,1,3,47,17,1,52,52,53,69,69,122
3,0,11,38,1,2,57,9,1,63,49,50,58,72,122
1,0,15,35,0,5,49,19,1,56,50,50,69,75,125
1,0,11,33,0,3,57,16,1,62,44,44,60,78,122
1,0,12,41,0,3,48,15,0,52,53,53,68,67,120
1,0,14,36,0,4,47,18,1,53,50,50,68,71,121
1,0,13,39,1,3,54,13,0,58,52,53,65,71,124
1,0,14,34,1,2,56,13,1,60,48,49,61,73,122
1,0,13,38,1,6,47,18,0,54,51,52,69,72,124
1,0,16,36,1,4,44,21,1,50,52,53,73,71,124
0,0,14,37,1,2,51,17,0,53,51,52,68,70,122
2,0,11,38,0,3,52,15,0,57,49,49,64,72,121
0,0,10,37,0,3,56,14,1,60,47,47,61,74,121
1,0,12,42,1,5,53,11,0,59,54,55,65,70,125
1,0,15,37,1,4,56,11,0,61,52,53,63,72,125
1,0,12,40,0,5,52,10,1,59,52,52,62,69,121
1,0,13,33,0,3,61,9,0,65,46,46,55,74,120
1,0,12,40,1,4,53,11,0,58,52,53,63,69,122
1,0,11,36,1,4,57,12,0,62,47,48,59,74,122
6,0,14,35,0,5,48,14,0,59,49,49,63,73,122
1,0,12,42,0,3,49,15,0,53,54,54,69,68,122
1,0,10,36,0,4,55,16,0,60,46,46,62,76,122
0,0,11,33,1,1,59,16,0,60,44,45,60,76,121
0,0,13,38,0,4,45,19,2,51,51,51,70,70,121
1,0,13,37,1,3,55,11,0,59,50,51,61,70,121
1,0,13,37,1,4,52,14,1,58,50,51,64,72,123
1,0,12,37,0,1,51,18,0,53,49,49,67,71,120
1,0,12,40,1,3,50,15,0,54,52,53,67,69,122
1,0,10,38,0,2,50,19,0,53,48,48,67,72,120
1,0,12,40,0,5,50,15,0,56,52,52,67,71,123
0,0,10,36,0,3,47,24,0,50,46,46,70,74,120
1,0,12,35,1,2,51,20,0,54,47,48,67,74,122
0,0,14,35,1,3,51,16,1,55,49,50,65,71,121
1,0,12,35,0,4,49,19,1,55,47,47,66,74,121
3,0,13,37,0,4,48,17,1,56,50,50,67,73,123
3,0,14,38,1,2,51,12,0,56,52,53,64,68,121
1,0,10,38,0,3,53,15,1,58,48,48,63,73,121
1,0,14,41,0,3,48,15,1,53,55,55,70,68,123
1,0,13,35,0,4,53,16,1,59,48,48,64,75,123
1,0,11,35,0,6,56,16,0,63,46,46,62,79,125
1,0,13,37,0,5,51,13,0,57,50,50,63,70,120
1,0,12,37,1,4,52,16,1,58,49,50,65,74,124
1,0,12,34,0,2,54,17,0,57,46,46,63,74,120
1,0,12,37,0,5,49,19,1,56,49,49,68,75,124
1,0,10,40,0,3,50,17,1,55,50,50,67,72,122
1,0,12,40,1,6,50,15,1,58,52,53,67,73,126
1,0,12,37,1,3,50,17,0,54,49,50,66,71,121
1,0,14,35,1,2,54,14,1,58,49,50,63,72,122
1,0,14,38,1,2,49,17,1,53,52,53,69,70,123
1,0,14,35,1,4,55,13,1,61,49,50,62,74,124
1,0,17,36,0,4,52,11,0,57,53,53,64,68,121
1,0,14,37,1,2,52,16,1,56,51,52,67,72,124
2,0,10,43,1,0,52,13,0,54,53,54,66,67,121
3,0,10,35,0,5,56,14,0,64,45,45,59,78,123
1,0,14,39,1,5,53,11,0,59,53,54,64,70,124
1,0,11,37,1,5,54,17,1,61,48,49,65,78,127
1,0,11,36,1,2,43,28,1,47,47,48,75,75,123
0,0,12,38,0,3,50,19,1,54,50,50,69,73,123
0,0,14,39,0,2,57,8,1,60,53,53,61,68,121
1,0,13,39,1,0,50,16,1,52,52,53,68,68,121
1,0,13,35,1,5,55,13,1,62,48,49,61,75,124
1,0,10,39,1,3,50,18,1,55,49,50,67,73,123
0,0,12,37,1,3,50,19,0,53,49,50,68,72,122
1,0,13,40,0,3,54,11,0,58,53,53,64,69,122
1,0,14,38,0,6,53,11,1,61,52,52,63,72,124
1,0,13,41,1,3,50,12,1,55,54,55,66,67,122
1,0,13,40,1,4,47,16,0,52,53,54,69,68,122
1,0,13,38,1,4,46,17,1,52,51,52,68,69,121
1,0,14,38,0,3,50,15,0,54,52,52,67,69,121
2,0,11,41,0,3,55,10,1,61,52,52,62,71,123
0,0,15,38,0,2,45,20,0,47,53,53,73,67,120
1,0,12,36,1,2,54,17,1,58,48,49,65,75,124
1,0,11,39,1,2,50,17,0,53,50,51,67,70,121
1,0,12,39,0,3,55,12,1,60,51,51,63,72,123
1,0,15,40,0,4,55,8,0,60,55,55,63,68,123
1,0,11,34,1,4,59,11,1,65,45,46,56,76,122
1,0,12,35,1,3,43,29,1,48,47,48,76,77,125
1,0,10,40,0,2,55,13,1,59,50,50,63,72,122
1,0,15,33,1,2,55,16,1,59,48,49,64,75,124
1,0,10,36,0,5,52,20,0,58,46,46,66,78,124
0,0,10,38,1,3,56,13,1,60,48,49,61,73,122
1,0,14,38,1,4,48,17,1,54,52,53,69,71,124
1,0,13,39,0,2,49,17,0,52,52,52,69,69,121
1,0,13,40,0,6,54,10,0,61,53,53,63,71,124
1,0,12,40,0,2,51,15,0,54,52,52,67,69,121
0,0,12,37,0,3,59,9,1,63,49,49,58,72,121
0,0,11,35,0,4,55,18,0,59,46,46,64,77,123
1,0,13,38,1,3,53,12,1,58,51,52,63,70,122
1,0,13,39,0,5,51,11,1,58,52,52,63,69,121
1,0,11,33,0,2,66,7,1,70,44,44,51,77,121
2,0,11,36,0,3,61,7,0,66,47,47,54,73,120
1,0,13,39,1,4,52,11,0,57,52,53,63,68,121
0,0,12,45,0,5,50,12,1,56,57,57,69,68,125
1,0,12,41,1,3,54,12,1,59,53,54,65,71,125
1,0,14,37,1,4,53,14,1,59,51,52,65,73,125
0,0,12,38,0,3,50,18,0,53,50,50,68,71,121
1,0,12,36,0,4,54,12,2,61,48,48,60,73,121
2,0,13,33,0,3,58,10,1,64,46,46,56,74,120
0,0,11,35,1,5,54,18,0,59,46,47,64,77,124
3,0,10,35,1,2,51,18,1,57,45,46,63,75,121
1,0,13,32,0,2,55,17,1,59,45,45,62,76,121
1,0,13,34,1,3,57,15,1,62,47,48,62,77,125
0,0,10,39,1,4,55,14,0,59,49,50,63,73,123
0,0,12,38,0,2,58,11,1,61,50,50,61,72,122
0,0,10,44,1,3,47,18,0,50,54,55,72,68,123
1,0,14,34,0,4,56,14,1,62,48,48,62,76,124
1,0,12,36,1,0,53,18,1,55,48,49,66,73,122
1,0,8,38,1,3,59,12,0,63,46,47,58,75,122
1,0,11,36,1,4,54,16,1,60,47,48,63,76,124
1,0,13,35,1,4,55,15,0,60,48,49,63,75,124
0,0,13,35,0,3,56,14,0,59,48,48,62,73,121
1,0,11,33,1,3,63,10,1,68,44,45,54,78,123
1,0,14,36,1,2,57,9,0,60,50,51,59,69,120
0,0,12,40,1,3,51,15,1,55,52,53,67,70,123
0,0,13,38,1,5,50,15,0,55,51,52,66,70,122
1,0,13,35,1,6,57,11,1,65,48,49,59,76,125
1,0,16,35,1,2,48,18,1,52,51,52,69,70,122
4,0,11,33,1,5,50,17,1,60,44,45,61,77,122
1,0,13,33,1,2,57,15,1,61,46,47,61,76,123
1,0,11,39,1,5,51,17,0,57,50,51,67,74,125
1,0,10,35,0,4,61,9,0,66,45,45,54,75,120
1,0,13,36,1,3,55,13,1,60,49,50,62,73,123
0,0,11,38,1,4,47,21,2,53,49,50,70,74,124
1,0,14,37,1,4,54,13,0,59,51,52,64,72,124
1,0,13,39,1,2,54,11,1,58,52,53,63,69,122
1,0,13,40,0,2,51,13,1,55,53,53,66,68,121
0,0,13,33,0,4,62,11,1,67,46,46,57,78,124
1,0,14,34,0,4,55,15,1,61,48,48,63,76,124
1,0,14,39,0,4,51,12,0,56,53,53,65,68,121
0,0,12,39,1,2,52,16,1,55,51,52,67,71,123
1,0,13,38,0,5,50,12,1,57,51,51,63,69,120
1,0,12,38,0,3,55,14,0,59,50,50,64,73,123
1,0,13,43,0,3,50,10,1,55,56,56,66,65,121
1,0,10,42,1,0,49,18,0,50,52,53,70,68,121
0,0,11,38,0,2,52,17,1,55,49,49,66,72,121
1,0,15,30,0,5,59,11,1,66,45,45,56,77,122
0,0,14,32,0,3,58,15,0,61,46,46,61,76,122
1,0,14,37,1,3,53,14,1,58,51,52,65,72,124
0,0,11,38,1,5,50,20,0,55,49,50,69,75,125
1,0,12,40,0,2,44,22,1,48,52,52,74,70,122
1,0,12,41,1,7,46,13,1,55,53,54,66,68,122
0,0,11,37,0,2,52,19,1,55,48,48,67,74,122
1,0,13,39,1,4,50,13,1,56,52,53,65,69,122
1,0,14,38,0,0,55,12,1,57,52,52,64,69,121
1,0,12,38,1,3,49,19,1,54,50,51,69,73,124
1,0,13,38,1,3,49,18,0,53,51,52,69,71,123
4,0,12,39,0,4,51,10,1,60,51,51,61,70,121
1,0,14,35,1,3,51,18,1,56,49,50,67,74,124
0,0,14,36,0,4,53,13,0,57,50,50,63,70,120
1,0,11,39,0,3,47,21,0,51,50,50,71,72,122
0,0,12,39,0,4,55,12,1,60,51,51,63,72,123
1,0,15,34,1,3,53,14,1,58,49,50,63,72,122
1,0,12,39,0,4,47,20,0,52,51,51,71,72,123
1,0,14,32,1,4,62,11,1,68,46,47,57,79,126
1,0,12,35,0,2,53,18,1,57,47,47,65,75,122
1,0,10,44,1,3,48,15,1,53,54,55,69,68,123
1,0,12,35,1,3,59,11,0,63,47,48,58,74,122
0,0,12,38,1,2,47,19,2,51,50,51,69,70,121
0,0,12,42,1,5,45,14,2,52,54,55,68,66,121
0,0,10,37,0,3,61,9,1,65,47,47,56,74,121
2,0,12,36,0,0,48,22,0,50,48,48,70,72,120
1,0,15,36,0,2,55,11,1,59,51,51,62,70,121
1,0,14,40,0,4,47,17,0,52,54,54,71,69,123
1,0,12,41,0,4,50,15,0,55,53,53,68,70,123
2,0,12,36,0,5,47,20,2,56,48,48,68,76,124
1,0,13,42,1,3,55,6,0,59,55,56,61,65,121
0,0,12,36,0,3,58,11,1,62,48,48,59,73,121
1,0,10,40,1,4,53,14,0,58,50,51,64,72,123
1,0,13,34,1,3,52,17,1,57,47,48,64,74,122
1,0,14,33,1,4,49,20,0,54,47,48,67,74,122
1,0,12,39,0,3,48,19,1,53,51,51,70,72,123
1,0,14,42,0,5,47,16,0,53,56,56,72,69,125
1,0,15,33,1,2,61,8,0,64,48,49,56,72,121
1,0,14,35,1,4,57,10,1,63,49,50,59,73,123
0,0,11,40,1,2,48,19,1,51,51,52,70,70,122
1,0,14,38,1,4,43,22,0,48,52,53,74,70,123
1,0,13,39,0,3,50,14,0,54,52,52,66,68,120
1,0,13,32,1,4,62,8,1,68,45,46,53,76,122
0,0,12,43,1,2,45,19,1,48,55,56,74,67,123
1,0,13,39,1,3,52,14,1,57,52,53,66,71,124
0,0,12,45,0,4,49,12,0,53,57,57,69,65,122
2,0,11,31,1,3,55,18,0,60,42,43,60,78,121
1,0,12,36,1,3,56,14,1,61,48,49,62,75,124
1,0,11,36,1,4,54,17,1,60,47,48,64,77,125
1,0,12,35,0,3,55,13,1,60,47,47,60,73,120
1,0,14,36,1,5,50,14,0,56,50,51,64,70,121
4,0,12,35,1,5,54,13,0,63,47,48,60,76,124
1,0,12,38,1,2,53,14,1,57,50,51,64,71,122
1,0,13,35,0,5,55,14,1,62,48,48,62,76,124
1,0,12,38,0,3,57,12,1,62,50,50,62,74,124
0,0,12,40,0,2,53,13,0,55,52,52,65,68,120
1,0,14,39,1,4,45,18,0,50,53,54,71,68,122
2,0,10,41,0,4,50,12,3,59,51,51,63,71,122
1,0,12,32,0,3,56,15,2,62,44,44,59,77,121
1,0,12,39,0,5,49,14,0,55,51,51,65,69,120
1,0,12,36,0,4,54,15,0,59,48,48,63,74,122
1,0,12,35,0,3,35,17,18,57,47,47,64,74,121
5,0,11,43,0,4,49,11,1,59,54,54,65,70,124
2,0,13,38,1,3,52,13,1,58,51,52,64,71,123
1,0,11,40,1,2,53,13,0,56,51,52,64,69,121
1,0,11,38,1,4,54,14,0,59,49,50,63,73,123
1,0,14,40,1,2,54,9,1,58,54,55,63,67,122
1,0,11,36,0,3,51,18,1,56,47,47,65,74,121
2,0,11,34,0,2,54,17,1,59,45,45,62,76,121
0,0,14,38,1,3,54,11,1,58,52,53,63,69,122
0,0,11,33,0,3,59,14,1,63,44,44,58,77,121
1,0,14,38,1,2,52,14,1,56,52,53,66,70,123
1,0,11,37,1,4,54,13,0,59,48,49,61,72,121
2,0,13,34,1,5,56,10,1,64,47,48,57,74,122
1,0,15,36,1,3,54,13,1,59,51,52,64,72,124
1,0,15,37,1,3,56,11,0,60,52,53,63,71,124
1,0,13,39,0,3,54,10,1,59,52,52,62,69,121
0,0,13,42,0,4,52,11,0,56,55,55,66,67,122
0,0,14,39,0,2,55,10,0,57,53,53,63,67,120
0,0,16,35,1,4,54,11,1,59,51,52,62,70,122
1,0,13,37,0,5,49,16,0,55,50,50,66,71,121
1,0,13,35,1,4,51,18,1,57,48,49,66,75,124
0,0,13,34,0,5,58,10,1,64,47,47,57,74,121
1,0,12,38,0,2,52,15,1,56,50,50,65,71,121
1,0,14,35,0,5,55,14,1,62,49,49,63,76,125
1,0,14,32,0,3,57,13,0,61,46,46,59,74,120
0,0,10,35,0,3,59,14,1,63,45,45,59,77,122
1,0,12,38,0,3,54,13,1,59,50,50,63,72,122
1,0,13,41,1,4,48,15,0,53,54,55,69,68,123
1,0,13,41,1,3,49,14,0,53,54,55,68,67,122
1,0,12,39,0,3,54,13,0,58,51,51,64,71,122
1,0,13,35,1,2,54,16,0,57,48,49,64,73,122
2,0,11,36,0,0,59,12,1,62,47,47,59,74,121
1,0,15,36,0,3,53,11,1,58,51,51,62,69,120
1,0,12,35,1,3,64,6,0,68,47,48,53,74,122
0,0,14,35,0,3,56,12,0,59,49,49,61,71,120
1,0,13,35,1,3,54,14,1,59,48,49,62,73,122
1,0,12,32,1,4,42,11,21,68,44,45,55,79,124
1,0,11,40,0,5,49,15,1,56,51,51,66,71,122
0,0,11,40,1,3,58,9,0,61,51,52,60,70,122
0,0,12,40,0,3,52,13,0,55,52,52,65,68,120
1,0,13,41,0,3,52,11,0,56,54,54,65,67,121
2,0,14,37,0,3,47,17,1,53,51,51,68,70,121
1,0,15,40,0,2,45,18,1,49,55,55,73,67,122
0,0,11,39,1,3,41,26,1,45,50,51,76,71,122
1,0,12,38,0,3,56,10,1,61,50,50,60,71,121
0,0,12,40,0,6,49,13,1,56,52,52,65,69,121
1,0,12,39,1,3,55,11,1,60,51,52,62,71,123
1,0,14,39,0,3,54,12,0,58,53,53,65,70,123
1,0,8,37,1,3,54,18,1,59,45,46,63,77,123
1,0,11,35,0,5,44,29,0,50,46,46,75,79,125
1,0,16,36,1,6,49,17,1,57,52,53,69,74,127
0,0,15,37,1,4,46,21,1,51,52,53,73,72,125
1,0,14,37,0,3,53,13,0,57,51,51,64,70,121
1,0,13,37,1,3,45,23,0,49,50,51,73,72,123
0,0,9,40,0,3,54,14,0,57,49,49,63,71,120
1,0,11,41,1,1,54,12,0,56,52,53,64,68,121
1,0,11,37,1,2,52,18,0,55,48,49,66,73,122
1,0,12,38,0,3,52,15,1,57,50,50,65,72,122
1,0,11,39,0,3,51,14,3,58,50,50,64,72,122
1,0,14,36,0,3,46,22,1,51,50,50,72,73,123
1,0,13,35,0,5,52,15,0,58,48,48,63,73,121
0,0,12,38,1,2,61,7,0,63,50,51,57,70,121
1,0,14,36,1,3,55,14,1,60,50,51,64,74,125
0,0,15,34,1,4,51,17,0,55,49,50,66,72,122
1,0,11,37,0,3,48,21,0,52,48,48,69,73,121
0,0,11,37,0,3,57,11,3,63,48,48,59,74,122
1,0,11,41,0,3,48,16,0,52,52,52,68,68,120
1,0,13,39,0,3,51,15,1,56,52,52,67,71,123
3,0,11,35,1,3,56,13,1,63,46,47,59,76,123
0,0,13,40,0,3,52,12,0,55,53,53,65,67,120
0,0,13,33,1,2,45,27,0,47,46,47,73,74,121
1,0,14,38,1,4,51,14,1,57,52,53,66,71,124
1,0,16,35,0,5,54,13,1,61,51,51,64,74,125
1,0,13,35,1,2,53,17,0,56,48,49,65,73,122
1,0,11,33,0,4,55,16,1,61,44,44,60,77,121
1,0,12,36,0,3,51,17,0,55,48,48,65,72,120
1,0,12,38,1,3,52,15,1,57,50,51,65,72,123
2,0,15,37,1,5,52,11,0,59,52,53,63,70,123
0,0,15,41,0,2,51,12,1,54,56,56,68,66,122
1,0,14,33,1,4,54,15,1,60,47,48,62,75,123
0,0,15,35,0,2,59,9,0,61,50,50,59,70,120
1,0,13,36,1,4,53,14,0,58,49,50,63,72,122
1,0,13,41,0,2,51,13,0,54,54,54,67,67,121
1,0,12,38,0,4,52,15,0,57,50,50,65,72,122
1,0,14,38,1,1,47,19,1,50,52,53,71,69,122
0,0,11,34,1,4,59,14,0,63,45,46,59,77,123
0,0,12,38,1,2,57,11,0,59,50,51,61,70,121
0,0,12,39,0,2,49,17,1,52,51,51,68,69,120
1,0,11,40,0,3,58,8,1,63,51,51,59,71,122
1,0,14,41,1,7,47,10,0,55,55,56,65,65,121
3,0,12,38,1,3,46,18,0,52,50,51,68,70,121
1,0,14,40,0,0,50,16,0,51,54,54,70,67,121
1,0,13,34,0,4,56,16,0,61,47,47,63,77,124
2,0,13,34,1,4,50,16,1,57,47,48,63,73,121
1,0,11,40,1,4,50,15,1,56,51,52,66,71,123
2,0,16,35,1,4,48,17,0,54,51,52,68,71,123
7,0,14,37,1,3,46,13,1,57,51,52,64,70,122
1,0,11,39,0,4,50,17,1,56,50,50,67,73,123
1,0,14,34,0,3,44,25,1,49,48,48,73,74,122
1,0,13,37,1,2,50,17,0,53,50,51,67,70,121
2,0,11,40,1,4,49,16,1,56,51,52,67,72,124
1,0,12,33,1,4,55,17,1,61,45,46,62,78,124
1,0,14,34,1,3,59,8,1,64,48,49,56,72,121
1,0,12,38,0,4,55,12,1,61,50,50,62,73,123
1,0,12,37,0,2,56,13,1,60,49,49,62,73,122
1,0,14,36,0,3,49,17,1,54,50,50,67,71,121
1,8,11,33,0,5,54,8,0,68,44,44,52,76,120
0,0,15,38,0,5,50,13,0,55,53,53,66,68,121
2,0,12,44,0,2,48,12,1,53,56,56,68,65,121
3,0,13,38,0,3,46,16,1,53,51,51,67,69,120
1,0,11,38,0,4,47,21,0,52,49,49,70,73,122
1,0,14,34,1,2,58,12,0,61,48,49,60,73,122
1,0,11,39,1,2,53,14,0,56,50,51,64,70,121
1,0,11,39,1,4,52,14,1,58,50,51,64,72,123
1,0,13,41,1,3,48,13,1,53,54,55,67,66,121
1,0,11,40,1,4,53,11,1,59,51,52,62,70,122
1,0,16,37,1,4,50,16,1,56,53,54,69,72,126
1,0,13,32,1,3,56,17,0,60,45,46,62,77,123
1,0,11,40,0,4,48,16,0,53,51,51,67,69,120
1,0,13,35,1,3,53,16,1,58,48,49,64,74,123
0,0,14,37,0,4,51,16,0,55,51,51,67,71,122
4,0,11,37,0,4,50,14,1,59,48,48,62,73,121
1,0,11,35,0,2,47,23,3,53,46,46,69,76,122
1,0,12,39,0,5,51,16,1,58,51,51,67,74,125
3,0,11,33,1,3,58,12,0,64,44,45,56,76,121
0,0,14,39,0,2,54,10,1,57,53,53,63,67,120
3,0,12,37,0,2,51,13,2,58,49,49,62,71,120
1,0,10,36,1,3,55,14,1,60,46,47,60,74,121
1,0,14,38,0,4,51,14,1,57,52,52,66,71,123
1,0,12,35,1,3,61,9,0,65,47,48,56,74,122
1,0,12,39,0,4,51,15,0,56,51,51,66,71,122
1,0,13,35,1,4,53,14,0,58,48,49,62,72,121
1,0,13,45,0,4,44,16,1,50,58,58,74,66,124
0,0,13,36,0,1,56,14,1,58,49,49,63,72,121
1,0,14,38,0,3,57,9,0,61,52,52,61,70,122
1,0,13,33,1,6,57,10,1,65,46,47,56,75,122
0,0,14,38,1,3,48,19,1,52,52,53,71,71,124
1,0,12,40,0,4,53,10,1,59,52,52,62,69,121
1,0,14,35,0,4,60,8,0,65,49,49,57,73,122
1,0,11,39,1,3,50,17,0,54,50,51,67,71,122
1,0,13,38,0,4,55,12,1,61,51,51,63,73,124
1,0,12,33,0,3,61,10,0,65,45,45,55,75,120
1,0,12,37,1,4,49,18,1,55,49,50,67,73,123
3,0,14,35,1,3,50,15,0,56,49,50,64,71,121
1,0,13,34,1,2,48,22,0,51,47,48,69,73,121
1,0,12,39,1,4,44,21,0,49,51,52,72,70,122
2,0,11,38,0,4,55,10,1,62,49,49,59,72,121
1,0,13,41,1,4,51,14,0,56,54,55,68,70,125
0,0,14,34,0,5,53,14,0,58,48,48,62,72,120
1,0,11,35,1,3,57,14,1,62,46,47,60,76,123
1,0,12,35,1,6,59,7,0,66,47,48,54,73,121
1,0,12,35,1,4,56,14,1,62,47,48,61,76,124
0,0,15,38,1,3,50,15,0,53,53,54,68,68,122
1,0,14,37,0,4,51,16,0,56,51,51,67,72,123
1,0,12,38,1,3,53,14,1,58,50,51,64,72,123
1,0,12,38,0,4,52,14,1,58,50,50,64,72,122
1,0,12,36,1,4,58,10,0,63,48,49,58,73,122
1,0,10,36,0,3,63,9,1,68,46,46,55,77,123
1,0,12,38,1,2,47,21,0,50,50,51,71,71,122
1,0,13,35,0,2,53,16,1,57,48,48,64,73,121
2,0,12,37,0,6,50,15,1,59,49,49,64,74,123
1,0,13,34,1,2,50,20,1,54,47,48,67,74,122
5,0,10,38,0,3,55,10,1,64,48,48,58,74,122
1,0,15,38,0,5,45,19,1,52,53,53,72,71,124
0,0,12,36,0,2,55,15,0,57,48,48,63,72,120
1,0,11,39,1,3,56,10,0,60,50,51,60,70,121
1,0,13,37,1,3,54,14,1,59,50,51,64,73,124
2,0,12,36,1,3,53,14,1,59,48,49,62,73,122
1,0,12,37,1,3,56,12,1,61,49,50,61,73,123
0,0,16,39,0,3,50,13,1,54,55,55,68,67,122
3,0,12,35,1,3,55,12,0,61,47,48,59,73,121
1,0,14,38,1,4,51,13,0,56,52,53,65,69,122
1,0,12,36,0,4,41,28,0,46,48,48,76,74,122
1,0,13,39,1,3,44,22,1,49,52,53,74,71,124
0,0,12,34,0,3,59,13,0,62,46,46,59,75,121
1,0,10,41,1,3,54,12,0,58,51,52,63,70,122
0,7,11,38,0,3,52,11,0,62,49,49,60,73,122
0,0,10,39,1,3,53,15,0,56,49,50,64,71,121
1,0,12,38,1,2,54,14,1,58,50,51,64,72,123
1,0,16,34,0,4,46,17,3,54,50,50,67,71,121
1,0,13,36,1,4,59,8,1,65,49,50,57,73,123
1,0,12,33,1,4,58,12,0,63,45,46,57,75,121
1,0,13,39,1,1,49,17,0,51,52,53,69,68,121
1,0,12,34,0,3,54,16,0,58,46,46,62,74,120
0,0,11,38,0,4,54,13,0,58,49,49,62,71,120
0,0,13,39,1,3,51,13,1,55,52,53,65,68,121
1,0,13,37,1,4,57,8,1,63,50,51,58,71,122
2,0,13,38,0,4,56,8,1,63,51,51,59,71,122
0,0,12,40,1,4,47,17,1,52,52,53,69,69,122
1,0,9,42,0,4,48,18,1,54,51,51,69,72,123
1,0,11,40,0,4,54,13,1,60,51,51,64,73,124
1,0,11,38,0,4,48,20,0,53,49,49,69,73,122
0,0,11,34,0,4,60,14,1,65,45,45,59,79,124
1,0,12,39,1,3,54,12,1,59,51,52,63,71,123
0,0,12,37,1,2,53,16,1,56,49,50,65,72,122
1,0,11,38,1,3,57,10,0,61,49,50,59,71,121
1,0,13,39,0,2,47,17,2,52,52,52,69,69,121
1,0,12,36,0,2,50,21,1,54,48,48,69,75,123
1,0,14,38,1,3,51,13,1,56,52,53,65,69,122
1,0,11,35,0,3,61,12,1,66,46,46,58,78,124
1,0,14,37,1,2,54,12,0,57,51,52,63,69,121
1,0,12,39,0,4,52,16,1,58,51,51,67,74,125
1,0,13,37,1,3,53,14,1,58,50,51,64,72,123
1,0,12,38,1,2,48,19,1,52,50,51,69,71,122
1,0,10,41,0,2,50,17,0,53,51,51,68,70,121
2,0,11,40,1,2,50,16,0,54,51,52,67,70,122
2,0,13,40,0,3,48,15,0,53,53,53,68,68,121
1,0,13,43,0,2,49,13,0,52,56,56,69,65,121
1,0,16,36,0,3,51,13,0,55,52,52,65,68,120
1,0,12,34,0,3,56,14,0,60,46,46,60,74,120
1,0,11,41,0,0,52,16,0,53,52,52,68,69,121
0,0,12,34,0,4,57,13,1,62,46,46,59,75,121
0,0,16,37,1,4,54,9,1,59,53,54,62,68,122
0,0,12,40,0,4,53,11,1,58,52,52,63,69,121
1,0,12,37,0,3,53,13,1,58,49,49,62,71,120
0,0,13,39,0,4,45,21,1,50,52,52,73,71,123
1,0,11,32,0,4,60,15,0,65,43,43,58,80,123
3,0,12,39,1,2,47,16,1,53,51,52,67,69,121
0,0,12,32,1,2,60,14,0,62,44,45,58,76,121
1,0,13,34,0,5,52,20,0,58,47,47,67,78,125
1,0,11,33,1,2,58,15,0,61,44,45,59,76,121
1,0,13,33,1,3,54,17,0,58,46,47,63,75,122
1,0,14,33,0,3,56,15,1,61,47,47,62,76,123
1,0,13,40,1,3,54,10,1,59,53,54,63,69,123
1,0,11,40,1,1,47,21,0,49,51,52,72,70,122
5,0,13,32,1,3,54,14,0,62,45,46,59,76,122
1,0,12,33,1,3,54,18,1,59,45,46,63,77,123
0,0,14,43,1,3,40,20,0,43,57,58,77,63,121
1,0,14,34,1,3,58,12,1,63,48,49,60,75,124
1,0,12,33,1,3,57,13,1,62,45,46,58,75,121
2,0,12,33,0,2,54,17,1,59,45,45,62,76,121
0,0,14,33,1,3,62,8,1,66,47,48,55,74,122
1,0,10,40,0,3,44,22,2,50,50,50,72,72,122
0,0,12,37,1,2,59,11,1,62,49,50,60,73,123
1,0,11,33,1,5,60,10,0,66,44,45,54,76,121
1,0,12,37,1,4,57,10,1,63,49,50,59,73,123
0,0,14,34,1,3,56,13,1,60,48,49,61,73,122
1,0,13,35,1,2,51,18,1,55,48,49,66,73,122
1,0,12,35,0,3,55,16,0,59,47,47,63,75,122
1,0,12,37,0,2,55,12,1,59,49,49,61,71,120
1,0,11,39,1,4,44,22,1,50,50,51,72,72,123
1,0,11,37,1,2,46,25,1,50,48,49,73,75,124
1,0,13,32,0,2,61,11,0,64,45,45,56,75,120
1,0,12,31,0,4,53,22,1,59,43,43,65,81,124
1,0,13,37,0,5,52,14,0,58,50,50,64,72,122
1,0,10,35,1,4,56,16,0,61,45,46,61,77,123
1,0,13,41,1,3,47,16,1,52,54,55,70,68,123
0,0,10,40,0,4,53,16,0,57,50,50,66,73,123
4,0,14,36,0,4,55,9,1,64,50,50,59,73,123
1,0,11,37,0,3,54,14,1,59,48,48,62,73,121
1,0,9,37,1,2,53,18,1,57,46,47,64,75,122
0,0,13,37,1,4,52,15,1,57,50,51,65,72,123
1,0,14,36,1,3,52,14,1,57,50,51,64,71,122
1,0,13,40,0,4,48,15,0,53,53,53,68,68,121
1,0,14,36,0,3,52,15,1,57,50,50,65,72,122
1,0,13,39,0,4,52,13,1,58,52,52,65,71,123
1,0,13,33,0,3,56,14,1,61,46,46,60,75,121
1,0,14,34,0,3,54,16,0,58,48,48,64,74,122
1,0,12,37,1,3,58,11,0,62,49,50,60,73,123
1,0,12,35,0,4,49,20,1,55,47,47,67,75,122
0,0,11,41,1,5,52,15,1,58,52,53,67,73,126
1,0,14,36,0,4,49,19,1,55,50,50,69,74,124
0,0,10,43,1,2,44,21,0,46,53,54,74,67,121
1,0,13,38,0,4,47,18,0,52,51,51,69,70,121
1,0,13,36,1,4,48,17,3,56,49,50,66,73,123
1,0,14,34,1,2,57,11,1,61,48,49,59,72,121
0,0,13,36,0,4,53,15,1,58,49,49,64,73,122
1,0,13,38,0,3,48,18,0,52,51,51,69,70,121
1,0,12,39,0,3,54,12,0,58,51,51,63,70,121
1,0,11,35,1,3,59,12,0,63,46,47,58,75,122
1,0,13,37,1,5,53,15,1,60,50,51,65,75,126
1,0,12,38,0,2,59,9,1,63,50,50,59,72,122
1,0,13,41,1,3,51,12,1,56,54,55,66,68,123
1,0,12,34,1,4,58,12,1,64,46,47,58,76,123
2,0,11,35,0,2,60,10,1,65,46,46,56,75,121
2,0,12,42,0,4,47,13,1,54,54,54,67,67,121
1,0,11,37,1,2,58,11,1,62,48,49,59,73,122
1,0,12,33,0,2,58,14,1,62,45,45,59,76,121
0,0,13,33,1,3,60,11,1,64,46,47,57,75,122
1,0,12,39,1,3,57,9,0,61,51,52,60,70,122
1,0,14,40,1,3,50,13,1,55,54,55,67,68,123
1,0,12,33,1,2,57,16,1,61,45,46,61,77,123
1,0,14,37,1,4,54,12,1,60,51,52,63,72,124
1,0,11,39,0,3,54,15,1,59,50,50,65,74,124
1,0,13,42,0,2,51,11,1,55,55,55,66,66,121
1,0,10,44,0,3,41,23,0,45,54,54,77,68,122
1,0,10,36,1,4,54,15,0,59,46,47,61,74,121
0,0,13,38,0,2,57,10,1,60,51,51,61,70,121
1,0,15,33,1,3,56,12,0,60,48,49,60,72,121
0,0,12,36,1,3,56,13,1,60,48,49,61,73,122
0,0,13,36,0,3,57,11,1,61,49,49,60,72,121
1,0,16,38,1,3,45,17,1,50,54,55,71,67,122
1,0,15,36,1,1,53,14,0,55,51,52,65,69,121
1,0,12,35,1,2,55,15,0,58,47,48,62,73,121
1,0,14,38,0,4,55,9,1,61,52,52,61,70,122
1,0,11,40,0,4,55,11,0,60,51,51,62,71,122
1,0,13,41,1,3,50,13,0,54,54,55,67,67,122
0,0,13,37,0,3,60,9,1,64,50,50,59,73,123
0,0,13,31,1,2,63,11,0,65,44,45,55,76,121
1,0,11,37,0,3,50,20,1,55,48,48,68,75,123
1,0,13,38,1,5,49,19,1,56,51,52,70,75,127
1,0,11,34,0,4,47,24,0,52,45,45,69,76,121
1,0,12,38,0,3,46,20,1,51,50,50,70,71,121
1,0,11,40,0,3,52,15,0,56,51,51,66,71,122
1,0,15,36,1,2,52,15,1,56,51,52,66,71,123
1,0,11,37,1,3,54,16,1,59,48,49,64,75,124
1,0,11,37,1,3,54,14,0,58,48,49,62,72,121
1,0,15,35,1,4,52,11,1,58,50,51,61,69,120
1,0,14,32,0,3,62,9,1,67,46,46,55,76,122
1,0,12,38,0,2,57,9,1,61,50,50,59,70,120
1,0,11,35,1,4,58,11,1,64,46,47,57,75,122
1,0,10,37,1,3,55,14,1,60,47,48,61,74,122
1,0,13,44,1,4,47,12,1,53,57,58,69,65,123
1,0,12,41,0,3,53,11,1,58,53,53,64,69,122
1,0,10,36,1,5,50,22,1,57,46,47,68,79,126
0,0,11,39,1,3,55,13,0,58,50,51,63,71,122
2,0,13,36,0,6,46,21,1,55,49,49,70,76,125
1,0,12,38,0,2,49,18,1,53,50,50,68,71,121
1,0,14,35,1,3,47,21,1,52,49,50,70,73,123
3,0,12,36,0,4,53,12,0,60,48,48,60,72,120
5,0,13,33,1,3,53,13,1,62,46,47,59,75,122
0,0,11,35,1,3,56,15,1,60,46,47,61,75,122
1,0,11,36,0,3,60,11,1,65,47,47,58,76,123
0,0,12,40,1,2,50,16,0,52,52,53,68,68,121
0,0,12,33,1,3,53,20,1,57,45,46,65,77,123
1,0,12,39,0,4,48,18,1,54,51,51,69,72,123
1,0,14,39,1,3,48,16,1,53,53,54,69,69,123
1,0,14,38,1,4,55,9,0,60,52,53,61,69,122
1,0,12,42,0,2,44,20,0,47,54,54,74,67,121
0,0,16,39,0,3,47,15,1,51,55,55,70,66,121
1,0,14,36,1,3,48,17,2,54,50,51,67,71,122
0,0,14,38,0,4,57,9,0,61,52,52,61,70,122
2,0,12,39,1,3,50,15,1,56,51,52,66,71,123
1,0,12,38,1,3,46,21,1,51,50,51,71,72,123
0,0,12,37,0,5,54,14,1,60,49,49,63,74,123
1,0,11,38,0,4,51,17,1,57,49,49,66,74,123
1,0,14,33,1,4,54,15,1,60,47,48,62,75,123
0,0,15,38,0,4,52,11,1,57,53,53,64,68,121
3,0,12,40,1,2,44,19,0,49,52,53,71,68,121
1,0,11,42,0,2,49,15,1,53,53,53,68,68,121
1,0,13,36,1,2,54,15,1,58,49,50,64,73,123
1,0,14,36,0,4,53,13,1,59,50,50,63,72,122
0,0,14,39,1,1,52,13,1,54,53,54,66,67,121
1,0,13,35,1,1,49,20,1,52,48,49,68,72,121
0,0,14,36,0,5,56,9,0,61,50,50,59,70,120
0,0,12,34,0,3,59,14,0,62,46,46,60,76,122
1,0,14,38,0,3,52,15,0,56,52,52,67,71,123
1,0,13,38,0,1,55,12,0,57,51,51,63,69,120
1,0,12,40,1,3,44,21,1,49,52,53,73,70,123
2,0,10,34,1,3,57,14,0,62,44,45,58,76,121
1,0,10,38,1,4,49,21,0,54,48,49,69,75,124
1,0,11,40,0,4,59,9,0,64,51,51,60,73,124
1,0,13,38,0,3,53,13,0,57,51,51,64,70,121
1,0,14,36,0,4,50,19,1,56,50,50,69,75,125
1,0,12,39,1,0,57,12,1,59,51,52,63,71,123
1,0,14,40,0,3,43,20,1,48,54,54,74,68,122
1,0,10,37,0,2,53,14,3,59,47,47,61,73,120
1,0,12,40,0,2,45,21,1,49,52,52,73,70,122
1,0,11,39,1,3,55,11,1,60,50,51,61,71,122
1,0,14,38,0,4,54,10,1,60,52,52,62,70,122
1,0,13,37,1,4,47,18,1,53,50,51,68,71,122
1,0,10,38,1,2,49,19,1,53,48,49,67,72,121
0,0,12,39,0,3,49,17,1,53,51,51,68,70,121
1,0,10,39,1,2,44,20,5,52,49,50,69,72,122
1,0,11,39,1,5,53,11,1,60,50,51,61,71,122
1,0,11,33,0,1,53,22,0,55,44,44,66,77,121
1,0,11,37,1,4,57,13,0,62,48,49,61,75,124
2,0,11,32,0,3,55,15,3,63,43,43,58,78,121
1,0,12,40,1,3,52,13,1,57,52,53,65,70,123
1,0,12,34,1,3,57,13,1,62,46,47,59,75,122
2,0,12,37,0,2,53,15,0,57,49,49,64,72,121
1,0,12,37,1,3,56,14,0,60,49,50,63,74,124
1,0,13,33,0,6,53,18,1,61,46,46,64,79,125
1,0,14,36,0,2,50,18,1,54,50,50,68,72,122
1,0,10,34,1,4,60,14,1,66,44,45,58,80,125
1,0,12,43,0,3,47,16,1,52,55,55,71,68,123
1,0,16,36,0,2,51,14,1,55,52,52,66,69,121
1,0,9,37,1,4,45,24,0,50,46,47,70,74,121
0,0,13,32,0,4,61,10,1,66,45,45,55,76,121
1,0,13,38,0,3,53,13,1,58,51,51,64,71,122
1,0,12,38,1,2,52,17,1,56,50,51,67,73,124
1,0,12,44,1,2,50,12,1,54,56,57,68,66,123
1,0,13,37,0,3,54,14,1,59,50,50,64,73,123
1,0,15,38,1,3,53,12,0,57,53,54,65,69,123
1,0,12,40,0,4,58,8,0,63,52,52,60,71,123
1,0,12,35,1,3,58,12,0,62,47,48,59,74,122
0,0,12,35,1,3,59,11,0,62,47,48,58,73,121
1,0,14,35,1,5,57,12,1,64,49,50,61,76,126
1,0,12,38,0,3,46,22,1,51,50,50,72,73,123
1,0,12,36,0,3,56,13,1,61,48,48,61,74,122
1,0,13,37,1,4,60,8,0,65,50,51,58,73,124
1,0,11,41,0,5,52,13,1,59,52,52,65,72,124
1,0,10,42,1,2,53,12,0,56,52,53,64,68,121
1,0,14,36,1,4,52,15,0,57,50,51,65,72,123
1,0,12,40,0,5,53,13,0,59,52,52,65,72,124
1,0,11,39,0,2,48,20,0,51,50,50,70,71,121
1,0,11,35,0,4,56,17,1,62,46,46,63,79,125
1,0,11,39,0,5,56,9,1,63,50,50,59,72,122
1,0,14,36,1,5,53,11,1,60,50,51,61,71,122
0,0,14,41,0,3,44,18,1,48,55,55,73,66,121
0,0,12,37,1,5,56,12,1,62,49,50,61,74,124
1,0,11,36,0,2,49,22,1,53,47,47,69,75,122
2,0,13,37,0,2,48,18,0,52,50,50,68,70,120
2,0,11,39,0,3,51,15,1,57,50,50,65,72,122
5,0,12,36,1,4,51,12,0,60,48,49,60,72,121
2,0,12,36,0,2,47,21,1,52,48,48,69,73,121
1,0,11,39,1,4,53,15,1,59,50,51,65,74,125
1,0,10,36,0,2,62,11,0,65,46,46,57,76,122
1,0,13,40,1,4,51,12,0,56,53,54,65,68,122
1,0,11,41,0,4,50,14,1,56,52,52,66,70,122
1,0,12,37,0,3,57,11,1,62,49,49,60,73,122
0,0,12,40,1,2,54,12,1,57,52,53,64,69,122
1,0,14,40,0,5,50,13,1,57,54,54,67,70,124
0,0,14,37,0,2,55,13,1,58,51,51,64,71,122
1,0,14,33,0,2,58,12,1,62,47,47,59,74,121
1,0,11,41,0,5,51,12,0,57,52,52,64,69,121
1,0,12,43,1,2,47,15,1,51,55,56,70,66,122
1,0,12,39,0,2,42,23,1,46,51,51,74,69,120
1,0,11,38,0,3,60,8,0,64,49,49,57,72,121
3,0,13,39,1,3,48,13,1,55,52,53,65,68,121
2,0,13,33,1,4,60,10,0,66,46,47,56,76,123
5,0,11,35,1,3,50,17,1,59,46,47,63,76,123
1,0,14,36,1,4,49,17,0,54,50,51,67,71,122
1,0,13,36,0,4,54,12,1,60,49,49,61,72,121
1,0,13,38,1,4,51,14,1,57,51,52,65,71,123
2,0,13,41,1,3,41,19,1,47,54,55,73,66,121
3,0,11,36,1,4,56,10,1,64,47,48,57,74,122
2,0,10,40,1,3,49,17,0,54,50,51,67,71,122
0,0,12,38,0,3,59,9,1,63,50,50,59,72,122
1,0,11,36,0,4,55,15,1,61,47,47,62,76,123
1,0,12,38,1,3,49,18,1,54,50,51,68,72,123
1,0,11,41,0,3,52,11,2,58,52,52,63,69,121
1,0,10,39,0,2,50,18,1,54,49,49,67,72,121
1,0,13,40,1,6,48,15,0,55,53,54,68,70,124
1,0,11,37,1,2,54,16,1,58,48,49,64,74,123
1,0,10,39,1,3,53,16,1,58,49,50,65,74,124
1,0,11,40,1,4,38,27,0,43,51,52,78,70,122
1,0,19,33,1,3,51,13,1,56,52,53,65,69,122
0,0,12,36,1,3,54,16,1,58,48,49,64,74,123
1,0,13,38,1,5,57,10,1,64,51,52,61,74,126
0,0,13,39,1,6,53,13,1,60,52,53,65,73,126
1,0,13,38,0,5,48,20,0,54,51,51,71,74,125
1,0,11,36,1,5,51,18,1,58,47,48,65,76,124
1,0,13,38,0,7,46,14,1,55,51,51,65,69,120
1,0,11,34,0,2,60,13,0,63,45,45,58,76,121
1,0,17,37,0,3,53,11,0,57,54,54,65,68,122
0,0,13,36,1,3,44,26,0,47,49,50,75,73,123
1,0,13,36,1,4,50,18,1,56,49,50,67,74,124
1,0,10,38,1,3,48,23,1,53,48,49,71,76,125
1,0,13,36,0,6,57,11,0,64,49,49,60,75,124
2,0,11,40,1,5,48,16,1,56,51,52,67,72,124
1,0,11,39,0,2,55,13,1,59,50,50,63,72,122
1,0,11,42,0,3,51,14,1,56,53,53,67,70,123
1,0,15,38,0,5,51,14,0,57,53,53,67,71,124
0,0,12,35,1,3,49,22,0,52,47,48,69,74,122
1,0,12,38,0,3,48,19,1,53,50,50,69,72,122
1,0,11,39,0,4,57,10,0,62,50,50,60,72,122
1,0,12,35,1,3,59,11,1,64,47,48,58,75,123
1,0,11,32,1,3,53,22,1,58,43,44,65,80,124
1,0,13,38,1,2,51,15,1,55,51,52,66,70,122
2,0,11,42,0,6,51,11,1,60,53,53,64,71,124
1,0,13,35,0,3,54,15,1,59,48,48,63,74,122
1,0,14,35,1,3,52,15,0,56,49,50,64,71,121
1,0,14,38,0,4,48,17,0,53,52,52,69,70,122
1,0,12,35,1,3,57,12,1,62,47,48,59,74,122
3,0,12,37,1,2,55,11,1,61,49,50,60,72,122
1,0,11,44,0,3,50,13,0,54,55,55,68,67,122
1,0,15,37,0,3,48,16,1,53,52,52,68,69,121
0,0,13,35,0,3,46,24,1,50,48,48,72,74,122
1,0,13,33,1,2,50,23,1,54,46,47,69,77,124
1,0,13,38,0,3,48,17,0,52,51,51,68,69,120
1,0,10,36,1,4,56,13,1,62,46,47,59,75,122
0,0,14,32,1,3,58,14,1,62,46,47,60,76,123
1,0,12,40,1,2,55,10,1,59,52,53,62,69,122
0,0,11,36,1,3,52,18,1,56,47,48,65,74,122
1,0,11,37,0,3,52,16,1,57,48,48,64,73,121
2,0,13,34,2,2,51,17,1,56,47,49,64,73,122
3,0,9,37,0,2,58,11,0,63,46,46,57,74,120
0,0,8,38,1,3,58,13,0,61,46,47,59,74,121
1,0,11,42,0,4,49,13,0,54,53,53,66,67,120
2,0,12,36,1,3,52,16,0,57,48,49,64,73,122
1,0,10,39,0,2,53,17,1,57,49,49,66,74,123
0,0,11,36,1,5,54,14,1,60,47,48,61,74,122
1,0,10,39,1,3,50,19,1,55,49,50,68,74,124
1,0,15,39,1,2,46,17,0,49,54,55,71,66,121
0,0,14,38,2,4,43,19,1,48,52,54,71,67,121
2,0,13,35,1,5,50,18,0,57,48,49,66,75,124
2,0,10,38,0,4,56,11,0,62,48,48,59,73,121
1,0,13,42,0,3,44,18,0,48,55,55,73,66,121
1,0,13,32,0,2,61,12,0,64,45,45,57,76,121
1,0,13,40,1,2,49,15,1,53,53,54,68,68,122
0,0,12,35,1,4,56,15,0,60,47,48,62,75,123
1,0,10,38,0,3,50,18,1,55,48,48,66,73,121
1,0,12,41,1,4,52,11,1,58,53,54,64,69,123
0,0,13,37,0,4,48,20,1,53,50,50,70,73,123
1,0,11,42,0,3,54,10,0,58,53,53,63,68,121
0,0,13,39,1,2,50,16,0,52,52,53,68,68,121
1,0,16,40,1,3,48,13,0,52,56,57,69,65,122
1,0,13,35,1,4,51,18,1,57,48,49,66,75,124
1,0,14,38,0,2,53,12,1,57,52,52,64,69,121
2,0,13,36,0,3,60,7,1,66,49,49,56,73,122
1,0,14,39,1,4,56,9,1,62,53,54,62,71,125
1,0,14,35,0,3,56,12,1,61,49,49,61,73,122
1,0,10,39,0,5,47,21,1,54,49,49,70,75,124
1,0,14,39,1,2,46,19,1,50,53,54,72,69,123
0,0,13,35,1,3,56,14,1,60,48,49,62,74,123
2,0,12,36,1,3,56,12,1,62,48,49,60,74,123
1,0,13,33,1,4,56,17,0,61,46,47,63,78,125
3,0,14,31,0,5,56,11,1,65,45,45,56,76,121
1,0,14,34,6,2,56,7,1,60,48,54,55,67,121
1,0,13,35,0,6,57,11,0,64,48,48,59,75,123
1,0,12,41,1,6,47,15,1,55,53,54,68,70,124
1,0,9,41,0,5,58,10,1,65,50,50,60,75,125
1,0,12,40,0,2,54,11,0,57,52,52,63,68,120
0,0,11,41,0,3,50,16,0,53,52,52,68,69,121
0,0,13,39,0,3,52,13,1,56,52,52,65,69,121
1,0,11,41,0,4,55,10,0,60,52,52,62,70,122
1,0,13,39,0,3,51,14,1,56,52,52,66,70,122
1,0,13,38,0,3,56,10,1,61,51,51,61,71,122
1,0,15,33,0,3,50,20,1,55,48,48,68,75,123
1,0,12,36,1,3,47,23,1,52,48,49,71,75,124
1,0,15,33,0,3,59,12,1,64,48,48,60,76,124
2,0,11,34,1,4,54,18,1,61,45,46,63,79,125
1,0,15,32,0,5,54,13,1,61,47,47,60,74,121
0,0,12,38,1,2,52,16,1,55,50,51,66,71,122
1,0,14,42,1,3,50,11,1,55,56,57,67,66,123
0,0,13,35,1,3,50,19,1,54,48,49,67,73,122
1,0,11,36,0,3,59,11,1,64,47,47,58,75,122
1,0,14,37,1,4,53,12,1,59,51,52,63,71,123
1,0,15,32,0,4,59,11,0,64,47,47,58,75,122
0,0,12,37,0,2,54,15,0,56,49,49,64,71,120
0,0,11,38,1,2,53,16,1,56,49,50,65,72,122
1,0,13,33,0,3,57,15,0,61,46,46,61,76,122
1,0,10,43,1,3,50,14,0,54,53,54,67,68,122
2,0,11,39,0,4,48,17,1,55,50,50,67,72,122
1,0,14,38,0,2,54,12,0,57,52,52,64,69,121
1,0,12,34,0,3,57,14,1,62,46,46,60,76,122
1,0,13,38,1,4,54,12,1,60,51,52,63,72,124
0,6,12,38,0,3,41,20,1,51,50,50,70,71,121
2,0,13,36,0,4,54,11,1,61,49,49,60,72,121
1,0,16,38,1,4,49,12,0,54,54,55,66,66,121
0,0,11,34,0,2,53,21,1,56,45,45,66,77,122
0,0,12,38,1,7,51,12,0,58,50,51,62,70,121
1,0,13,37,1,2,51,18,1,55,50,51,68,73,124
0,0,13,36,0,5,52,14,1,58,49,49,63,72,121
1,0,11,38,1,3,54,14,1,59,49,50,63,73,123
1,0,15,36,0,3,53,13,1,58,51,51,64,71,122
1,0,10,44,1,3,50,14,1,55,54,55,68,69,124
0,0,12,37,0,4,54,15,0,58,49,49,64,73,122
0,0,10,43,1,2,51,14,1,54,53,54,67,68,122
1,0,13,39,0,3,48,15,2,54,52,52,67,69,121
1,0,11,33,0,2,50,23,1,54,44,44,67,77,121
0,0,12,35,1,3,62,8,1,66,47,48,55,74,122
2,0,13,34,0,3,55,13,0,60,47,47,60,73,120
1,0,11,42,1,3,46,17,0,50,53,54,70,67,121
1,0,14,37,0,4,51,14,1,57,51,51,65,71,122
1,0,11,40,0,3,54,13,1,59,51,51,64,72,123
2,0,13,39,0,2,52,12,0,56,52,52,64,68,120
1,0,14,33,0,2,63,9,1,67,47,47,56,76,123
1,0,10,42,1,2,49,17,1,53,52,53,69,70,123
1,0,12,38,1,3,50,17,0,54,50,51,67,71,122
1,0,11,36,1,2,47,25,1,51,47,48,72,76,124
1,0,11,40,0,3,50,16,1,55,51,51,67,71,122
1,0,13,35,1,3,52,17,0,56,48,49,65,73,122
0,0,13,35,1,3,54,14,1,58,48,49,62,72,121
1,0,13,40,1,5,50,14,1,57,53,54,67,71,125
1,0,13,31,1,3,63,10,0,67,44,45,54,77,122
1,0,13,39,1,3,51,15,0,55,52,53,67,70,123
0,0,14,35,0,2,54,15,1,57,49,49,64,72,121
0,0,12,43,0,3,46,16,1,50,55,55,71,66,121
1,0,13,38,0,3,55,10,1,60,51,51,61,70,121
1,0,12,41,0,2,50,14,1,54,53,53,67,68,121
1,0,13,36,0,5,54,15,0,60,49,49,64,75,124
1,0,11,39,0,2,52,16,1,56,50,50,66,72,122
0,0,12,34,0,4,51,19,0,55,46,46,65,74,120
0,0,15,39,0,3,43,21,1,47,54,54,75,68,122
1,0,12,36,0,3,65,6,1,70,48,48,54,76,124
1,0,11,38,1,3,47,21,0,51,49,50,70,72,122
1,0,12,36,0,6,53,16,1,61,48,48,64,77,125
1,0,13,37,0,2,50,17,1,54,50,50,67,71,121
2,0,9,38,1,4,54,15,0,60,47,48,62,75,123
2,0,12,35,1,3,56,13,0,61,47,48,60,74,122
1,0,11,40,1,3,55,11,1,60,51,52,62,71,123
1,0,13,37,0,5,54,13,1,61,50,50,63,74,124
0,0,14,39,1,5,52,11,1,58,53,54,64,69,123
1,0,15,33,1,5,56,10,1,63,48,49,58,73,122
1,0,14,34,0,3,56,13,0,60,48,48,61,73,121
2,0,12,39,0,2,47,18,0,51,51,51,69,69,120
1,0,15,34,0,4,54,15,0,59,49,49,64,74,123
2,0,11,37,1,4,50,18,1,57,48,49,66,75,124
1,0,13,35,0,4,58,10,1,64,48,48,58,74,122
1,0,11,41,0,5,46,21,0,52,52,52,73,73,125
2,0,11,40,1,4,50,15,0,56,51,52,66,71,123
0,0,11,37,1,3,57,13,1,61,48,49,61,74,123
1,0,11,42,1,3,54,10,0,58,53,54,63,68,122
0,0,13,36,0,3,52,16,1,56,49,49,65,72,121
1,0,11,38,0,2,47,20,2,52,49,49,69,72,121
0,0,14,32,0,4,54,18,0,58,46,46,64,76,122
0,0,14,37,0,4,53,14,1,58,51,51,65,72,123
1,0,16,30,1,4,65,6,1,71,46,47,52,77,124
1,0,12,40,1,2,44,22,1,48,52,53,74,70,123
1,0,11,36,0,3,60,9,1,65,47,47,56,74,121
1,0,14,39,0,4,52,14,1,58,53,53,67,72,125
1,0,13,34,0,3,56,13,1,61,47,47,60,74,121
1,0,11,35,1,4,58,12,1,64,46,47,58,76,123
1,0,14,40,0,5,41,23,1,48,54,54,77,71,125
1,0,11,39,0,3,50,17,1,55,50,50,67,72,122
1,0,12,38,1,2,46,23,1,50,50,51,73,73,124
0,0,15,32,1,4,59,11,1,64,47,48,58,75,123
1,0,12,36,0,4,49,20,0,54,48,48,68,74,122
1,0,11,43,0,0,52,14,1,54,54,54,68,68,122
1,0,14,37,0,3,53,13,1,58,51,51,64,71,122
1,0,13,39,0,6,51,11,1,59,52,52,63,70,122
1,0,13,33,1,3,51,22,0,55,46,47,68,77,124
1,0,11,38,1,3,54,16,1,59,49,50,65,75,125
1,0,13,36,1,3,53,15,0,57,49,50,64,72,122
1,0,13,33,0,2,53,16,2,58,46,46,62,74,120
0,0,15,32,0,2,59,11,1,62,47,47,58,73,120
1,0,13,38,1,4,54,11,1,60,51,52,62,71,123
1,0,11,34,0,2,53,20,1,57,45,45,65,77,122
1,0,11,35,1,2,55,17,1,59,46,47,63,76,123
1,0,11,30,0,1,56,21,0,58,41,41,62,79,120
1,0,11,40,0,2,50,17,1,54,51,51,68,71,122
4,0,11,35,0,5,57,10,1,67,46,46,56,77,123
1,0,12,42,1,5,48,14,0,54,54,55,68,68,123
1,0,12,40,0,4,47,17,0,52,52,52,69,69,121
2,0,15,38,0,3,49,15,0,54,53,53,68,69,122
1,0,11,37,1,4,47,23,0,52,48,49,71,75,124
0,0,11,43,0,4,45,17,2,51,54,54,71,68,122
1,0,10,40,0,3,54,12,1,59,50,50,62,71,121
1,0,9,34,1,4,62,10,0,67,43,44,53,77,121
0,0,13,36,1,4,50,19,1,55,49,50,68,74,124
2,0,12,36,0,3,48,19,1,54,48,48,67,73,121
0,0,13,41,0,2,52,13,1,55,54,54,67,68,122
1,0,14,39,0,5,50,15,1,57,53,53,68,72,125
1,0,10,33,1,5,55,20,1,62,43,44,63,82,126
2,0,11,35,0,4,55,14,1,62,46,46,60,76,122
0,0,10,35,0,3,62,10,1,66,45,45,55,76,121
0,0,15,35,1,3,56,13,1,60,50,51,63,73,124
1,0,11,36,0,4,55,14,1,61,47,47,61,75,122
1,0,12,37,0,4,56,12,1,62,49,49,61,74,123
1,0,15,37,0,3,56,8,1,61,52,52,60,69,121
1,0,13,37,0,4,49,17,1,55,50,50,67,72,122
1,0,13,39,0,2,50,16,1,54,52,52,68,70,122
1,0,16,35,1,3,54,13,1,59,51,52,64,72,124
1,0,11,34,1,3,55,18,1,60,45,46,63,78,124
1,0,11,39,0,4,50,16,0,55,50,50,66,71,121
3,0,11,37,0,4,49,19,0,56,48,48,67,75,123
1,0,11,38,1,4,53,15,1,59,49,50,64,74,124
2,0,14,36,1,2,49,13,4,57,50,51,63,70,121
1,0,12,35,1,3,55,14,1,60,47,48,61,74,122
2,0,13,37,1,4,59,6,1,66,50,51,56,72,123
2,0,13,34,0,5,58,8,1,66,47,47,55,74,121
1,0,13,33,1,5,52,20,0,58,46,47,66,78,125
0,0,10,43,1,2,54,11,0,56,53,54,64,67,121
1,0,13,36,0,4,58,10,1,64,49,49,59,74,123
1,0,13,37,1,4,42,26,1,48,50,51,76,74,125
3,0,10,35,1,3,51,18,1,58,45,46,63,76,122
1,0,11,42,1,2,50,15,0,53,53,54,68,68,122
1,0,12,38,0,2,47,20,0,50,50,50,70,70,120
1,0,12,36,0,2,49,21,0,52,48,48,69,73,121
1,0,10,41,0,4,49,18,1,55,51,51,69,73,124
2,0,13,38,0,3,54,10,1,60,51,51,61,70,121
2,0,10,38,1,2,53,16,0,57,48,49,64,73,122
1,0,12,37,1,7,51,12,1,60,49,50,61,72,122
0,0,13,37,0,2,52,15,1,55,50,50,65,70,120
1,0,14,39,0,4,49,16,0,54,53,53,69,70,123
1,0,14,34,1,5,59,11,0,65,48,49,59,76,125
1,0,10,36,0,2,52,18,1,56,46,46,64,74,120
1,0,12,37,1,4,57,12,1,63,49,50,61,75,125
1,0,13,33,0,5,53,16,1,60,46,46,62,76,122
1,0,14,34,1,3,51,18,1,56,48,49,66,74,123
1,0,13,36,1,4,55,14,0,60,49,50,63,74,124
0,0,11,36,0,4,49,22,0,53,47,47,69,75,122
1,0,13,35,1,7,56,9,1,65,48,49,57,74,123
1,0,14,36,1,5,54,13,1,61,50,51,63,74,125
1,0,10,39,0,0,51,19,0,52,49,49,68,71,120
1,0,13,37,0,2,56,11,1,60,50,50,61,71,121
2,0,13,33,0,3,56,13,1,62,46,46,59,75,121
2,0,11,36,0,3,59,10,0,64,47,47,57,74,121
1,0,12,37,1,4,54,14,0,59,49,50,63,73,123
1,0,12,36,1,3,57,13,0,61,48,49,61,74,123
0,0,14,36,1,4,54,14,1,59,50,51,64,73,124
0,0,11,36,1,5,57,11,1,63,47,48,58,74,122
4,0,10,40,0,3,52,12,1,60,50,50,62,72,122
1,0,12,35,1,4,54,15,0,59,47,48,62,74,122
1,0,15,32,1,2,57,13,0,60,47,48,60,73,121
1,0,11,36,1,5,55,12,0,61,47,48,59,73,121
1,0,14,41,0,4,47,13,0,52,55,55,68,65,120
0,0,11,40,0,0,58,11,0,58,51,51,62,69,120
0,0,12,37,1,4,59,10,0,63,49,50,59,73,123
1,0,12,40,1,2,55,11,0,58,52,53,63,69,122
1,0,14,41,0,3,49,14,0,53,55,55,69,67,122
1,0,10,39,0,3,56,13,0,60,49,49,62,73,122
0,0,13,38,1,4,49,16,0,53,51,52,67,69,121
4,0,11,38,1,8,40,19,0,52,49,50,68,71,121
3,0,10,38,0,2,55,13,1,61,48,48,61,74,122
1,0,10,39,1,2,57,13,0,60,49,50,62,73,123
1,0,13,34,0,3,59,9,1,64,47,47,56,73,120
1,0,12,33,1,5,57,15,1,64,45,46,60,79,125
2,0,11,34,0,3,49,17,5,59,45,45,62,76,121
0,0,12,39,1,3,52,13,1,56,51,52,64,69,121
1,0,11,40,0,5,49,15,1,56,51,51,66,71,122
0,0,15,34,0,5,57,12,0,62,49,49,61,74,123
1,0,13,38,0,3,48,18,1,53,51,51,69,71,122
1,0,14,37,1,3,52,13,0,56,51,52,64,69,121
1,0,11,37,1,3,49,21,1,54,48,49,69,75,124
1,0,14,36,0,4,57,11,1,63,50,50,61,74,124
1,0,11,37,1,3,53,15,0,57,48,49,63,72,121
0,0,14,36,0,5,58,11,1,64,50,50,61,75,125
3,0,10,39,1,2,45,22,1,51,49,50,71,73,123
1,0,13,40,1,3,49,14,1,54,53,54,67,68,122
1,0,10,39,0,5,52,16,0,58,49,49,65,74,123
1,0,13,31,1,5,60,10,1,67,44,45,54,77,122
0,0,14,38,1,2,53,14,0,55,52,53,66,69,122
1,0,14,40,1,0,53,13,0,54,54,55,67,67,122
1,0,11,41,1,4,54,13,0,59,52,53,65,72,125
1,0,12,38,1,2,55,14,0,58,50,51,64,72,123
1,0,13,37,1,2,52,16,0,55,50,51,66,71,122
0,0,11,44,1,3,50,12,1,54,55,56,67,66,122
1,0,13,34,0,5,59,12,1,66,47,47,59,78,125
1,0,12,40,1,3,50,15,0,54,52,53,67,69,122
0,0,13,39,0,3,57,7,1,61,52,52,59,68,120
1,0,11,37,0,3,51,17,0,55,48,48,65,72,120
1,0,14,33,1,4,61,7,1,67,47,48,54,74,122
3,0,12,37,1,2,53,13,0,58,49,50,62,71,121
1,0,15,35,1,4,53,14,0,58,50,51,64,72,123
1,0,10,39,1,2,57,11,1,61,49,50,60,72,122
1,0,13,36,0,5,55,12,0,61,49,49,61,73,122
1,0,11,37,0,3,50,20,1,55,48,48,68,75,123
1,0,13,38,1,4,52,13,1,58,51,52,64,71,123
1,0,14,38,0,3,48,17,0,52,52,52,69,69,121
1,0,12,41,1,3,55,10,0,59,53,54,63,69,123
0,0,15,41,0,5,50,11,1,56,56,56,67,67,123
1,0,12,37,0,2,50,19,0,53,49,49,68,72,121
1,0,14,37,0,4,51,15,1,57,51,51,66,72,123
2,0,12,36,1,4,55,14,1,62,48,49,62,76,125
1,0,12,41,1,4,53,9,1,59,53,54,62,68,122
2,0,12,41,0,3,50,13,0,55,53,53,66,68,121
1,0,12,34,0,3,50,22,0,54,46,46,68,76,122
1,0,13,41,0,3,53,9,1,58,54,54,63,67,121
1,0,10,35,0,4,62,8,1,68,45,45,53,76,121
1,0,11,35,0,2,61,11,1,65,46,46,57,76,122
1,0,13,38,1,3,56,9,0,60,51,52,60,69,121
1,0,12,35,0,3,52,18,1,57,47,47,65,75,122
1,0,11,37,0,5,52,18,1,59,48,48,66,77,125
1,0,14,41,1,3,41,20,1,46,55,56,75,66,122
0,0,11,39,1,2,52,15,1,55,50,51,65,70,121
1,0,12,39,1,3,51,16,1,56,51,52,67,72,124
0,0,13,39,2,2,42,23,0,44,52,54,75,67,121
1,0,11,38,1,4,51,16,0,56,49,50,65,72,122
4,0,10,39,1,3,52,13,1,60,49,50,62,73,123
1,0,13,35,0,5,41,26,1,48,48,48,74,74,122
0,0,12,33,1,3,56,16,0,59,45,46,61,75,121
2,0,13,41,1,4,44,17,0,50,54,55,71,67,122
2,0,12,36,1,2,48,21,1,53,48,49,69,74,123
1,0,14,36,0,2,50,17,1,54,50,50,67,71,121
1,0,14,33,1,3,60,10,0,64,47,48,57,74,122
0,0,14,39,1,4,46,16,1,51,53,54,69,67,121
0,0,15,39,0,5,45,19,1,51,54,54,73,70,124
0,0,13,35,1,2,50,20,0,52,48,49,68,72,121
1,0,13,34,0,3,61,10,0,65,47,47,57,75,122
0,0,10,38,1,3,48,21,0,51,48,49,69,72,121
0,0,11,35,1,3,52,20,1,56,46,47,66,76,123
1,0,15,33,0,3,59,10,0,63,48,48,58,73,121
1,0,12,39,0,3,47,20,0,51,51,51,71,71,122
1,0,11,39,1,3,46,21,0,50,50,51,71,71,122
2,0,12,38,1,3,51,14,1,57,50,51,64,71,122
1,0,11,38,0,3,55,15,1,60,49,49,64,75,124
1,0,12,37,2,3,50,16,1,55,49,51,65,71,122
1,0,12,35,1,4,48,22,0,53,47,48,69,75,123
1,0,11,37,1,4,59,9,1,65,48,49,57,74,123
1,0,14,31,1,1,59,14,0,61,45,46,59,75,121
1,0,12,42,0,3,46,17,1,51,54,54,71,68,122
1,0,14,37,0,5,55,10,0,61,51,51,61,71,122
1,0,11,32,0,4,59,16,1,65,43,43,59,81,124
1,0,11,41,1,5,47,19,1,54,52,53,71,73,126
0,0,12,38,0,3,48,20,1,52,50,50,70,72,122
1,0,13,32,1,3,56,16,1,61,45,46,61,77,123
2,0,13,37,0,3,47,18,1,53,50,50,68,71,121
1,0,13,36,0,5,51,18,1,58,49,49,67,76,125
1,0,12,36,0,0,61,11,1,63,48,48,59,74,122
2,0,12,35,0,6,52,15,1,61,47,47,62,76,123
0,0,14,35,1,4,56,13,0,60,49,50,62,73,123
0,0,12,36,1,3,53,16,0,56,48,49,64,72,121
1,0,13,40,1,4,52,13,0,57,53,54,66,70,124
1,0,12,39,1,3,48,18,0,52,51,52,69,70,122
1,0,14,38,0,2,51,15,1,55,52,52,67,70,122
1,0,12,36,0,3,57,12,1,62,48,48,60,74,122
1,0,15,40,1,3,44,17,1,49,55,56,72,66,122
1,0,12,37,0,4,60,7,0,65,49,49,56,72,121
2,0,11,40,1,3,54,11,1,60,51,52,62,71,123
1,0,15,35,1,5,50,17,0,56,50,51,67,73,124
4,0,11,36,1,3,59,9,0,66,47,48,56,75,123
1,0,13,36,0,2,57,13,1,61,49,49,62,74,123
2,0,11,38,0,3,60,8,1,66,49,49,57,74,123
1,0,11,38,1,4,53,15,1,59,49,50,64,74,124
1,0,11,40,1,2,53,11,2,58,51,52,62,69,121
0,0,13,39,1,6,45,16,1,52,52,53,68,68,121
1,0,13,38,1,6,54,12,0,61,51,52,63,73,125
0,0,13,38,0,3,49,17,0,52,51,51,68,69,120
1,0,11,35,0,0,59,14,1,61,46,46,60,75,121
1,0,13,36,1,3,48,21,1,53,49,50,70,74,124
1,0,13,39,0,2,50,15,0,53,52,52,67,68,120
7,0,10,34,1,3,54,14,0,64,44,45,58,78,123
1,0,14,32,0,3,61,10,0,65,46,46,56,75,121
0,0,17,34,0,3,48,17,1,52,51,51,68,69,120
1,0,12,38,1,4,53,14,1,59,50,51,64,73,124
1,0,14,35,0,4,51,16,1,57,49,49,65,73,122
0,0,12,39,1,4,52,16,0,56,51,52,67,72,124
1,0,13,36,1,3,54,15,0,58,49,50,64,73,123
1,0,11,38,1,3,41,25,1,46,49,50,74,71,121
0,0,12,41,1,3,49,15,0,52,53,54,68,67,121
2,0,11,35,1,2,50,20,1,55,46,47,66,75,122
0,0,10,45,0,4,47,16,0,51,55,55,71,67,122
1,0,13,40,0,2,47,18,0,50,53,53,71,68,121
1,0,15,40,1,3,43,16,3,50,55,56,71,66,122
1,0,13,33,0,3,46,25,0,50,46,46,71,75,121
1,0,13,35,1,5,55,12,1,62,48,49,60,74,123
1,0,14,36,1,3,48,21,1,53,50,51,71,74,125
1,0,12,39,0,3,53,12,1,58,51,51,63,70,121
2,0,12,41,1,2,50,13,1,55,53,54,66,68,122
1,7,15,31,0,1,55,10,0,64,46,46,56,74,120
3,0,11,40,0,2,52,12,0,57,51,51,63,69,120
1,0,11,42,0,5,49,15,1,56,53,53,68,71,124
1,0,12,38,0,3,47,20,0,51,50,50,70,71,121
1,0,10,37,1,5,51,20,0,57,47,48,67,77,125
1,0,13,36,0,3,48,19,0,52,49,49,68,71,120
1,0,12,33,1,3,55,16,0,59,45,46,61,75,121
1,0,12,37,0,3,53,14,1,58,49,49,63,72,121
1,0,11,36,1,3,55,16,0,59,47,48,63,75,123
0,0,10,44,0,2,50,14,0,52,54,54,68,66,120
1,0,14,38,0,3,47,17,1,52,52,52,69,69,121
2,0,11,35,1,4,53,14,1,60,46,47,60,74,121
1,0,12,37,1,3,46,23,1,51,49,50,72,74,124
1,0,13,38,0,2,41,26,0,44,51,51,77,70,121
1,0,11,39,1,4,49,20,0,54,50,51,70,74,125
1,0,11,39,1,2,53,14,1,57,50,51,64,71,122
1,0,12,36,1,6,58,12,1,66,48,49,60,78,127
1,0,14,36,1,4,57,8,0,62,50,51,58,70,121
1,0,12,34,0,2,62,8,1,66,46,46,54,74,120
1,0,14,39,1,3,50,13,0,54,53,54,66,67,121
1,0,14,37,0,4,54,13,1,60,51,51,64,73,124
1,0,12,38,0,1,55,14,1,58,50,50,64,72,122
1,0,14,36,1,2,58,10,1,62,50,51,60,72,123
1,0,14,37,1,2,54,13,0,57,51,52,64,70,122
1,0,15,36,0,4,54,11,1,60,51,51,62,71,122
1,0,15,29,1,2,61,13,0,64,44,45,57,77,122
1,0,14,37,0,4,48,18,1,54,51,51,69,72,123
1,0,14,38,1,4,54,10,0,59,52,53,62,69,122
1,0,13,39,0,3,40,26,0,44,52,52,78,70,122
0,0,12,37,1,3,51,17,1,55,49,50,66,72,122
2,0,10,35,1,3,54,16,1,60,45,46,61,76,122
1,0,15,34,1,6,56,8,1,64,49,50,57,72,122
1,0,14,35,1,4,52,18,1,58,49,50,67,76,126
1,0,10,38,1,3,50,19,1,55,48,49,67,74,123
1,0,14,40,0,3,53,10,1,58,54,54,64,68,122
1,0,14,40,1,3,51,13,0,55,54,55,67,68,123
1,0,15,36,1,3,54,10,1,59,51,52,61,69,121
1,0,15,38,0,5,52,10,0,58,53,53,63,68,121
0,0,14,33,1,3,60,10,0,63,47,48,57,73,121
0,0,13,41,1,2,53,11,1,56,54,55,65,67,122
1,0,12,37,1,3,56,11,1,61,49,50,60,72,122
1,0,12,35,0,4,46,26,1,52,47,47,73,78,125
1,0,9,37,1,3,54,18,1,59,46,47,64,77,124
1,0,13,37,0,4,55,12,1,61,50,50,62,73,123
2,0,13,34,1,4,54,13,0,60,47,48,60,73,121
3,0,12,32,0,4,59,12,1,67,44,44,56,79,123
1,0,13,38,1,3,51,14,1,56,51,52,65,70,122
2,0,15,33,1,3,52,15,1,58,48,49,63,73,122
3,0,10,37,1,3,56,11,0,62,47,48,58,73,121
1,0,12,35,1,2,59,11,1,63,47,48,58,74,122
1,0,11,39,1,3,52,17,0,56,50,51,67,73,124
1,0,12,38,1,0,47,21,2,50,50,51,71,71,122
0,0,13,38,2,4,46,18,1,51,51,53,69,69,122
1,0,14,36,1,5,57,9,0,63,50,51,59,72,123
1,0,14,39,1,3,52,12,1,57,53,54,65,69,123
0,0,12,37,0,2,55,14,1,58,49,49,63,72,121
1,0,11,40,1,2,57,10,0,60,51,52,61,70,122
1,0,15,38,1,3,48,16,1,53,53,54,69,69,123
1,0,11,35,0,3,59,12,0,63,46,46,58,75,121
4,0,11,42,1,2,51,10,1,58,53,54,63,68,122
1,0,13,36,1,4,55,12,1,61,49,50,61,73,123
0,0,12,35,1,5,55,13,1,61,47,48,60,74,122
1,0,14,34,0,3,56,12,1,61,48,48,60,73,121
1,0,14,36,0,4,56,11,1,62,50,50,61,73,123
1,0,12,41,1,4,55,10,1,61,53,54,63,71,125
1,0,11,34,1,4,62,8,0,67,45,46,53,75,121
1,0,13,38,0,6,49,15,1,57,51,51,66,72,123
1,0,13,38,1,2,45,20,1,49,51,52,71,69,121
1,0,11,38,1,3,59,11,1,64,49,50,60,75,125
0,0,13,36,0,4,58,9,0,62,49,49,58,71,120
1,0,13,38,0,3,52,15,1,57,51,51,66,72,123
1,0,15,36,1,3,50,15,0,54,51,52,66,69,121
1,0,10,38,1,5,55,14,0,61,48,49,62,75,124
1,0,11,36,0,5,55,12,0,61,47,47,59,73,120
2,0,12,39,0,4,55,10,1,62,51,51,61,72,123
1,0,12,35,0,3,55,15,1,60,47,47,62,75,122
1,0,12,37,0,4,58,11,1,64,49,49,60,75,124
1,0,10,38,0,4,48,19,0,53,48,48,67,72,120
0,0,13,39,1,3,52,14,0,55,52,53,66,69,122
2,0,12,36,0,4,57,11,1,64,48,48,59,75,123
1,0,11,41,1,3,47,21,1,52,52,53,73,73,126
1,0,14,34,0,5,51,18,1,58,48,48,66,76,124
2,0,10,37,1,3,54,14,0,59,47,48,61,73,121
1,0,13,34,0,4,53,17,1,59,47,47,64,76,123
1,0,13,37,1,3,50,15,2,56,50,51,65,71,122
3,0,12,40,1,6,46,13,0,55,52,53,65,68,121
1,0,14,37,1,8,50,10,0,59,51,52,61,69,121
1,0,9,38,1,3,52,20,1,57,47,48,67,77,125
1,0,11,32,1,3,58,15,1,63,43,44,58,78,122
0,0,12,38,1,2,48,21,0,50,50,51,71,71,122
1,0,10,39,0,5,53,16,1,60,49,49,65,76,125
1,0,11,36,0,4,55,16,1,61,47,47,63,77,124
0,0,12,38,1,4,54,13,0,58,50,51,63,71,122
1,0,13,41,0,3,52,11,0,56,54,54,65,67,121
1,0,10,38,1,5,49,20,1,56,48,49,68,76,125
1,0,10,38,1,2,57,14,1,61,48,49,62,75,124
0,0,14,39,1,4,54,10,0,58,53,54,63,68,122
1,0,10,42,1,4,49,14,1,55,52,53,66,69,122
0,0,13,37,1,2,49,19,1,52,50,51,69,71,122
0,0,13,40,1,3,51,13,0,54,53,54,66,67,121
1,0,14,34,0,4,53,16,1,59,48,48,64,75,123
0,0,14,34,0,2,53,17,1,56,48,48,65,73,121
1,0,11,33,0,2,66,9,0,69,44,44,53,78,122
0,8,12,35,1,6,46,14,2,62,47,48,61,76,124
1,0,12,39,1,2,52,15,0,55,51,52,66,70,122
1,0,9,44,1,4,49,13,0,54,53,54,66,67,121
0,0,14,40,0,5,50,14,1,56,54,54,68,70,124
1,0,11,40,1,2,50,17,1,54,51,52,68,71,123
1,0,12,36,0,2,51,18,0,54,48,48,66,72,120
1,0,12,31,0,5,64,10,1,71,43,43,53,81,124
4,0,9,35,0,3,59,12,1,67,44,44,56,79,123
1,0,10,41,0,2,46,20,1,50,51,51,71,70,121
0,0,12,40,1,3,50,16,1,54,52,53,68,70,123
1,0,12,37,1,5,45,24,1,52,49,50,73,76,126
0,0,12,39,0,5,56,11,1,62,51,51,62,73,124
1,0,10,34,1,4,65,8,1,71,44,45,52,79,124
1,0,11,36,0,5,49,22,1,56,47,47,69,78,125
1,0,14,41,1,3,52,10,1,57,55,56,65,67,123
1,0,13,35,2,4,55,11,1,61,48,50,59,72,122
1,0,11,38,1,2,50,17,0,53,49,50,66,70,120
1,0,13,38,0,3,51,15,1,56,51,51,66,71,122
1,0,12,41,1,3,50,14,1,55,53,54,67,69,123
1,0,12,42,0,4,45,18,0,50,54,54,72,68,122
2,0,13,36,0,3,53,14,0,58,49,49,63,72,121
1,0,11,32,0,6,56,18,0,63,43,43,61,81,124
1,0,16,38,0,0,56,9,0,57,54,54,63,66,120
1,0,14,40,0,1,46,18,1,49,54,54,72,67,121
1,0,11,31,0,7,57,13,1,66,42,42,55,79,121
1,0,13,34,1,2,56,15,1,60,47,48,62,75,123
1,0,13,38,1,5,47,20,0,53,51,52,71,73,125
1,0,12,38,0,4,51,15,0,56,50,50,65,71,121
5,0,12,37,1,2,52,12,0,59,49,50,61,71,121
1,0,12,38,0,4,57,10,1,63,50,50,60,73,123
3,0,12,34,0,4,59,9,1,67,46,46,55,76,122
1,0,15,36,1,3,53,13,1,58,51,52,64,71,123
1,0,13,38,0,4,56,11,0,61,51,51,62,72,123
1,0,15,36,0,3,55,12,0,59,51,51,63,71,122
1,0,14,39,0,2,45,18,1,49,53,53,71,67,120
1,0,14,32,0,3,57,14,1,62,46,46,60,76,122
1,0,10,36,1,4,58,14,0,63,46,47,60,77,124
1,0,11,37,0,1,51,19,1,54,48,48,67,73,121
0,0,11,39,0,3,53,15,0,56,50,50,65,71,121
0,0,13,33,1,4,58,12,1,63,46,47,58,75,122
2,0,13,41,1,3,49,12,0,54,54,55,66,66,121
0,0,11,38,1,3,50,19,1,54,49,50,68,73,123
1,0,10,38,1,2,52,17,0,55,48,49,65,72,121
1,0,13,39,1,2,51,14,0,54,52,53,66,68,121
1,0,13,35,1,5,51,15,1,58,48,49,63,73,122
1,0,14,39,0,2,52,13,1,56,53,53,66,69,122
0,0,12,39,1,3,50,16,0,53,51,52,67,69,121
1,0,12,35,1,3,52,17,1,57,47,48,64,74,122
1,0,12,37,1,2,56,13,0,59,49,50,62,72,122
1,0,14,37,0,3,53,13,1,58,51,51,64,71,122
1,0,11,41,1,4,55,9,1,61,52,53,61,70,123
1,0,12,38,1,5,53,13,0,59,50,51,63,72,123
2,0,11,39,1,4,51,14,1,58,50,51,64,72,123
0,0,12,36,0,4,58,12,1,63,48,48,60,75,123
0,0,14,38,1,1,51,16,0,52,52,53,68,68,121
1,0,11,35,0,4,53,16,0,58,46,46,62,74,120
1,0,12,42,1,5,50,12,1,57,54,55,66,69,124
0,0,12,40,0,6,51,10,1,58,52,52,62,68,120
1,0,12,38,1,5,49,18,0,55,50,51,68,73,124
0,0,14,37,0,3,59,9,0,62,51,51,60,71,122
2,0,12,40,0,3,50,13,1,56,52,52,65,69,121
2,0,11,37,0,5,51,13,5,63,48,48,61,76,124
1,0,12,34,1,4,49,21,0,54,46,47,67,75,122
1,0,15,33,0,3,54,15,1,59,48,48,63,74,122
2,0,11,35,1,5,57,13,1,65,46,47,59,78,125
1,0,14,37,0,5,53,11,3,62,51,51,62,73,124
0,0,11,38,1,3,53,13,3,59,49,50,62,72,122
1,0,11,34,0,4,57,14,1,63,45,45,59,77,122
1,0,12,37,1,3,53,16,0,57,49,50,65,73,123
0,0,10,41,1,4,54,14,1,59,51,52,65,73,125
1,0,11,32,0,4,58,16,0,63,43,43,59,79,122
1,0,14,34,1,3,49,18,3,56,48,49,66,74,123
1,0,12,38,1,3,55,12,1,60,50,51,62,72,123
1,0,14,38,1,2,49,17,0,52,52,53,69,69,122
1,0,14,32,1,3,61,9,0,65,46,47,55,74,121
1,0,11,36,1,3,58,11,1,63,47,48,58,74,122
1,0,14,42,0,4,43,16,1,49,56,56,72,65,121
1,0,10,39,1,4,53,14,1,59,49,50,63,73,123
0,0,10,35,1,2,59,15,1,62,45,46,60,77,123
0,0,12,38,0,4,49,19,1,54,50,50,69,73,123
1,8,12,39,0,3,42,16,1,55,51,51,67,71,122
1,0,12,44,1,4,46,11,2,53,56,57,67,64,121
0,0,13,36,1,5,47,22,1,53,49,50,71,75,125
1,0,12,36,0,4,57,11,1,63,48,48,59,74,122
2,0,12,35,1,4,53,14,1,60,47,48,61,74,122
0,0,14,36,1,4,47,20,0,51,50,51,70,71,122
1,0,13,35,1,5,50,16,0,56,48,49,64,72,121
0,0,12,42,0,3,44,20,0,47,54,54,74,67,121
1,0,13,35,0,3,51,19,0,55,48,48,67,74,122
3,0,9,35,1,5,55,16,1,64,44,45,60,80,125
1,0,17,38,0,2,46,18,1,50,55,55,73,68,123
0,0,15,34,0,5,57,9,0,62,49,49,58,71,120
1,0,13,33,0,4,59,13,1,65,46,46,59,78,124
1,0,14,36,0,2,49,20,1,53,50,50,70,73,123
1,0,15,40,1,4,43,19,0,48,55,56,74,67,123
1,0,15,36,1,2,56,11,0,59,51,52,62,70,122
3,0,14,35,1,4,51,12,1,59,49,50,61,71,121
1,0,12,36,0,5,56,15,1,63,48,48,63,78,126
1,0,12,36,1,4,54,14,1,60,48,49,62,74,123
1,0,11,37,0,3,47,23,1,52,48,48,71,75,123
0,0,12,40,1,2,47,19,1,50,52,53,71,69,122
1,0,14,37,1,4,52,13,1,58,51,52,64,71,123
1,0,14,32,0,6,60,10,0,67,46,46,56,77,123
1,0,14,40,0,5,52,12,0,58,54,54,66,70,124
1,0,14,35,1,3,57,11,1,62,49,50,60,73,123
1,0,12,39,0,5,51,14,1,58,51,51,65,72,123
1,0,11,35,1,4,53,17,1,59,46,47,63,76,123
1,0,11,37,1,5,53,16,1,60,48,49,64,76,125
1,9,13,34,1,5,40,18,1,56,47,48,65,74,122
1,0,13,35,1,2,53,16,1,57,48,49,64,73,122
1,0,15,35,1,4,56,10,1,62,50,51,60,72,123
1,0,13,37,0,3,54,13,0,58,50,50,63,71,121
0,0,12,38,1,2,54,15,1,57,50,51,65,72,123
1,0,14,37,0,3,50,15,0,54,51,51,66,69,120
1,0,11,41,1,4,45,19,1,51,52,53,71,70,123
1,0,11,42,1,3,46,19,1,51,53,54,72,70,124
1,0,13,39,1,4,46,19,1,52,52,53,71,71,124
1,0,13,40,0,4,50,15,1,56,53,53,68,71,124
1,0,14,39,0,3,52,13,0,56,53,53,66,69,122
1,0,15,35,0,5,52,13,0,58,50,50,63,71,121
0,0,16,36,0,4,50,14,1,55,52,52,66,69,121
1,0,12,43,1,3,52,11,1,57,55,56,66,68,124
1,0,13,39,0,3,56,11,1,61,52,52,63,72,124
1,0,9,36,0,4,42,31,0,47,45,45,76,78,123
2,0,11,35,0,3,54,17,1,60,46,46,63,77,123
1,0,13,38,0,1,51,15,1,54,51,51,66,69,120
1,0,13,38,1,3,54,12,1,59,51,52,63,71,123
0,0,11,38,0,4,59,11,0,63,49,49,60,74,123
1,0,15,38,1,3,55,8,1,60,53,54,61,68,122
1,0,13,38,1,2,50,16,1,54,51,52,67,70,122
1,0,13,39,1,5,47,18,1,54,52,53,70,72,125
1,0,10,37,1,1,54,16,1,57,47,48,63,73,121
1,0,10,37,0,3,56,16,0,60,47,47,63,76,123
1,0,11,40,0,0,44,25,1,46,51,51,76,71,122
0,0,14,37,0,3,52,11,3,58,51,51,62,69,120
1,0,11,38,1,3,52,15,1,57,49,50,64,72,122
1,0,14,38,0,3,53,13,1,58,52,52,65,71,123
0,0,12,38,1,4,55,12,0,59,50,51,62,71,122
1,0,14,37,0,3,52,13,1,57,51,51,64,70,121
1,0,13,38,1,3,57,9,1,62,51,52,60,71,123
3,0,13,34,0,4,54,15,1,62,47,47,62,77,124
2,0,14,39,0,2,52,11,0,56,53,53,64,67,120
1,0,11,42,0,2,49,15,1,53,53,53,68,68,121
0,0,13,42,0,2,46,18,1,49,55,55,73,67,122
2,0,14,44,0,3,47,10,1,53,58,58,68,63,121
1,0,13,38,1,2,53,13,0,56,51,52,64,69,121
1,0,12,37,1,2,53,16,1,57,49,50,65,73,123
1,0,11,37,1,2,59,12,0,62,48,49,60,74,123
0,0,14,38,0,2,44,21,1,47,52,52,73,68,120
8,0,10,38,0,3,49,12,1,61,48,48,60,73,121
1,0,13,37,0,2,46,23,1,50,50,50,73,73,123
0,0,13,38,1,4,55,10,1,60,51,52,61,70,122
0,0,12,35,0,2,57,14,0,59,47,47,61,73,120
0,0,12,36,0,4,57,13,1,62,48,48,61,75,123
1,0,13,38,0,3,54,12,1,59,51,51,63,71,122
1,0,11,36,1,3,59,11,1,64,47,48,58,75,123
1,0,13,37,1,4,52,14,0,57,50,51,64,71,122
1,0,15,39,0,4,49,15,0,54,54,54,69,69,123
1,0,15,31,1,4,56,14,0,61,46,47,60,75,122
1,0,11,40,0,4,49,17,1,55,51,51,68,72,123
1,0,14,39,1,2,51,15,0,54,53,54,68,69,123
1,0,12,38,0,5,56,9,0,62,50,50,59,71,121
1,0,14,36,1,4,48,17,1,54,50,51,67,71,122
0,0,11,40,1,3,48,18,1,52,51,52,69,70,122
1,0,11,36,1,2,61,9,0,64,47,48,56,73,121
1,0,17,37,0,2,51,12,0,54,54,54,66,66,120
1,0,16,43,1,3,44,12,1,49,59,60,71,61,121
0,0,13,37,1,6,52,17,1,59,50,51,67,76,127
1,0,14,36,1,4,55,13,0,60,50,51,63,73,124
1,0,14,37,0,1,55,13,1,58,51,51,64,71,122
3,0,13,36,0,4,54,11,0,61,49,49,60,72,121
1,0,11,41,1,3,49,16,1,54,52,53,68,70,123
1,0,12,37,0,2,56,12,0,59,49,49,61,71,120
1,0,12,41,1,3,51,13,0,55,53,54,66,68,122
0,0,14,40,0,3,53,10,1,57,54,54,64,67,121
0,0,13,40,0,2,50,15,0,52,53,53,68,67,120
0,0,12,38,0,3,50,17,0,53,50,50,67,70,120
1,0,9,37,1,4,49,21,0,54,46,47,67,75,122
0,0,11,41,0,4,52,13,0,56,52,52,65,69,121
1,0,12,36,0,5,48,18,1,55,48,48,66,73,121
1,0,11,36,1,2,53,19,1,57,47,48,66,76,124
2,0,11,37,1,3,52,17,1,58,48,49,65,75,124
1,0,14,39,0,2,47,18,0,50,53,53,71,68,121
1,0,13,37,0,3,55,12,0,59,50,50,62,71,121
1,0,12,36,1,3,54,16,1,59,48,49,64,75,124
0,0,12,36,1,2,57,13,0,59,48,49,61,72,121
1,0,13,37,1,3,53,14,0,57,50,51,64,71,122
0,0,11,39,1,3,56,11,1,60,50,51,61,71,122
0,0,14,34,0,4,51,18,1,56,48,48,66,74,122
0,0,12,38,0,3,47,20,1,51,50,50,70,71,121
0,0,11,43,0,2,48,16,0,50,54,54,70,66,120
0,0,14,33,0,2,44,26,1,47,47,47,73,73,120
0,0,11,35,1,3,52,19,0,55,46,47,65,74,121
0,0,12,42,0,5,52,9,0,57,54,54,63,66,120
1,0,12,37,1,2,52,16,1,56,49,50,65,72,122
1,0,14,35,0,6,53,15,1,61,49,49,64,76,125
0,0,13,39,1,4,43,23,0,47,52,53,75,70,123
1,0,12,39,1,5,53,11,1,60,51,52,62,71,123
0,0,14,37,1,4,51,14,1,56,51,52,65,70,122
1,0,11,34,0,3,57,14,0,61,45,45,59,75,120
2,0,12,39,1,1,50,14,1,54,51,52,65,68,120
1,0,12,38,1,3,49,18,1,54,50,51,68,72,123
1,0,13,35,0,3,55,14,0,59,48,48,62,73,121
1,0,11,40,0,5,49,17,1,56,51,51,68,73,124
1,0,11,39,1,3,55,11,1,60,50,51,61,71,122
1,0,13,39,1,2,55,11,1,59,52,53,63,70,123
0,0,13,38,1,4,50,17,1,55,51,52,68,72,124
2,0,13,36,1,4,48,18,1,55,49,50,67,73,123
1,0,12,38,0,3,45,22,0,49,50,50,72,71,121
1,0,11,37,0,3,53,15,0,57,48,48,63,72,120
1,0,13,35,0,3,60,11,1,65,48,48,59,76,124
1,0,18,36,0,0,50,16,0,51,54,54,70,67,121
0,0,10,42,1,4,55,10,0,59,52,53,62,69,122
1,0,10,37,0,3,60,11,1,65,47,47,58,76,123
1,0,11,38,0,3,52,16,1,57,49,49,65,73,122
1,0,12,37,0,6,55,10,0,62,49,49,59,72,121
1,0,11,40,0,5,49,14,0,55,51,51,65,69,120
0,0,11,41,1,3,52,13,1,56,52,53,65,69,122
4,0,14,34,1,4,52,9,3,63,48,49,57,72,121
1,0,11,35,1,2,52,19,1,56,46,47,65,75,122
1,0,14,34,1,4,53,14,1,59,48,49,62,73,122
1,0,12,36,0,3,58,12,0,62,48,48,60,74,122
1,0,9,37,1,3,57,14,1,62,46,47,60,76,123
1,0,14,36,1,4,54,13,1,60,50,51,63,73,124
1,0,13,33,0,3,60,12,1,65,46,46,58,77,123
1,0,12,36,0,4,49,20,1,55,48,48,68,75,123
1,0,15,40,0,3,49,13,0,53,55,55,68,66,121
1,0,10,42,0,2,46,19,1,50,52,52,71,69,121
1,0,11,34,1,5,53,17,0,59,45,46,62,76,122
1,0,12,39,0,3,49,18,1,54,51,51,69,72,123
1,0,12,41,0,4,51,14,0,56,53,53,67,70,123
1,0,12,38,1,4,51,16,1,57,50,51,66,73,124
1,0,11,39,1,3,52,15,1,57,50,51,65,72,123
1,0,13,36,1,2,52,16,1,56,49,50,65,72,122
0,0,12,35,0,3,56,14,1,60,47,47,61,74,121
1,0,13,39,0,5,48,16,1,55,52,52,68,71,123
1,0,11,37,0,3,53,17,1,58,48,48,65,75,123
1,0,12,40,1,3,52,13,0,56,52,53,65,69,122
1,0,12,40,0,3,47,19,1,52,52,52,71,71,123
1,0,10,36,1,2,47,25,1,51,46,47,71,76,123
1,0,11,43,0,2,52,11,0,55,54,54,65,66,120
2,0,13,39,1,3,52,12,1,58,52,53,64,70,123
1,0,10,35,1,3,50,23,0,54,45,46,68,77,123
4,0,12,35,1,5,54,12,1,64,47,48,59,76,124
1,0,11,35,1,2,60,11,1,64,46,47,57,75,122
1,0,11,38,0,2,55,13,1,59,49,49,62,72,121
1,0,13,32,0,3,63,10,1,68,45,45,55,78,123
0,0,10,36,0,3,59,12,1,63,46,46,58,75,121
1,0,13,35,1,2,56,13,0,59,48,49,61,72,121
1,0,14,39,1,4,46,16,0,51,53,54,69,67,121
1,0,12,38,0,3,50,16,1,55,50,50,66,71,121
1,0,11,39,1,2,51,16,1,55,50,51,66,71,122
1,0,11,34,0,3,57,15,0,61,45,45,60,76,121
1,0,11,38,1,4,54,14,0,59,49,50,63,73,123
1,0,11,40,0,2,49,19,0,52,51,51,70,71,122
2,0,10,35,0,2,54,18,0,58,45,45,63,76,121
0,10,12,31,1,4,46,19,1,61,43,44,62,80,124
3,0,12,38,0,2,46,19,0,51,50,50,69,70,120
1,0,14,33,0,3,62,8,1,67,47,47,55,75,122
0,0,12,37,1,2,55,14,1,58,49,50,63,72,122
1,0,11,39,0,3,56,10,1,61,50,50,60,71,121
3,0,12,36,1,3,52,14,1,59,48,49,62,73,122
1,0,11,42,0,2,55,10,0,58,53,53,63,68,121
1,0,13,35,0,2,55,15,0,58,48,48,63,73,121
1,0,14,36,1,2,50,17,1,54,50,51,67,71,122
0,0,11,39,0,3,55,12,1,59,50,50,62,71,121
1,0,9,40,1,5,48,19,1,55,49,50,68,74,124
2,0,14,37,0,3,51,13,0,56,51,51,64,69,120
1,0,12,40,1,5,47,19,1,54,52,53,71,73,126
1,0,13,35,1,4,54,16,1,60,48,49,64,76,125
1,0,11,39,0,3,48,19,0,52,50,50,69,71,121
8,0,11,36,1,4,54,8,1,67,47,48,55,75,123
1,0,13,35,1,4,54,16,1,60,48,49,64,76,125
1,0,13,40,0,2,55,10,0,58,53,53,63,68,121
0,0,13,35,0,3,59,11,1,63,48,48,59,74,122
2,0,12,39,0,2,48,17,1,53,51,51,68,70,121
0,0,14,36,1,4,56,12,0,60,50,51,62,72,123
1,0,12,38,1,4,51,17,1,57,50,51,67,74,125
1,0,13,37,0,3,57,9,1,62,50,50,59,71,121
1,0,14,37,1,4,54,10,1,60,51,52,61,70,122
1,0,12,34,0,3,58,13,1,63,46,46,59,76,122
1,0,13,39,0,5,53,13,1,60,52,52,65,73,125
0,0,12,38,0,4,57,10,1,62,50,50,60,72,122
1,0,13,42,1,5,49,14,0,55,55,56,69,69,125
1,0,12,42,1,3,48,15,0,52,54,55,69,67,122
1,0,10,41,1,3,48,18,0,52,51,52,69,70,122
0,0,13,35,0,4,50,18,1,55,48,48,66,73,121
2,0,13,39,1,4,46,17,1,53,52,53,69,70,123
1,0,13,35,1,3,53,15,0,57,48,49,63,72,121
1,0,12,39,0,5,52,13,1,59,51,51,64,72,123
0,0,12,36,1,3,50,19,0,53,48,49,67,72,121
2,0,11,36,1,3,53,15,1,59,47,48,62,74,122
1,0,11,38,1,3,51,16,1,56,49,50,65,72,122
1,0,14,36,0,3,56,11,0,60,50,50,61,71,121
1,0,13,37,0,3,54,12,1,59,50,50,62,71,121
2,0,10,38,1,4,56,10,1,63,48,49,58,73,122
0,0,13,33,1,3,57,14,1,61,46,47,60,75,122
3,0,12,35,0,5,47,19,1,56,47,47,66,75,122
1,0,13,39,0,2,48,17,0,51,52,52,69,68,120
0,0,15,34,0,3,58,10,0,61,49,49,59,71,120
1,0,11,39,1,4,52,16,0,57,50,51,66,73,124
1,0,14,34,0,2,58,13,1,62,48,48,61,75,123
1,0,12,37,0,2,48,22,1,52,49,49,71,74,123
2,0,12,37,1,2,54,9,4,62,49,50,58,71,121
1,0,10,39,0,4,51,17,1,57,49,49,66,74,123
1,0,14,35,0,5,49,20,1,56,49,49,69,76,125
1,0,13,37,1,3,47,20,1,52,50,51,70,72,123
1,0,10,31,0,2,56,22,0,59,41,41,63,81,122
1,0,12,35,0,6,54,16,1,62,47,47,63,78,125
1,0,9,39,1,3,50,18,1,55,48,49,66,73,122
1,0,12,37,1,3,57,11,1,62,49,50,60,73,123
1,0,14,38,1,4,52,13,0,57,52,53,65,70,123
2,0,11,37,1,3,60,9,1,66,48,49,57,75,124
0,0,13,36,0,3,54,16,1,58,49,49,65,74,123
0,0,11,42,0,5,51,14,0,56,53,53,67,70,123
0,0,13,32,0,3,62,10,0,65,45,45,55,75,120
1,0,13,36,1,5,53,16,1,60,49,50,65,76,126
1,0,10,34,0,3,55,19,0,59,44,44,63,78,122
1,0,11,40,0,2,53,13,0,56,51,51,64,69,120
1,0,13,37,1,2,51,17,1,55,50,51,67,72,123
0,0,12,42,0,5,43,16,6,54,54,54,70,70,124
1,0,12,38,0,2,52,16,0,55,50,50,66,71,121
2,0,12,33,1,2,53,16,3,60,45,46,61,76,122
1,0,13,34,0,3,55,13,1,60,47,47,60,73,120
1,0,13,36,1,3,58,9,1,63,49,50,58,72,122
1,0,12,36,1,3,59,12,1,64,48,49,60,76,125
2,0,13,34,0,3,55,14,1,61,47,47,61,75,122
1,0,11,38,1,4,50,16,1,56,49,50,65,72,122
1,0,12,38,0,3,52,15,0,56,50,50,65,71,121
1,0,13,38,1,3,52,15,1,57,51,52,66,72,124
1,0,15,33,1,4,55,12,1,61,48,49,60,73,122
3,0,11,41,1,2,52,11,1,58,52,53,63,69,122
0,0,12,33,0,3,54,18,1,58,45,45,63,76,121
1,0,11,35,0,3,55,15,0,59,46,46,61,74,120
1,0,13,37,0,3,54,12,1,59,50,50,62,71,121
0,0,13,38,0,3,53,15,0,56,51,51,66,71,122
0,0,15,36,1,4,53,13,0,57,51,52,64,70,122
0,8,13,35,0,3,53,10,0,64,48,48,58,74,122
0,7,14,37,1,3,48,11,0,58,51,52,62,69,121
1,0,12,41,1,2,51,14,1,55,53,54,67,69,123
0,0,11,41,1,4,54,13,0,58,52,53,65,71,124
1,0,12,35,1,3,60,12,1,65,47,48,59,77,125
1,0,11,39,0,4,49,16,2,56,50,50,66,72,122
0,0,11,38,0,3,56,12,1,60,49,49,61,72,121
1,0,11,35,1,3,52,19,1,57,46,47,65,76,123
1,0,14,38,0,5,51,14,0,57,52,52,66,71,123
1,0,12,35,0,4,60,9,1,66,47,47,56,75,122
1,0,10,40,0,3,50,17,1,55,50,50,67,72,122
1,0,14,37,0,5,50,16,0,56,51,51,67,72,123
1,0,13,37,0,1,54,14,1,57,50,50,64,71,121
1,0,15,36,0,3,52,15,1,57,51,51,66,72,123
0,0,11,41,1,3,51,15,1,55,52,53,67,70,123
1,0,11,36,0,5,56,15,1,63,47,47,62,78,125
0,0,15,38,1,3,54,11,0,57,53,54,64,68,122
2,0,10,39,1,5,52,14,0,59,49,50,63,73,123
1,0,12,37,1,3,51,18,0,55,49,50,67,73,123
1,0,14,36,0,3,48,18,0,52,50,50,68,70,120
1,0,11,38,0,2,52,16,1,56,49,49,65,72,121
1,0,13,38,0,3,51,16,1,56,51,51,67,72,123
1,0,15,36,1,4,50,15,0,55,51,52,66,70,122
2,0,11,41,0,3,49,16,0,54,52,52,68,70,122
2,0,14,38,0,3,49,14,1,55,52,52,66,69,121
1,0,14,39,1,2,50,15,1,54,53,54,68,69,123
1,0,10,37,1,3,57,13,1,62,47,48,60,75,123
1,0,12,35,1,2,56,14,0,59,47,48,61,73,121
1,0,12,40,0,4,53,14,0,58,52,52,66,72,124
1,0,12,39,0,2,53,15,1,57,51,51,66,72,123
1,0,11,34,1,3,58,14,0,62,45,46,59,76,122
1,0,12,43,1,4,47,15,0,52,55,56,70,67,123
2,0,11,34,1,3,56,15,0,61,45,46,60,76,122
1,0,13,41,1,3,44,19,0,48,54,55,73,67,122
1,0,12,37,0,5,56,11,0,62,49,49,60,73,122
1,0,15,35,1,5,48,15,2,56,50,51,65,71,122
1,0,12,36,1,4,54,15,1,60,48,49,63,75,124
2,0,13,34,0,3,55,14,0,60,47,47,61,74,121
0,0,14,37,0,3,57,11,0,60,51,51,62,71,122
2,0,12,35,1,1,57,13,0,60,47,48,60,73,121
1,0,12,38,1,4,45,21,0,50,50,51,71,71,122
1,0,13,37,1,4,54,12,1,60,50,51,62,72,123
1,0,10,39,1,4,51,18,0,56,49,50,67,74,124
1,0,14,37,0,3,55,11,1,60,51,51,62,71,122
1,0,14,40,0,5,48,16,1,55,54,54,70,71,125
1,0,11,35,1,3,54,18,0,58,46,47,64,76,123
2,0,13,36,1,2,56,11,1,61,49,50,60,72,122
1,0,10,37,1,3,56,15,0,60,47,48,62,75,123
1,0,11,34,1,4,54,18,1,60,45,46,63,78,124
2,0,11,36,1,3,56,13,0,61,47,48,60,74,122
0,0,13,33,4,3,51,16,1,55,46,50,62,71,121
1,0,13,36,0,3,50,17,1,55,49,49,66,72,121
1,0,10,37,1,3,46,24,0,50,47,48,71,74,122
1,0,12,36,1,3,54,16,1,59,48,49,64,75,124
1,0,11,37,1,3,48,19,1,53,48,49,67,72,121
1,0,10,39,1,3,59,11,1,64,49,50,60,75,125
1,0,15,38,1,1,48,17,1,51,53,54,70,68,122
1,0,13,38,1,3,58,7,1,63,51,52,58,70,122
1,0,12,35,1,5,54,16,1,61,47,48,63,77,125
1,0,17,34,1,3,54,12,0,58,51,52,63,70,122
2,0,13,32,0,2,60,10,1,65,45,45,55,75,120
1,0,12,36,1,2,47,23,0,50,48,49,71,73,122
1,0,12,40,1,3,42,21,1,47,52,53,73,68,121
1,0,9,38,1,2,57,13,1,61,47,48,60,74,122
1,0,12,35,1,2,55,15,1,59,47,48,62,74,122
1,0,12,36,0,3,55,15,0,59,48,48,63,74,122
1,0,11,31,0,2,56,20,1,60,42,42,62,80,122
1,0,14,34,0,3,60,8,1,65,48,48,56,73,121
1,0,11,32,1,4,56,19,1,62,43,44,62,81,125
2,0,14,35,1,3,52,13,1,58,49,50,62,71,121
1,0,16,45,0,0,44,13,1,46,61,61,74,59,120
1,0,12,33,1,2,58,14,1,62,45,46,59,76,122
1,0,12,37,0,2,50,19,0,53,49,49,68,72,121
1,0,12,37,1,2,42,26,0,45,49,50,75,71,121
2,0,11,43,0,4,43,16,3,52,54,54,70,68,122
0,0,11,39,0,3,60,8,0,63,50,50,58,71,121
1,0,13,38,1,4,43,23,1,49,51,52,74,72,124
1,0,15,39,0,0,56,10,1,58,54,54,64,68,122
1,0,12,37,0,4,60,8,1,66,49,49,57,74,123
1,0,11,40,1,4,48,18,0,53,51,52,69,71,123
2,0,11,38,1,4,50,17,1,57,49,50,66,74,124
1,0,12,38,0,3,57,11,1,62,50,50,61,73,123
1,0,11,32,0,2,58,17,0,61,43,43,60,78,121
1,0,12,34,0,2,43,29,1,47,46,46,75,76,122
0,0,16,35,1,3,55,11,1,59,51,52,62,70,122
1,0,13,34,1,4,51,18,1,57,47,48,65,75,123
1,0,10,34,0,5,60,10,1,67,44,44,54,77,121
1,0,12,39,1,2,51,16,1,55,51,52,67,71,123
1,0,13,36,1,5,53,12,1,60,49,50,61,72,122
1,0,11,36,0,3,51,19,1,56,47,47,66,75,122
1,0,11,39,1,3,49,18,1,54,50,51,68,72,123
1,0,13,40,1,5,48,18,0,54,53,54,71,72,126
1,0,12,35,1,5,53,15,1,60,47,48,62,75,123
0,0,15,35,0,2,57,11,0,59,50,50,61,70,120
1,0,12,40,0,6,53,12,0,60,52,52,64,72,124
0,0,13,39,0,4,38,29,0,42,52,52,81,71,123
1,0,13,35,0,4,55,12,1,61,48,48,60,73,121
0,0,12,41,1,3,53,13,1,57,53,54,66,70,124
1,0,11,32,0,4,59,13,1,65,43,43,56,78,121
1,0,12,35,1,4,53,16,1,59,47,48,63,75,123
1,0,12,34,1,3,62,9,1,67,46,47,55,76,123
1,0,11,37,1,3,53,18,0,57,48,49,66,75,124
1,0,12,36,0,4,53,17,0,58,48,48,65,75,123
1,0,13,39,0,3,52,13,0,56,52,52,65,69,121
1,0,15,34,0,5,54,15,1,61,49,49,64,76,125
1,0,11,39,1,3,50,16,0,54,50,51,66,70,121
1,0,15,37,0,3,50,15,0,54,52,52,67,69,121
1,0,13,38,0,2,48,19,1,52,51,51,70,71,122
0,0,11,41,1,2,52,14,1,55,52,53,66,69,122
0,0,12,39,0,4,50,17,1,55,51,51,68,72,123
1,0,11,37,0,4,52,15,1,58,48,48,63,73,121
3,0,13,42,1,2,47,12,0,52,55,56,67,64,120
0,0,12,42,0,3,43,21,1,47,54,54,75,68,122
0,0,13,37,1,2,56,12,0,58,50,51,62,70,121
0,0,10,40,1,5,55,10,0,60,50,51,60,70,121
1,0,13,35,0,3,50,17,1,55,48,48,65,72,120
1,0,14,40,1,4,48,15,0,53,54,55,69,68,123
1,0,13,38,0,3,50,16,1,55,51,51,67,71,122
1,0,14,37,1,4,48,17,0,53,51,52,68,70,122
1,0,11,38,1,4,57,12,1,63,49,50,61,75,125
1,0,14,42,1,5,42,15,5,53,56,57,71,68,125
1,0,13,36,1,4,49,15,2,56,49,50,64,71,121
1,0,11,34,1,4,56,16,1,62,45,46,61,78,124
1,0,11,37,1,4,56,13,1,62,48,49,61,75,124
2,0,11,42,1,4,47,16,0,53,53,54,69,69,123
2,0,14,32,1,4,58,11,1,65,46,47,57,76,123
1,0,11,40,0,3,50,15,1,55,51,51,66,70,121
1,0,10,35,1,4,56,16,1,62,45,46,61,78,124
2,0,13,33,1,4,59,9,1,66,46,47,55,75,122
1,0,12,36,1,4,47,23,0,52,48,49,71,75,124
1,0,11,41,1,3,52,12,1,57,52,53,64,69,122
1,0,14,37,1,2,46,21,0,49,51,52,72,70,122
1,0,12,35,0,0,59,12,1,61,47,47,59,73,120
3,0,11,38,0,1,54,13,1,59,49,49,62,72,121
1,0,11,37,1,3,48,20,1,53,48,49,68,73,122
2,0,12,35,1,3,55,15,0,60,47,48,62,75,123
1,0,12,39,0,3,49,18,1,54,51,51,69,72,123
0,0,13,45,0,3,46,12,1,50,58,58,70,62,120
1,0,9,39,1,3,58,11,1,63,48,49,59,74,123
2,0,14,31,0,5,57,11,1,65,45,45,56,76,121
0,0,14,40,0,5,48,13,0,53,54,54,67,66,120
0,0,10,38,0,1,55,16,0,56,48,48,64,72,120
1,0,11,41,1,2,50,15,0,53,52,53,67,68,121
0,0,12,35,0,3,58,13,1,62,47,47,60,75,122
0,0,14,41,0,3,48,16,0,51,55,55,71,67,122
1,0,13,39,1,2,46,20,1,50,52,53,72,70,123
0,0,15,37,1,4,47,17,1,52,52,53,69,69,122
1,0,9,39,1,3,49,20,1,54,48,49,68,74,123
1,0,14,36,1,4,51,14,1,57,50,51,64,71,122
0,0,12,40,0,3,52,13,1,56,52,52,65,69,121
1,0,13,36,0,4,51,16,1,57,49,49,65,73,122
0,0,13,37,1,3,56,11,1,60,50,51,61,71,122
3,0,10,37,0,3,58,10,0,64,47,47,57,74,121
1,0,14,37,0,2,53,13,1,57,51,51,64,70,121
0,0,13,34,1,2,60,11,0,62,47,48,58,73,121
1,0,11,37,1,3,58,13,1,63,48,49,61,76,125
1,0,12,38,1,3,51,15,1,56,50,51,65,71,122
1,0,11,38,1,2,54,15,0,57,49,50,64,72,122
2,0,11,37,0,4,54,12,1,61,48,48,60,73,121
1,0,11,38,1,2,52,17,1,56,49,50,66,73,123
1,0,14,35,0,3,57,11,0,61,49,49,60,72,121
2,0,13,34,1,1,50,19,0,53,47,48,66,72,120
1,0,14,39,0,4,48,14,1,54,53,53,67,68,121
1,0,13,40,0,2,50,15,0,53,53,53,68,68,121
1,0,11,34,0,3,56,15,0,60,45,45,60,75,120
1,0,14,34,1,4,53,17,1,59,48,49,65,76,125
0,0,14,35,0,3,52,16,0,55,49,49,65,71,120
1,0,15,34,0,5,53,12,1,60,49,49,61,72,121
1,0,10,41,0,2,52,14,1,56,51,51,65,70,121
1,0,12,41,0,2,55,10,0,58,53,53,63,68,121
1,0,11,41,0,3,55,10,1,60,52,52,62,70,122
1,0,13,37,1,4,57,10,0,62,50,51,60,72,123
0,0,15,37,1,4,48,15,1,53,52,53,67,68,121
0,0,11,38,0,2,53,16,1,56,49,49,65,72,121
0,0,11,40,1,4,50,18,0,54,51,52,69,72,124
2,0,9,41,1,4,52,12,1,59,50,51,62,71,122
2,0,11,42,1,3,45,16,1,51,53,54,69,67,121
0,0,15,36,0,4,52,13,1,57,51,51,64,70,121
1,0,14,37,0,3,58,8,1,63,51,51,59,71,122
1,0,13,36,0,2,52,16,1,56,49,49,65,72,121
0,0,14,37,0,4,49,17,1,54,51,51,68,71,122
1,0,12,39,0,2,51,17,0,54,51,51,68,71,122
1,0,12,39,0,0,49,18,1,51,51,51,69,69,120
1,0,17,32,0,5,58,10,0,64,49,49,59,74,123
2,0,12,35,1,2,53,16,1,58,47,48,63,74,122
1,0,12,38,0,4,48,19,0,53,50,50,69,72,122
0,0,15,39,0,3,52,13,1,56,54,54,67,69,123
1,0,9,36,1,4,59,15,0,64,45,46,60,79,125
0,0,12,37,0,4,58,11,1,63,49,49,60,74,123
2,0,10,37,0,3,60,10,0,65,47,47,57,75,122
0,0,13,38,1,4,56,9,1,61,51,52,60,70,122
1,0,10,40,0,5,54,14,0,60,50,50,64,74,124
1,0,12,34,0,5,52,16,0,58,46,46,62,74,120
0,0,13,41,0,4,48,14,0,52,54,54,68,66,120
1,0,12,38,0,3,54,12,0,58,50,50,62,70,120
0,0,11,39,1,2,51,17,0,53,50,51,67,70,121
0,0,13,38,0,4,51,16,0,55,51,51,67,71,122
1,0,13,36,0,3,54,15,1,59,49,49,64,74,123
1,0,14,39,0,4,57,8,0,62,53,53,61,70,123
2,0,15,38,1,4,49,14,0,55,53,54,67,69,123
1,0,11,36,1,4,52,17,1,58,47,48,64,75,123
2,0,12,37,0,4,54,12,0,60,49,49,61,72,121
2,0,14,38,0,3,43,22,1,49,52,52,74,71,123
0,0,13,38,1,2,51,16,0,53,51,52,67,69,121
1,0,15,35,0,0,54,14,2,57,50,50,64,71,121
1,0,13,41,1,2,43,21,0,46,54,55,75,67,122
1,0,16,33,0,2,58,11,1,62,49,49,60,73,122
1,0,11,40,1,3,55,10,1,60,51,52,61,70,122
1,0,14,37,1,4,48,20,0,53,51,52,71,73,125
2,0,13,32,1,4,61,8,1,68,45,46,53,76,122
1,0,11,39,0,3,54,14,1,59,50,50,64,73,123
1,0,10,39,1,2,49,19,0,52,49,50,68,71,121
0,0,14,37,1,3,55,11,1,59,51,52,62,70,122
1,0,12,35,1,3,53,16,0,57,47,48,63,73,121
0,0,12,38,1,3,57,10,1,61,50,51,60,71,122
1,0,11,35,1,3,60,10,1,65,46,47,56,75,122
1,0,12,41,1,2,48,17,1,52,53,54,70,69,123
0,0,14,35,1,3,51,18,1,55,49,50,67,73,123
0,0,14,31,1,3,61,11,1,65,45,46,56,76,122
1,0,13,39,0,3,48,18,1,53,52,52,70,71,123
1,0,12,39,0,4,54,13,0,59,51,51,64,72,123
1,0,13,34,0,1,56,16,1,59,47,47,63,75,122
0,0,12,38,0,2,46,22,0,48,50,50,72,70,120
1,0,15,35,0,0,59,10,1,61,50,50,60,71,121
1,0,15,36,0,3,56,12,1,61,51,51,63,73,124
1,0,12,40,1,4,54,13,1,60,52,53,65,73,126
1,0,12,41,1,3,44,19,1,49,53,54,72,68,122
0,0,14,39,0,5,50,15,0,55,53,53,68,70,123
0,0,12,37,0,3,58,11,1,62,49,49,60,73,122
1,0,15,37,1,2,54,12,1,58,52,53,64,70,123
0,0,13,33,1,2,57,15,1,60,46,47,61,75,122
1,0,14,40,1,2,46,18,0,49,54,55,72,67,122
1,0,10,34,1,4,58,16,0,63,44,45,60,79,124
1,0,12,39,1,4,46,18,2,53,51,52,69,71,123
0,0,12,37,0,3,54,14,1,58,49,49,63,72,121
1,0,13,38,0,3,51,15,1,56,51,51,66,71,122
1,0,13,34,0,4,52,19,1,58,47,47,66,77,124
0,0,10,37,1,5,54,14,1,60,47,48,61,74,122
3,0,13,33,1,3,61,7,0,67,46,47,53,74,121
1,0,14,34,1,3,56,14,0,60,48,49,62,74,123
1,0,11,38,0,4,49,18,1,55,49,49,67,73,122
1,0,11,41,1,3,41,25,1,46,52,53,77,71,124
1,0,14,37,0,4,46,20,0,51,51,51,71,71,122
1,0,14,35,1,1,57,13,1,60,49,50,62,73,123
3,0,13,35,0,3,56,11,1,63,48,48,59,74,122
1,0,13,41,1,5,49,14,0,55,54,55,68,69,124
0,0,13,37,0,2,50,19,0,52,50,50,69,71,121
1,0,13,35,0,3,55,16,1,60,48,48,64,76,124
1,0,12,36,0,2,50,20,0,53,48,48,68,73,121
1,0,10,39,0,3,58,10,1,63,49,49,59,73,122
1,0,10,39,1,2,55,13,1,59,49,50,62,72,122
0,0,13,37,0,2,52,16,0,54,50,50,66,70,120
1,0,13,36,0,3,51,18,0,55,49,49,67,73,122
1,0,11,39,1,4,51,14,0,56,50,51,64,70,121
1,0,16,34,1,3,48,19,1,53,50,51,69,72,123
6,0,11,33,1,5,53,12,1,65,44,45,56,77,122
1,0,13,35,1,4,56,14,0,61,48,49,62,75,124
1,0,12,39,0,2,55,12,0,58,51,51,63,70,121
0,0,12,36,0,3,55,15,1,59,48,48,63,74,122
1,0,13,34,1,2,54,16,1,58,47,48,63,74,122
0,0,13,37,0,2,59,10,1,62,50,50,60,72,122
1,0,11,36,0,4,53,15,0,58,47,47,62,73,120
1,0,11,38,1,3,57,10,1,62,49,50,59,72,122
0,0,13,35,1,3,50,19,1,54,48,49,67,73,122
0,0,11,40,0,3,48,17,1,52,51,51,68,69,120
1,0,12,41,1,3,37,26,1,42,53,54,79,68,122
1,0,12,36,0,3,57,12,0,61,48,48,60,73,121
1,0,12,35,0,2,54,17,1,58,47,47,64,75,122
2,0,13,31,0,3,62,11,0,67,44,44,55,78,122
1,0,12,38,0,5,45,19,1,52,50,50,69,71,121
1,0,12,35,0,3,52,18,1,57,47,47,65,75,122
1,0,14,38,1,5,51,11,1,58,52,53,63,69,122
1,0,15,36,1,2,54,13,1,58,51,52,64,71,123
1,0,10,39,1,3,50,17,0,54,49,50,66,71,121
0,0,13,39,0,3,52,13,1,56,52,52,65,69,121
1,0,12,39,0,5,54,9,1,61,51,51,60,70,121
1,0,11,33,0,2,52,23,1,56,44,44,67,79,123
0,0,12,40,1,3,41,20,5,49,52,53,72,69,122
1,0,12,37,0,9,51,11,1,62,49,49,60,73,122
1,0,15,31,0,5,51,18,0,57,46,46,64,75,121
1,0,15,35,0,4,51,15,0,56,50,50,65,71,121
1,0,13,42,1,4,48,15,0,53,55,56,70,68,124
0,0,11,38,0,3,51,17,0,54,49,49,66,71,120
1,0,12,37,0,5,53,14,1,60,49,49,63,74,123
1,0,13,33,1,3,58,12,0,62,46,47,58,74,121
1,0,14,42,1,2,47,14,1,51,56,57,70,65,122
1,0,11,38,0,4,53,13,0,58,49,49,62,71,120
0,0,14,33,0,5,49,23,0,54,47,47,70,77,124
0,0,10,42,0,2,52,14,1,55,52,52,66,69,121
1,0,14,35,0,3,55,12,1,60,49,49,61,72,121
1,0,14,33,0,2,53,17,0,56,47,47,64,73,120
1,0,14,34,0,3,58,11,1,63,48,48,59,74,122
1,0,12,36,0,6,56,14,1,64,48,48,62,78,126
1,0,10,35,1,2,56,16,1,60,45,46,61,76,122
1,0,12,39,0,3,55,11,1,60,51,51,62,71,122
3,0,8,41,1,1,43,24,0,47,49,50,73,71,121
1,0,11,41,0,2,55,10,0,58,52,52,62,68,120
1,0,12,34,1,4,59,13,0,64,46,47,59,77,124
1,0,13,40,0,3,48,17,0,52,53,53,70,69,122
1,0,10,35,0,4,60,12,1,66,45,45,57,78,123
1,0,12,32,2,3,58,12,0,62,44,46,56,74,120
0,0,12,37,0,2,51,19,0,53,49,49,68,72,121
0,0,12,39,1,5,50,17,1,56,51,52,68,73,125
1,0,15,39,0,3,54,9,1,59,54,54,63,68,122
1,0,13,39,1,2,51,14,0,54,52,53,66,68,121
1,0,13,32,0,5,60,10,1,67,45,45,55,77,122
1,0,12,36,0,4,56,13,1,62,48,48,61,75,123
1,0,13,40,1,4,51,12,0,56,53,54,65,68,122
1,0,13,39,1,1,46,20,0,48,52,53,72,68,121
0,0,13,38,0,4,57,10,1,62,51,51,61,72,123
3,0,10,33,9,3,58,6,1,65,43,52,49,71,123
1,0,13,43,0,4,48,13,0,53,56,56,69,66,122
0,0,12,34,0,3,60,11,0,63,46,46,57,74,120
1,0,16,38,0,3,47,17,0,51,54,54,71,68,122
0,0,14,34,0,3,56,14,0,59,48,48,62,73,121
0,0,13,39,1,4,50,13,1,55,52,53,65,68,121
1,0,13,37,0,5,53,14,1,60,50,50,64,74,124
1,0,11,38,0,3,55,15,0,59,49,49,64,74,123
1,0,11,41,1,4,49,16,1,55,52,53,68,71,124
1,0,12,41,1,4,52,12,1,58,53,54,65,70,124
2,0,9,43,1,4,53,12,1,60,52,53,64,72,125
1,0,9,39,1,5,50,21,1,57,48,49,69,78,127
1,0,12,37,1,2,52,16,1,56,49,50,65,72,122
2,0,13,43,0,5,47,11,1,55,56,56,67,66,122
4,0,16,32,0,4,56,8,1,65,48,48,56,73,121
0,0,11,42,1,2,50,16,1,53,53,54,69,69,123
1,0,11,37,1,3,49,21,1,54,48,49,69,75,124
1,0,15,37,0,3,52,14,0,56,52,52,66,70,122
1,0,14,37,1,3,50,15,0,54,51,52,66,69,121
1,0,11,34,0,4,58,14,0,63,45,45,59,77,122
1,0,12,37,0,5,55,13,0,61,49,49,62,74,123
0,0,11,40,0,4,43,25,1,48,51,51,76,73,124
1,0,13,37,1,4,54,12,1,60,50,51,62,72,123
1,0,12,35,1,5,59,11,0,65,47,48,58,76,124
1,0,10,38,1,4,58,10,1,64,48,49,58,74,123
1,0,10,39,0,4,54,12,1,60,49,49,61,72,121
0,0,12,36,1,0,47,25,0,47,48,49,73,72,121
1,0,10,37,1,5,48,22,0,54,47,48,69,76,124
1,0,11,38,1,4,49,18,1,55,49,50,67,73,123
0,0,12,33,1,4,55,16,1,60,45,46,61,76,122
1,0,12,38,0,3,54,14,1,59,50,50,64,73,123
1,0,13,32,0,2,63,10,1,67,45,45,55,77,122
1,0,13,36,1,5,57,9,1,64,49,50,58,73,123
1,0,10,37,1,5,54,18,1,61,47,48,65,79,127
1,0,13,38,1,2,51,14,1,55,51,52,65,69,121
1,0,13,36,1,3,51,18,0,55,49,50,67,73,123
0,0,13,36,1,3,55,13,1,59,49,50,62,72,122
2,0,14,35,0,4,58,9,1,65,49,49,58,74,123
1,0,11,40,0,4,52,13,0,57,51,51,64,70,121
0,0,15,36,0,6,53,15,1,60,51,51,66,75,126
1,0,14,33,0,3,57,13,1,62,47,47,60,75,122
1,0,12,40,1,2,54,11,0,57,52,53,63,68,121
2,0,8,40,1,4,54,15,1,61,48,49,63,76,125
1,0,10,32,0,1,61,15,0,63,42,42,57,78,120
1,0,13,36,0,4,52,15,0,57,49,49,64,72,121
1,0,13,37,1,3,50,16,0,54,50,51,66,70,121
1,0,11,37,1,5,56,11,1,63,48,49,59,74,123
1,0,12,32,1,4,58,14,1,64,44,45,58,78,123
1,0,12,42,1,0,50,15,0,51,54,55,69,66,121
1,0,12,37,1,2,47,21,1,51,49,50,70,72,122
1,0,12,43,1,3,45,17,1,50,55,56,72,67,123
0,0,12,36,1,3,55,13,1,59,48,49,61,72,121
1,0,12,40,1,2,49,16,0,52,52,53,68,68,121
1,0,11,39,1,2,48,19,1,52,50,51,69,71,122
1,0,12,38,1,4,57,11,0,62,50,51,61,73,124
0,0,12,34,1,3,66,6,0,69,46,47,52,75,122
1,0,13,38,1,5,54,13,0,60,51,52,64,73,125
1,0,13,35,1,3,50,19,1,55,48,49,67,74,123
0,0,14,35,1,4,52,18,0,56,49,50,67,74,124
0,0,13,37,1,3,48,21,0,51,50,51,71,72,123
1,0,13,35,0,2,46,23,1,50,48,48,71,73,121
1,0,14,39,0,4,48,16,1,54,53,53,69,70,123
0,0,12,36,1,0,55,17,0,55,48,49,65,72,121
2,0,12,33,1,3,63,8,0,68,45,46,53,76,122
1,0,12,34,1,4,61,10,1,67,46,47,56,77,124
1,0,12,39,0,4,44,16,4,53,51,51,67,69,120
1,0,10,37,0,3,52,18,1,57,47,47,65,75,122
0,0,10,36,1,3,51,21,1,55,46,47,67,76,123
1,0,12,39,1,3,50,15,1,55,51,52,66,70,122
0,0,12,41,1,4,54,11,0,58,53,54,64,69,123
1,0,12,35,0,2,53,18,0,56,47,47,65,74,121
2,0,11,37,1,2,48,20,0,52,48,49,68,72,121
1,0,13,39,1,2,47,19,0,50,52,53,71,69,122
1,0,14,34,0,4,53,15,1,59,48,48,63,74,122
1,0,14,36,1,3,54,13,0,58,50,51,63,71,122
1,0,11,38,1,3,55,12,1,60,49,50,61,72,122
1,0,12,38,1,3,56,13,1,61,50,51,63,74,125
1,0,10,43,0,5,49,14,0,55,53,53,67,69,122
3,0,10,36,1,2,60,9,1,66,46,47,55,75,122
1,0,12,38,1,3,55,12,0,59,50,51,62,71,122
1,0,12,40,1,3,58,8,1,63,52,53,60,71,124
0,0,14,35,0,4,50,17,1,55,49,49,66,72,121
2,0,13,40,1,3,45,17,0,50,53,54,70,67,121
1,0,12,38,0,4,45,23,0,50,50,50,73,73,123
1,0,14,36,1,3,47,20,1,52,50,51,70,72,123
0,0,13,38,1,3,51,17,0,54,51,52,68,71,123
0,0,12,38,0,5,55,12,0,60,50,50,62,72,122
1,0,13,39,1,5,51,11,1,58,52,53,63,69,122
1,0,11,36,1,2,56,15,0,59,47,48,62,74,122
1,0,14,35,3,3,50,15,0,54,49,52,64,69,121
1,0,12,40,0,4,56,11,0,61,52,52,63,72,124
1,0,11,36,1,2,50,20,1,54,47,48,67,74,122
0,0,12,37,0,2,54,15,1,57,49,49,64,72,121
1,0,12,36,1,4,51,17,2,58,48,49,65,75,124
0,0,11,38,0,3,47,21,1,51,49,49,70,72,121
1,0,11,43,1,4,45,15,0,50,54,55,69,65,120
0,0,14,37,1,4,50,17,1,55,51,52,68,72,124
0,0,12,37,0,3,56,13,1,60,49,49,62,73,122
1,0,12,36,0,3,58,12,1,63,48,48,60,75,123
1,0,11,38,0,4,54,15,1,60,49,49,64,75,124
1,0,13,33,0,1,58,14,0,60,46,46,60,74,120
2,0,10,37,1,4,47,20,0,53,47,48,67,73,121
1,0,12,37,1,3,53,15,1,58,49,50,64,73,123
3,0,11,36,1,6,53,16,1,63,47,48,63,79,127
1,0,13,37,0,3,54,15,1,59,50,50,65,74,124
1,0,11,42,1,4,45,19,0,50,53,54,72,69,123
1,0,11,36,0,5,63,6,1,70,47,47,53,76,123
0,0,12,37,1,3,56,14,0,59,49,50,63,73,123
1,0,11,39,0,4,56,9,0,61,50,50,59,70,120
1,0,12,35,2,4,48,21,0,53,47,49,68,74,123
1,0,12,41,0,3,51,13,0,55,53,53,66,68,121
1,0,10,37,1,2,57,14,1,61,47,48,61,75,123
2,0,13,34,1,3,58,10,1,64,47,48,57,74,122
1,0,13,36,0,3,60,8,0,64,49,49,57,72,121
1,0,11,39,1,2,45,21,1,49,50,51,71,70,121
1,0,16,32,0,4,48,20,1,54,48,48,68,74,122
1,0,12,36,1,3,60,10,1,65,48,49,58,75,124
1,0,16,34,1,2,47,20,1,51,50,51,70,71,122
1,0,14,38,0,2,49,16,1,53,52,52,68,69,121
1,0,13,36,1,4,54,15,0,59,49,50,64,74,124
1,0,13,39,0,3,49,16,1,54,52,52,68,70,122
1,0,13,39,0,3,45,20,1,50,52,52,72,70,122
1,0,14,37,0,3,55,12,1,60,51,51,63,72,123
1,0,11,35,0,4,57,12,1,63,46,46,58,75,121
1,0,14,38,1,5,55,10,1,62,52,53,62,72,125
2,0,11,36,0,2,60,9,1,65,47,47,56,74,121
1,0,10,41,1,3,52,15,1,57,51,52,66,72,124
1,0,16,39,1,2,51,13,0,54,55,56,68,67,123
0,0,14,36,1,4,53,14,0,57,50,51,64,71,122
1,0,11,36,1,5,52,16,0,58,47,48,63,74,122
1,0,12,37,0,2,53,16,1,57,49,49,65,73,122
1,0,15,38,1,3,52,14,0,56,53,54,67,70,124
1,0,14,33,1,3,50,22,1,55,47,48,69,77,125
1,0,9,35,0,2,50,24,0,53,44,44,68,77,121
1,0,11,38,0,4,44,24,1,50,49,49,73,74,123
1,0,12,40,0,4,50,13,1,56,52,52,65,69,121
0,0,13,41,1,5,53,8,0,58,54,55,62,66,121
1,0,11,36,0,3,60,10,0,64,47,47,57,74,121
1,0,12,36,0,3,55,13,1,60,48,48,61,73,121
1,0,17,40,0,4,40,18,0,45,57,57,75,63,120
1,0,12,40,0,3,54,10,0,58,52,52,62,68,120
0,0,13,35,1,3,47,22,0,50,48,49,70,72,121
1,0,10,39,0,5,53,16,0,59,49,49,65,75,124
1,0,12,38,1,1,49,19,1,52,50,51,69,71,122
1,0,14,37,0,0,46,18,4,51,51,51,69,69,120
1,0,15,37,1,3,49,15,0,53,52,53,67,68,121
1,0,12,37,0,3,59,10,0,63,49,49,59,73,122
1,0,13,42,1,3,46,16,1,51,55,56,71,67,123
0,0,13,38,1,5,51,12,1,57,51,52,63,69,121
1,0,14,36,0,3,55,12,0,59,50,50,62,71,121
1,0,11,35,0,3,49,21,1,54,46,46,67,75,121
1,0,12,38,1,3,52,15,1,57,50,51,65,72,123
0,0,13,36,0,2,53,16,0,55,49,49,65,71,120
1,0,17,37,1,2,40,21,1,44,54,55,75,65,120
0,0,12,36,0,3,54,16,0,57,48,48,64,73,121
1,0,12,39,0,2,48,18,0,51,51,51,69,69,120
1,0,15,43,0,3,49,9,0,53,58,58,67,62,120
1,0,10,34,0,2,55,20,0,58,44,44,64,78,122
1,0,11,36,0,6,44,24,0,51,47,47,71,75,122
1,0,10,37,1,4,56,12,1,62,47,48,59,74,122
1,0,12,33,1,3,58,14,1,63,45,46,59,77,123
1,0,12,38,0,4,54,12,1,60,50,50,62,72,122
1,0,10,38,1,3,54,14,1,59,48,49,62,73,122
0,0,13,39,1,3,46,20,1,50,52,53,72,70,123
0,0,14,40,0,3,50,14,1,54,54,54,68,68,122
1,0,12,32,1,2,60,14,0,63,44,45,58,77,122
0,0,11,39,0,3,41,27,1,45,50,50,77,72,122
0,0,11,39,0,3,49,18,0,52,50,50,68,70,120
1,0,13,37,1,3,58,10,1,63,50,51,60,73,124
2,0,10,39,1,3,52,14,1,58,49,50,63,72,122
2,0,11,38,1,4,55,13,0,61,49,50,62,74,124
1,0,10,37,1,6,54,17,1,62,47,48,64,79,127
2,0,13,38,1,2,51,14,1,56,51,52,65,70,122
1,0,14,34,1,3,50,19,1,55,48,49,67,74,123
1,0,12,38,1,2,50,19,0,53,50,51,69,72,123
1,0,14,32,0,4,52,18,0,57,46,46,64,75,121
3,0,14,35,1,0,55,12,1,59,49,50,61,71,121
2,0,12,32,0,5,61,8,0,68,44,44,52,76,120
0,0,11,37,1,3,58,12,1,62,48,49,60,74,123
1,0,12,36,0,5,47,24,0,53,48,48,72,77,125
0,0,12,43,1,5,43,20,0,48,55,56,75,68,124
1,0,10,40,1,5,53,11,1,60,50,51,61,71,122
2,0,15,36,0,3,51,15,0,56,51,51,66,71,122
1,0,10,31,0,3,66,9,1,71,41,41,50,80,121
1,0,13,37,1,4,47,21,0,52,50,51,71,73,124
1,0,14,33,0,4,53,18,1,59,47,47,65,77,124
1,0,14,40,0,2,45,19,1,49,54,54,73,68,122
1,0,16,38,1,4,49,13,1,55,54,55,67,68,123
1,0,14,36,0,3,53,14,0,57,50,50,64,71,121
0,0,13,37,1,3,55,14,1,59,50,51,64,73,124
1,0,12,39,1,1,43,24,1,46,51,52,75,70,122
1,0,14,37,0,4,54,11,1,60,51,51,62,71,122
1,0,12,37,1,3,56,11,1,61,49,50,60,72,122
1,0,12,37,0,4,52,15,1,58,49,49,64,73,122
1,0,14,32,1,3,61,12,0,65,46,47,58,77,124
3,0,13,37,0,3,52,13,1,59,50,50,63,72,122
1,6,13,38,1,2,49,12,0,58,51,52,63,70,122
1,0,11,37,1,0,59,12,1,61,48,49,60,73,122
1,0,11,35,0,3,57,15,1,62,46,46,61,77,123
0,0,13,42,0,4,52,9,1,57,55,55,64,66,121
1,0,12,39,0,3,53,13,1,58,51,51,64,71,122
1,0,12,40,1,3,52,12,1,57,52,53,64,69,122
1,0,11,33,1,5,61,14,1,68,44,45,58,82,127
0,0,11,34,0,4,57,14,0,61,45,45,59,75,120
0,0,12,35,1,4,62,8,1,67,47,48,55,75,123
1,0,11,36,1,4,55,13,1,61,47,48,60,74,122
1,0,12,38,1,3,52,14,1,57,50,51,64,71,122
1,0,13,39,1,4,52,13,1,58,52,53,65,71,124
0,0,14,41,1,5,52,10,1,58,55,56,65,68,124
1,0,13,41,1,3,44,19,1,49,54,55,73,68,123
0,0,12,37,0,4,57,10,0,61,49,49,59,71,120
1,0,11,42,1,3,52,13,0,56,53,54,66,69,123
2,0,12,38,1,5,53,10,1,61,50,51,60,71,122
1,0,12,40,0,3,45,20,1,50,52,52,72,70,122
1,0,14,35,1,2,58,10,0,61,49,50,59,71,121
0,0,12,38,1,3,48,20,0,51,50,51,70,71,122
1,0,11,38,1,4,53,14,1,59,49,50,63,73,123
1,0,13,35,0,6,56,9,1,64,48,48,57,73,121
1,0,10,43,1,6,45,19,1,53,53,54,72,72,126
1,0,10,37,1,5,48,19,1,55,47,48,66,74,122
2,0,10,34,1,3,59,12,0,64,44,45,56,76,121
1,0,14,39,1,2,54,10,1,58,53,54,63,68,122
0,0,14,38,1,4,51,15,1,56,52,53,67,71,124
1,0,11,36,0,3,45,27,1,50,47,47,74,77,124
1,0,12,44,1,4,43,17,0,48,56,57,73,65,122
1,0,13,35,1,4,52,16,1,58,48,49,64,74,123
1,0,11,37,1,3,51,16,1,56,48,49,64,72,121
1,0,12,38,1,3,45,23,0,49,50,51,73,72,123
1,0,13,40,0,4,50,14,1,56,53,53,67,70,123
1,0,13,34,0,5,51,17,1,58,47,47,64,75,122
1,0,13,35,0,4,54,14,0,59,48,48,62,73,121
1,0,13,38,1,2,49,18,1,53,51,52,69,71,123
1,0,10,37,0,1,62,10,1,65,47,47,57,75,122
1,0,11,41,1,2,56,11,1,60,52,53,63,71,124
2,0,11,34,0,3,58,14,1,64,45,45,59,78,123
0,0,13,34,0,6,61,6,1,68,47,47,53,74,121
1,0,12,38,1,3,52,15,1,57,50,51,65,72,123
1,0,13,34,0,4,57,11,1,63,47,47,58,74,121
1,0,11,38,1,4,53,14,0,58,49,50,63,72,122
1,0,13,39,1,4,51,15,0,56,52,53,67,71,124
1,0,11,38,1,2,44,25,0,47,49,50,74,72,122
3,0,13,36,0,2,57,9,0,62,49,49,58,71,120
1,0,9,39,1,4,52,17,1,58,48,49,65,75,124
1,0,12,41,1,4,49,15,1,55,53,54,68,70,124
1,0,12,35,1,3,59,11,1,64,47,48,58,75,123
1,0,13,36,0,3,49,19,1,54,49,49,68,73,122
1,0,12,37,1,5,44,21,1,51,49,50,70,72,122
1,0,13,37,1,4,53,15,0,58,50,51,65,73,124
0,0,11,38,1,2,53,16,1,56,49,50,65,72,122
1,0,12,38,1,3,54,13,0,58,50,51,63,71,122
0,0,10,40,1,2,51,17,0,53,50,51,67,70,121
0,0,11,38,1,4,43,24,1,48,49,50,73,72,122
0,0,10,39,0,1,52,18,1,54,49,49,67,72,121
1,0,15,35,1,3,53,13,1,58,50,51,63,71,122
1,0,12,35,1,4,50,17,0,55,47,48,64,72,120
1,0,13,38,0,6,55,12,1,63,51,51,63,75,126
1,0,14,37,0,1,56,11,0,58,51,51,62,69,120
1,0,13,39,0,4,53,10,0,58,52,52,62,68,120
1,0,13,37,1,3,51,17,1,56,50,51,67,73,124
1,0,16,36,1,4,51,11,1,57,52,53,63,68,121
1,0,14,42,0,4,51,12,0,56,56,56,68,68,124
1,0,12,40,1,3,45,20,1,50,52,53,72,70,123
1,0,14,31,1,2,58,14,1,62,45,46,59,76,122
5,0,12,31,0,5,57,14,0,67,43,43,57,81,124
3,0,11,37,1,3,54,12,1,61,48,49,60,73,122
1,0,12,38,0,3,52,14,0,56,50,50,64,70,120
2,0,14,37,0,2,51,14,1,56,51,51,65,70,121
1,0,11,41,1,3,50,15,1,55,52,53,67,70,123
0,0,16,38,1,5,48,15,0,53,54,55,69,68,123
1,0,11,42,0,4,43,22,0,48,53,53,75,70,123
1,0,12,36,0,5,55,15,1,62,48,48,63,77,125
1,0,12,38,0,6,50,17,1,58,50,50,67,75,125
0,0,9,37,1,3,55,16,0,58,46,47,62,74,121
1,0,15,37,0,4,42,22,1,48,52,52,74,70,122
1,0,12,34,1,5,58,12,0,64,46,47,58,76,123
0,0,14,37,0,4,57,9,1,62,51,51,60,71,122
0,0,13,34,1,8,57,8,0,65,47,48,55,73,121
0,0,11,42,1,3,48,16,1,52,53,54,69,68,122
1,0,12,39,0,2,53,13,1,57,51,51,64,70,121
1,0,13,40,0,2,50,15,1,54,53,53,68,69,122
0,0,13,42,1,3,51,11,1,55,55,56,66,66,122
5,0,12,36,0,2,51,15,0,58,48,48,63,73,121
1,0,13,37,1,3,56,11,1,61,50,51,61,72,123
0,0,11,40,0,2,52,16,0,54,51,51,67,70,121
0,0,12,36,1,5,59,10,0,64,48,49,58,74,123
0,0,9,37,1,3,62,9,1,66,46,47,55,75,122
1,0,12,35,0,2,56,14,0,59,47,47,61,73,120
1,0,11,37,1,1,54,16,1,57,48,49,64,73,122
1,0,15,34,0,2,54,16,1,58,49,49,65,74,123
0,0,12,34,0,4,63,9,1,68,46,46,55,77,123
1,0,13,39,1,6,46,20,0,53,52,53,72,73,126
1,0,14,34,1,5,56,13,1,63,48,49,61,76,125
1,0,12,39,0,4,52,12,1,58,51,51,63,70,121
1,0,15,38,0,4,44,18,1,50,53,53,71,68,121
1,0,12,39,1,7,47,15,0,55,51,52,66,70,122
1,0,14,36,0,4,55,11,0,60,50,50,61,71,121
0,0,12,35,1,2,52,19,1,55,47,48,66,74,122
0,0,12,36,1,4,48,21,0,52,48,49,69,73,122
0,0,12,38,1,2,53,15,1,56,50,51,65,71,122
1,0,16,35,1,5,57,9,1,64,51,52,60,73,125
1,0,12,34,1,2,50,23,0,53,46,47,69,76,123
1,0,15,34,1,3,55,13,0,59,49,50,62,72,122
0,0,9,39,1,3,58,12,1,62,48,49,60,74,123
1,0,9,40,1,4,56,12,0,61,49,50,61,73,123
1,0,15,30,0,3,54,17,0,58,45,45,62,75,120
0,6,13,38,1,4,47,14,0,57,51,52,65,71,123
0,0,14,37,1,2,55,12,1,58,51,52,63,70,122
1,0,11,42,0,6,52,12,0,59,53,53,65,71,124
0,0,13,38,1,3,52,15,1,56,51,52,66,71,123
6,0,12,39,0,5,50,12,0,61,51,51,63,73,124
1,10,13,33,1,3,44,18,0,58,46,47,64,76,123
2,0,14,36,1,4,51,14,1,58,50,51,64,72,123
2,0,11,39,0,2,53,13,1,58,50,50,63,71,121
1,0,11,37,1,2,50,20,1,54,48,49,68,74,123
1,0,17,34,0,3,53,12,0,57,51,51,63,69,120
1,0,12,38,1,3,50,17,1,55,50,51,67,72,123
0,0,11,36,1,4,66,5,0,70,47,48,52,75,123
1,0,14,36,0,2,52,15,1,56,50,50,65,71,121
0,0,12,39,1,4,49,17,0,53,51,52,68,70,122
1,0,12,33,1,3,58,13,1,63,45,46,58,76,122
0,0,13,36,0,4,56,13,1,61,49,49,62,74,123
0,0,13,39,1,2,52,14,0,54,52,53,66,68,121
0,0,10,38,1,3,57,13,1,61,48,49,61,74,123
0,0,11,39,1,3,58,9,1,62,50,51,59,71,122
1,0,10,39,1,3,50,18,0,54,49,50,67,72,122
1,0,14,36,0,3,57,11,1,62,50,50,61,73,123
1,0,11,35,1,2,55,16,1,59,46,47,62,75,122
1,0,13,35,0,3,49,20,0,53,48,48,68,73,121
0,0,11,39,1,3,56,13,1,60,50,51,63,73,124
1,0,14,37,1,4,51,13,1,57,51,52,64,70,122
1,0,14,35,1,4,58,10,0,63,49,50,59,73,123
0,0,13,35,1,3,55,14,1,59,48,49,62,73,122
0,0,9,38,0,4,47,22,1,52,47,47,69,74,121
1,0,11,38,0,7,55,7,1,64,49,49,56,71,120
1,0,12,39,1,2,52,13,1,56,51,52,64,69,121
3,0,14,35,1,4,54,11,0,61,49,50,60,72,122
2,0,11,38,1,2,49,18,1,54,49,50,67,72,122
1,0,10,38,0,2,59,10,1,63,48,48,58,73,121
1,0,14,38,0,3,42,23,1,47,52,52,75,70,122
1,0,13,39,1,3,51,12,1,56,52,53,64,68,121
1,0,12,41,0,2,55,10,0,58,53,53,63,68,121
1,0,13,35,1,7,51,14,0,59,48,49,62,73,122
1,0,12,36,0,3,51,18,0,55,48,48,66,73,121
2,0,11,40,0,4,54,10,1,61,51,51,61,71,122
1,0,11,41,0,3,45,21,0,49,52,52,73,70,122
1,0,15,37,0,2,48,17,1,52,52,52,69,69,121
0,0,12,37,1,2,51,19,1,54,49,50,68,73,123
0,0,13,37,0,3,50,16,1,54,50,50,66,70,120
1,13,11,33,1,2,45,16,0,61,44,45,60,77,122
0,0,12,37,1,2,60,9,0,62,49,50,58,71,121
1,0,13,35,1,2,53,15,2,58,48,49,63,73,122
1,0,10,37,0,3,58,14,0,62,47,47,61,76,123
1,0,13,35,0,2,59,11,1,63,48,48,59,74,122
1,0,12,38,1,4,56,10,1,62,50,51,60,72,123
1,0,13,41,0,2,52,11,0,55,54,54,65,66,120
2,0,11,36,1,2,54,15,0,58,47,48,62,73,121
1,0,11,36,0,3,46,24,1,51,47,47,71,75,122
1,0,12,37,1,3,44,13,11,59,49,50,62,72,122
0,0,13,39,1,2,47,18,1,50,52,53,70,68,121
1,0,15,32,0,2,57,13,0,60,47,47,60,73,120
1,0,12,35,1,2,58,12,1,62,47,48,59,74,122
0,0,13,40,0,2,51,14,0,53,53,53,67,67,120
1,0,11,38,0,4,52,18,1,58,49,49,67,76,125
1,0,13,36,0,3,55,13,1,60,49,49,62,73,122
1,0,12,37,1,3,59,9,1,64,49,50,58,73,123
1,0,11,40,1,3,51,15,0,55,51,52,66,70,122
1,0,16,34,1,4,56,11,0,61,50,51,61,72,123
0,0,14,33,1,5,59,11,0,64,47,48,58,75,123
2,0,12,39,0,3,54,10,0,59,51,51,61,69,120
1,0,11,41,1,2,52,13,1,56,52,53,65,69,122
0,0,11,40,1,3,50,17,1,54,51,52,68,71,123
1,0,12,39,0,5,52,14,0,58,51,51,65,72,123
1,0,12,34,0,3,55,15,0,59,46,46,61,74,120
1,0,12,38,0,4,52,15,1,58,50,50,65,73,123
1,0,9,41,1,4,49,19,1,55,50,51,69,74,125
1,0,12,38,0,2,53,15,1,57,50,50,65,72,122
2,0,12,39,1,3,55,9,1,61,51,52,60,70,122
0,0,12,38,0,5,47,20,1,53,50,50,70,73,123
0,0,14,36,0,4,45,22,1,50,50,50,72,72,122
1,0,12,39,1,4,52,15,0,57,51,52,66,72,124
2,0,13,33,1,4,53,15,1,60,46,47,61,75,122
1,0,11,38,1,3,52,15,0,56,49,50,64,71,121
1,0,14,36,1,3,48,20,0,52,50,51,70,72,123
1,0,13,34,1,5,57,12,1,64,47,48,59,76,124
0,0,11,38,1,3,49,20,1,53,49,50,69,73,123
2,0,11,38,0,4,52,13,0,58,49,49,62,71,120
1,0,14,35,1,2,57,11,1,61,49,50,60,72,122
1,0,14,39,0,3,51,14,0,55,53,53,67,69,122
1,0,14,34,1,2,51,17,2,56,48,49,65,73,122
1,0,12,36,0,3,50,20,1,55,48,48,68,75,123
2,0,10,35,0,5,59,13,0,66,45,45,58,79,124
1,0,12,40,0,2,52,14,1,56,52,52,66,70,122
2,0,11,36,0,3,54,15,0,59,47,47,62,74,121
1,0,13,33,1,3,58,14,1,63,46,47,60,77,124
0,0,12,36,0,3,57,14,0,60,48,48,62,74,122
2,0,14,37,1,3,47,18,0,52,51,52,69,70,122
0,0,12,38,1,5,53,15,0,58,50,51,65,73,124
1,0,12,38,0,6,49,14,1,57,50,50,64,71,121
1,0,13,35,0,3,56,13,1,61,48,48,61,74,122
1,0,16,38,0,3,48,16,0,52,54,54,70,68,122
2,0,10,39,0,3,51,16,0,56,49,49,65,72,121
1,0,12,36,0,2,53,16,0,56,48,48,64,72,120
1,0,13,41,0,3,50,13,0,54,54,54,67,67,121
1,0,14,39,1,4,52,11,0,57,53,54,64,68,122
1,0,11,42,0,4,53,11,1,59,53,53,64,70,123
1,0,12,42,0,4,53,12,1,59,54,54,66,71,125
0,0,11,35,0,3,57,16,1,61,46,46,62,77,123
0,0,10,39,1,2,51,18,0,53,49,50,67,71,121
1,0,15,37,0,4,51,13,0,56,52,52,65,69,121
1,0,13,39,1,4,50,14,0,55,52,53,66,69,122
1,0,11,38,1,5,41,28,1,48,49,50,77,76,126
1,0,14,33,0,4,61,7,1,67,47,47,54,74,121
1,0,14,33,0,3,57,13,2,63,47,47,60,76,123
0,0,16,35,0,5,51,16,0,56,51,51,67,72,123
2,0,11,33,1,2,59,12,1,64,44,45,56,76,121
1,0,11,40,0,2,54,14,1,58,51,51,65,72,123
2,0,11,35,1,5,52,17,1,60,46,47,63,77,124
0,0,13,34,1,4,56,13,1,61,47,48,60,74,122
1,0,11,44,1,2,47,16,0,50,55,56,71,66,122
1,0,14,37,0,2,50,17,0,53,51,51,68,70,121
2,0,10,34,1,5,56,16,0,63,44,45,60,79,124
1,0,13,36,1,4,53,16,0,58,49,50,65,74,124
0,0,12,40,1,4,53,13,0,57,52,53,65,70,123
2,0,13,37,1,4,48,16,1,55,50,51,66,71,122
1,0,11,44,1,3,45,16,1,50,55,56,71,66,122
1,0,13,32,0,2,58,15,1,62,45,45,60,77,122
1,0,12,35,1,2,57,14,0,60,47,48,61,74,122
0,0,12,38,0,5,56,12,0,61,50,50,62,73,123
1,0,13,34,1,4,51,18,1,57,47,48,65,75,123
1,0,12,35,0,2,50,21,1,54,47,47,68,75,122
1,0,13,35,1,2,48,22,0,51,48,49,70,73,122
2,0,12,37,1,3,57,9,0,62,49,50,58,71,121
1,0,13,34,0,2,56,13,1,60,47,47,60,73,120
0,0,12,36,0,2,59,11,1,62,48,48,59,73,121
2,0,14,36,1,4,52,13,1,59,50,51,63,72,123
1,0,12,37,1,4,56,12,1,62,49,50,61,74,124
1,0,12,38,0,5,51,15,1,58,50,50,65,73,123
0,0,12,39,0,4,54,14,1,59,51,51,65,73,124
0,0,12,39,0,4,56,12,1,61,51,51,63,73,124
0,0,12,35,1,4,55,16,0,59,47,48,63,75,123
1,0,13,38,1,3,47,20,1,52,51,52,71,72,124
1,0,15,36,1,1,49,16,1,52,51,52,67,68,120
0,0,13,38,0,1,53,15,1,55,51,51,66,70,121
1,0,13,37,1,4,53,14,1,59,50,51,64,73,124
1,0,12,37,0,2,51,18,0,54,49,49,67,72,121
1,0,15,36,1,4,52,15,0,57,51,52,66,72,124
2,0,11,38,1,3,51,15,1,57,49,50,64,72,122
1,0,12,37,1,4,54,13,1,60,49,50,62,73,123
1,0,10,40,1,1,49,18,1,52,50,51,68,70,121
1,0,13,39,0,3,49,17,0,53,52,52,69,70,122
0,0,12,38,1,3,52,15,1,56,50,51,65,71,122
1,0,14,41,0,5,46,14,0,52,55,55,69,66,121
1,0,13,40,1,3,50,15,1,55,53,54,68,70,124
1,0,14,39,0,4,50,14,0,55,53,53,67,69,122
1,0,12,41,1,2,43,17,4,50,53,54,70,67,121
1,0,13,35,1,5,53,12,0,59,48,49,60,71,120
0,0,13,37,1,4,56,10,0,60,50,51,60,70,121
1,0,11,37,1,3,49,21,0,53,48,49,69,74,123
1,0,13,35,0,2,55,16,1,59,48,48,64,75,123
1,0,12,36,1,2,55,15,0,58,48,49,63,73,122
1,0,15,37,0,3,54,11,0,58,52,52,63,69,121
1,0,12,36,0,1,55,15,1,58,48,48,63,73,121
1,0,14,38,1,5,53,13,1,60,52,53,65,73,126
1,0,13,35,0,4,57,10,0,62,48,48,58,72,120
1,0,13,36,0,3,51,16,1,56,49,49,65,72,121
1,0,12,37,1,2,54,16,0,57,49,50,65,73,123
1,0,13,35,0,4,52,19,0,57,48,48,67,76,124
1,0,13,35,0,2,55,16,1,59,48,48,64,75,123
0,0,13,37,0,4,47,22,1,52,50,50,72,74,124
1,0,13,36,0,5,52,15,1,59,49,49,64,74,123
1,0,13,40,0,6,54,6,1,62,53,53,59,68,121
1,0,14,38,0,2,49,17,0,52,52,52,69,69,121
0,0,12,42,1,3,46,14,3,52,54,55,68,66,121
1,0,12,38,1,3,51,17,0,55,50,51,67,72,123
0,0,12,42,0,2,53,11,0,55,54,54,65,66,120
1,0,15,39,0,2,49,14,0,52,54,54,68,66,120
1,0,12,39,1,2,49,17,1,53,51,52,68,70,122
1,10,12,32,1,5,52,9,0,68,44,45,53,77,122
1,0,12,43,1,2,49,14,0,52,55,56,69,66,122
1,0,13,35,1,2,52,16,1,56,48,49,64,72,121
2,0,13,38,0,3,51,12,1,57,51,51,63,69,120
0,0,13,36,1,5,51,15,0,56,49,50,64,71,121
0,0,15,38,1,4,52,11,1,57,53,54,64,68,122
1,0,10,36,0,5,60,12,0,66,46,46,58,78,124
1,0,11,39,1,4,50,19,0,55,50,51,69,74,125
0,0,12,38,0,4,55,14,1,60,50,50,64,74,124
1,0,15,33,1,5,54,15,1,61,48,49,63,76,125
1,0,13,37,1,3,55,13,0,59,50,51,63,72,123
1,0,15,38,0,4,51,14,0,56,53,53,67,70,123
0,0,12,41,0,4,44,19,1,49,53,53,72,68,121
1,0,14,33,1,4,51,18,1,57,47,48,65,75,123
1,0,10,40,0,2,50,18,0,53,50,50,68,71,121
1,0,14,40,1,4,47,17,1,53,54,55,71,70,125
0,0,15,38,1,2,53,12,0,55,53,54,65,67,121
1,0,11,41,0,3,53,13,1,58,52,52,65,71,123
1,0,13,39,1,3,50,14,1,55,52,53,66,69,122
1,0,15,39,1,1,52,12,0,54,54,55,66,66,121
0,0,12,39,1,4,53,12,1,58,51,52,63,70,122
1,0,13,34,0,4,54,15,1,60,47,47,62,75,122
1,0,13,32,0,4,60,13,0,65,45,45,58,78,123
0,0,10,40,1,3,57,10,1,61,50,51,60,71,122
1,0,11,36,1,4,61,9,0,66,47,48,56,75,123
0,0,12,40,1,5,53,14,1,59,52,53,66,73,126
0,0,12,36,0,4,56,13,1,61,48,48,61,74,122
1,0,10,39,1,4,46,19,1,52,49,50,68,71,121
2,0,12,30,1,2,65,9,1,70,42,43,51,79,122
0,0,12,38,0,4,52,17,1,57,50,50,67,74,124
0,0,12,38,0,4,53,16,1,58,50,50,66,74,124
0,0,11,35,0,2,59,13,1,62,46,46,59,75,121
1,0,13,36,0,4,57,12,1,63,49,49,61,75,124
1,0,14,35,1,3,57,11,0,61,49,50,60,72,122
1,0,11,38,0,2,55,14,0,58,49,49,63,72,121
1,0,12,37,0,4,52,14,0,57,49,49,63,71,120
1,0,13,30,0,0,66,10,1,68,43,43,53,78,121
0,0,12,41,0,3,52,12,0,55,53,53,65,67,120
1,0,12,39,0,5,45,19,1,52,51,51,70,71,122
0,0,12,37,0,3,55,13,0,58,49,49,62,71,120
1,0,12,34,1,4,46,24,0,51,46,47,70,75,122
1,0,14,39,1,5,48,13,0,54,53,54,66,67,121
2,0,13,31,1,3,63,7,1,69,44,45,51,76,121
1,0,13,36,1,4,54,14,1,60,49,50,63,74,124
0,0,13,34,1,4,54,15,1,59,47,48,62,74,122
1,0,10,37,1,3,56,14,0,60,47,48,61,74,122
1,0,12,37,0,3,54,15,1,59,49,49,64,74,123
1,0,13,38,0,4,47,18,1,53,51,51,69,71,122
1,0,11,43,1,2,48,15,1,52,54,55,69,67,122
1,0,14,36,0,2,53,16,0,56,50,50,66,72,122
2,0,12,35,0,4,51,19,1,58,47,47,66,77,124
1,0,13,40,0,5,54,8,0,60,53,53,61,68,121
2,0,12,36,1,4,51,15,1,58,48,49,63,73,122
1,0,13,40,0,4,46,17,0,51,53,53,70,68,121
1,0,13,34,0,2,60,10,0,63,47,47,57,73,120
1,0,11,35,1,4,50,20,1,56,46,47,66,76,123
3,0,12,38,0,3,53,12,1,60,50,50,62,72,122
1,0,12,36,0,3,53,17,0,57,48,48,65,74,122
1,0,13,36,1,3,59,8,1,64,49,50,57,72,122
0,0,13,37,0,3,54,14,1,58,50,50,64,72,122
0,0,13,35,1,2,61,9,1,64,48,49,57,73,122
1,0,12,36,1,5,47,20,1,54,48,49,68,74,123
1,0,11,35,1,2,52,20,1,56,46,47,66,76,123
0,0,12,37,1,3,53,16,1,57,49,50,65,73,123
1,0,10,38,0,4,48,21,1,54,48,48,69,75,123
1,0,17,35,1,3,48,19,1,53,52,53,71,72,125
1,0,9,43,1,4,56,9,1,62,52,53,61,71,124
1,0,12,39,0,4,57,7,0,62,51,51,58,69,120
2,0,10,39,0,4,55,10,1,62,49,49,59,72,121
1,0,12,39,0,4,50,15,0,55,51,51,66,70,121
1,0,13,36,0,4,57,12,1,63,49,49,61,75,124
1,0,11,35,1,2,58,14,0,61,46,47,60,75,122
1,0,11,41,0,3,49,16,0,53,52,52,68,69,121
1,0,12,35,0,4,58,10,0,63,47,47,57,73,120
1,0,12,35,1,4,54,16,0,59,47,48,63,75,123
1,0,11,35,1,3,63,8,0,67,46,47,54,75,122
1,0,13,36,0,4,56,12,1,62,49,49,61,74,123
2,0,14,34,0,3,53,16,0,58,48,48,64,74,122
1,0,11,43,3,3,42,18,0,46,54,57,72,64,121
4,0,12,33,1,4,52,17,1,61,45,46,62,78,124
0,0,13,37,1,6,54,10,0,60,50,51,60,70,121
1,0,13,34,0,3,53,17,0,57,47,47,64,74,121
1,0,12,34,0,4,51,21,1,57,46,46,67,78,124
3,0,13,36,0,2,59,7,1,65,49,49,56,72,121
1,0,14,36,1,3,58,8,0,62,50,51,58,70,121
1,0,13,36,0,3,52,16,0,56,49,49,65,72,121
2,0,12,36,0,4,57,10,0,63,48,48,58,73,121
1,0,10,39,1,4,56,10,1,62,49,50,59,72,122
1,0,13,33,0,3,61,10,1,66,46,46,56,76,122
1,0,15,37,0,4,45,14,5,55,52,52,66,69,121
1,0,12,35,0,4,57,13,1,63,47,47,60,76,123
1,0,13,35,0,3,58,11,1,63,48,48,59,74,122
1,0,12,37,0,2,55,13,0,58,49,49,62,71,120
1,0,12,41,0,2,47,16,2,52,53,53,69,68,121
1,0,13,40,1,3,47,18,1,52,53,54,71,70,124
0,0,13,36,1,4,46,22,1,51,49,50,71,73,123
1,0,13,35,0,4,49,21,1,55,48,48,69,76,124
1,0,12,41,0,2,48,16,0,51,53,53,69,67,120
1,0,12,36,1,2,52,17,1,56,48,49,65,73,122
1,0,14,35,0,2,49,20,0,52,49,49,69,72,121
1,0,11,34,1,3,60,13,0,64,45,46,58,77,123
1,0,11,32,1,3,62,13,1,67,43,44,56,80,124
1,0,12,41,1,3,57,6,1,62,53,54,59,68,122
1,0,12,36,0,5,44,25,1,51,48,48,73,76,124
1,0,11,42,0,4,47,17,0,52,53,53,70,69,122
1,0,10,42,1,2,41,24,0,44,52,53,76,68,121
1,0,11,37,0,2,56,14,1,60,48,48,62,74,122
1,0,13,32,1,2,58,14,0,61,45,46,59,75,121
0,0,13,37,1,4,53,14,0,57,50,51,64,71,122
1,0,11,36,1,2,54,16,0,57,47,48,63,73,121
3,0,11,35,0,2,54,15,1,60,46,46,61,75,121
1,18,10,35,0,2,45,10,1,67,45,45,55,77,122
1,0,10,38,0,4,55,13,0,60,48,48,61,73,121
1,0,12,33,0,4,59,13,1,65,45,45,58,78,123
1,0,14,36,0,3,53,13,0,57,50,50,63,70,120
1,0,13,35,1,2,61,8,1,65,48,49,56,73,122
5,0,10,35,0,3,58,9,0,66,45,45,54,75,120
1,0,12,39,0,0,49,20,1,51,51,51,71,71,122
0,0,11,39,0,2,54,15,0,56,50,50,65,71,121
0,0,11,40,0,2,52,14,1,55,51,51,65,69,120
1,0,14,39,1,6,49,16,0,56,53,54,69,72,126
1,0,13,35,0,1,54,16,1,57,48,48,64,73,121
1,0,10,38,0,2,57,13,0,60,48,48,61,73,121
1,0,12,37,0,3,53,14,1,58,49,49,63,72,121
1,0,12,38,0,3,49,19,0,53,50,50,69,72,122
1,0,11,38,1,2,60,9,0,63,49,50,58,72,122
0,0,12,41,1,3,48,16,1,52,53,54,69,68,122
1,0,12,40,1,2,54,13,1,58,52,53,65,71,124
1,0,15,39,0,5,42,19,1,49,54,54,73,68,122
1,0,14,42,0,5,47,15,1,54,56,56,71,69,125
3,0,11,35,0,4,61,8,0,68,46,46,54,76,122
1,0,11,37,0,2,55,14,1,59,48,48,62,73,121
0,0,12,42,1,1,51,13,0,52,54,55,67,65,120
0,0,14,41,1,3,45,18,0,48,55,56,73,66,122
1,0,11,38,1,4,57,11,0,62,49,50,60,73,123
0,0,13,33,1,3,58,13,1,62,46,47,59,75,122
1,0,11,35,0,2,56,15,1,60,46,46,61,75,121
1,0,11,37,0,3,50,20,0,54,48,48,68,74,122
1,0,12,33,1,5,58,11,1,65,45,46,56,76,122
1,0,11,36,1,2,58,12,1,62,47,48,59,74,122
1,0,15,37,1,1,52,15,0,54,52,53,67,69,122
1,0,13,36,1,4,50,18,0,55,49,50,67,73,123
1,0,13,36,1,4,49,19,0,54,49,50,68,73,123
0,0,11,38,1,3,58,11,0,61,49,50,60,72,122
0,0,16,40,1,4,49,13,1,54,56,57,69,67,124
3,0,12,33,1,2,58,12,1,64,45,46,57,76,122
2,0,11,38,0,5,53,14,1,61,49,49,63,75,124
1,0,13,35,0,4,53,16,0,58,48,48,64,74,122
1,0,16,43,0,3,41,17,1,46,59,59,76,63,122
0,0,12,37,1,2,55,15,0,57,49,50,64,72,122
1,0,11,38,1,3,56,12,0,60,49,50,61,72,122
1,0,11,36,1,4,53,16,1,59,47,48,63,75,123
1,0,13,37,1,4,57,9,1,63,50,51,59,72,123
1,0,13,34,0,2,49,21,0,52,47,47,68,73,120
1,0,12,40,1,4,51,12,1,57,52,53,64,69,122
1,0,10,36,0,2,51,22,1,55,46,46,68,77,123
1,0,11,37,1,3,51,18,1,56,48,49,66,74,123
0,0,13,37,0,3,55,12,1,59,50,50,62,71,121
1,0,11,32,0,4,57,16,0,62,43,43,59,78,121
1,0,14,42,0,0,54,9,1,56,56,56,65,65,121
1,0,9,38,0,4,48,23,1,54,47,47,70,77,124
1,0,12,37,0,6,53,12,0,60,49,49,61,72,121
1,0,13,39,0,2,50,16,0,53,52,52,68,69,121
1,0,12,44,1,4,47,13,2,54,56,57,69,67,124
1,0,10,39,1,2,49,20,0,52,49,50,69,72,122
1,0,11,38,1,4,55,12,1,61,49,50,61,73,123
0,0,14,35,0,4,56,11,1,61,49,49,60,72,121
0,0,11,42,0,5,41,21,2,48,53,53,74,69,122
1,0,11,39,1,2,51,15,1,55,50,51,65,70,121
1,0,15,39,0,4,48,14,0,53,54,54,68,67,121
1,0,11,39,1,2,49,18,0,52,50,51,68,70,121
0,0,12,38,0,4,45,23,0,49,50,50,73,72,122
1,0,16,37,0,3,55,9,0,59,53,53,62,68,121
1,0,12,39,1,7,48,14,1,57,51,52,65,71,123
0,0,13,37,0,2,52,17,1,55,50,50,67,72,122
1,0,14,36,1,6,51,12,1,59,50,51,62,71,122
1,0,15,38,1,5,54,10,1,61,53,54,63,71,125
1,0,12,33,0,3,50,21,0,54,45,45,66,75,120
1,0,12,36,0,4,52,16,0,57,48,48,64,73,121
1,0,13,38,0,2,44,23,1,48,51,51,74,71,122
1,0,10,39,0,5,45,22,1,52,49,49,71,74,123
1,0,13,39,1,3,50,15,0,54,52,53,67,69,122
1,0,14,41,1,2,46,17,0,49,55,56,72,66,122
1,0,12,41,0,3,52,14,1,57,53,53,67,71,124
1,0,13,44,0,2,46,16,1,50,57,57,73,66,123
1,0,12,38,1,2,49,18,1,53,50,51,68,71,122
1,0,11,45,1,3,49,12,0,53,56,57,68,65,122
0,0,13,37,0,3,59,9,0,62,50,50,59,71,121
1,0,15,37,1,5,48,18,0,54,52,53,70,72,125
0,0,11,34,0,3,61,11,0,64,45,45,56,75,120
1,0,13,34,0,2,54,16,0,57,47,47,63,73,120
1,0,12,35,1,3,51,21,1,56,47,48,68,77,125
0,0,14,33,1,3,54,16,0,57,47,48,63,73,121
1,0,12,34,0,3,61,9,1,66,46,46,55,75,121
0,0,11,35,0,4,54,16,0,58,46,46,62,74,120
1,0,13,36,1,3,53,17,0,57,49,50,66,74,124
0,0,12,39,1,4,51,16,0,55,51,52,67,71,123
1,0,12,34,1,4,57,11,2,64,46,47,57,75,122
0,0,12,40,1,5,54,12,1,60,52,53,64,72,125
1,0,16,37,0,1,52,14,0,54,53,53,67,68,121
2,0,13,36,1,2,55,11,1,60,49,50,60,71,121
3,0,14,37,0,2,47,18,1,53,51,51,69,71,122
1,0,12,36,1,3,55,14,0,59,48,49,62,73,122
0,0,15,39,1,4,52,13,1,57,54,55,67,70,125
1,0,12,42,0,3,50,13,1,55,54,54,67,68,122
3,0,12,37,1,3,50,16,1,57,49,50,65,73,123
0,0,12,40,0,3,48,16,1,52,52,52,68,68,120
2,0,11,33,0,3,61,10,0,66,44,44,54,76,120
1,0,12,36,0,3,56,13,1,61,48,48,61,74,122
0,0,11,36,0,3,54,18,1,58,47,47,65,76,123
2,0,13,42,0,2,44,17,0,48,55,55,72,65,120
1,0,9,38,1,4,52,17,0,57,47,48,64,74,122
1,0,13,34,1,3,60,10,1,65,47,48,57,75,123
1,0,14,40,1,3,43,19,1,48,54,55,73,67,122
0,0,15,36,1,4,53,12,1,58,51,52,63,70,122
1,0,15,36,1,5,59,7,1,66,51,52,58,73,125
1,0,11,36,1,2,55,15,1,59,47,48,62,74,122
1,0,13,38,1,3,47,18,1,52,51,52,69,70,122
1,0,12,35,1,5,50,22,1,57,47,48,69,79,127
1,0,10,39,1,3,46,24,1,51,49,50,73,75,125
2,0,12,38,1,2,54,13,0,58,50,51,63,71,122
1,0,15,37,0,2,48,17,0,51,52,52,69,68,120
1,0,11,39,0,5,51,14,0,57,50,50,64,71,121
0,0,13,37,0,3,52,15,0,55,50,50,65,70,120
1,0,13,37,0,3,50,16,0,54,50,50,66,70,120
1,0,12,38,1,3,54,12,1,59,50,51,62,71,122
1,0,10,41,0,5,52,11,0,58,51,51,62,69,120
1,0,13,36,1,5,49,21,0,55,49,50,70,76,126
1,0,12,36,0,3,59,10,1,64,48,48,58,74,122
1,0,11,40,1,4,49,15,0,54,51,52,66,69,121
1,0,12,31,1,5,55,18,0,61,43,44,61,79,123
1,0,13,40,1,4,54,9,1,60,53,54,62,69,123
4,0,13,33,0,3,57,12,1,65,46,46,58,77,123
1,0,13,39,0,5,41,24,1,48,52,52,76,72,124
1,0,12,39,0,2,51,17,0,54,51,51,68,71,122
1,0,12,39,0,4,45,20,1,51,51,51,71,71,122
0,0,12,36,1,5,58,12,1,64,48,49,60,76,125
1,0,11,32,0,2,66,9,1,70,43,43,52,79,122
1,0,12,37,0,2,47,23,1,51,49,49,72,74,123
1,0,10,36,0,2,55,15,1,59,46,46,61,74,120
1,0,13,39,0,3,50,15,0,54,52,52,67,69,121
1,0,11,38,1,2,54,14,1,58,49,50,63,72,122
1,0,14,38,1,4,50,14,0,55,52,53,66,69,122
0,0,12,37,1,3,51,17,0,54,49,50,66,71,121
1,0,14,34,1,5,57,13,0,63,48,49,61,76,125
1,0,15,32,0,4,53,15,0,58,47,47,62,73,120
0,0,12,38,0,3,53,15,0,56,50,50,65,71,121
1,6,12,37,1,2,50,12,1,60,49,50,61,72,122
1,0,12,36,0,2,54,15,1,58,48,48,63,73,121
1,0,12,40,0,5,45,15,2,53,52,52,67,68,120
1,0,13,35,0,4,51,18,1,57,48,48,66,75,123
0,0,10,35,0,3,50,23,0,53,45,45,68,76,121
1,0,12,35,0,2,55,15,1,59,47,47,62,74,121
2,0,13,36,1,3,53,13,1,59,49,50,62,72,122
0,0,14,34,0,4,47,21,0,51,48,48,69,72,120
1,0,13,35,1,4,56,12,1,62,48,49,60,74,123
1,0,12,35,1,4,53,16,1,59,47,48,63,75,123
1,0,12,37,1,4,51,17,1,57,49,50,66,74,124
1,0,15,39,1,3,41,23,0,45,54,55,77,68,123
1,0,13,35,0,5,48,22,0,54,48,48,70,76,124
1,0,11,36,1,3,57,14,1,62,47,48,61,76,124
1,0,15,36,1,4,51,16,1,57,51,52,67,73,125
1,0,12,40,0,4,49,14,0,54,52,52,66,68,120
0,0,11,38,0,3,50,19,0,53,49,49,68,72,121
1,0,13,39,1,2,53,12,1,57,52,53,64,69,122
1,0,14,39,0,4,48,16,0,53,53,53,69,69,122
1,0,13,37,1,4,54,12,0,59,50,51,62,71,122
1,0,13,37,0,3,48,19,0,52,50,50,69,71,121
1,0,12,38,0,4,56,10,1,62,50,50,60,72,122
1,0,11,35,0,2,57,15,1,61,46,46,61,76,122
1,0,12,34,1,3,59,14,1,64,46,47,60,78,125
1,0,12,40,0,3,50,15,1,55,52,52,67,70,122
1,0,13,43,0,2,49,13,1,53,56,56,69,66,122
1,0,10,35,0,4,57,16,1,63,45,45,61,79,124
1,0,13,35,1,4,56,11,1,62,48,49,59,73,122
1,0,15,38,0,0,54,11,2,57,53,53,64,68,121
1,0,12,38,1,4,44,24,0,49,50,51,74,73,124
1,0,12,37,0,2,57,11,1,61,49,49,60,72,121
0,0,12,33,0,5,59,14,0,64,45,45,59,78,123
1,0,11,37,0,1,58,13,0,60,48,48,61,73,121
1,0,11,35,0,3,56,16,1,61,46,46,62,77,123
1,0,15,34,1,3,49,19,1,54,49,50,68,73,123
1,0,10,33,1,3,55,20,1,60,43,44,63,80,124
2,0,16,33,1,5,51,17,1,59,49,50,66,76,126
1,0,13,35,1,2,54,15,1,58,48,49,63,73,122
1,0,13,36,1,2,57,12,1,61,49,50,61,73,123
1,0,9,39,0,3,50,18,1,55,48,48,66,73,121
1,6,12,37,1,3,57,6,0,67,49,50,55,73,123
1,0,16,34,1,2,54,13,0,57,50,51,63,70,121
1,0,12,37,1,5,47,22,1,54,49,50,71,76,126
1,0,11,34,0,3,55,18,0,59,45,45,63,77,122
1,0,14,36,0,2,59,8,1,63,50,50,58,71,121
1,0,10,36,1,5,58,15,1,65,46,47,61,80,127
4,0,13,38,0,4,50,13,0,58,51,51,64,71,122
1,0,14,37,1,4,49,18,1,55,51,52,69,73,125
1,0,11,36,0,2,57,13,1,61,47,47,60,74,121
7,0,12,36,0,4,53,9,1,65,48,48,57,74,122
1,0,12,34,1,4,59,11,1,65,46,47,57,76,123
1,0,13,36,1,3,49,19,1,54,49,50,68,73,123
1,0,10,39,1,3,48,19,1,53,49,50,68,72,122
2,0,13,36,1,3,50,16,1,56,49,50,65,72,122
0,0,11,38,1,2,54,15,0,56,49,50,64,71,121
0,0,12,40,1,4,55,9,1,60,52,53,61,69,122
1,0,13,39,1,2,56,11,0,59,52,53,63,70,123
0,0,11,36,1,5,57,13,1,63,47,48,60,76,124
1,0,10,40,1,2,50,18,1,54,50,51,68,72,123
0,0,13,34,0,4,54,15,1,59,47,47,62,74,121
1,0,12,41,0,4,45,18,2,52,53,53,71,70,123
1,0,12,36,0,3,52,16,1,57,48,48,64,73,121
1,0,15,37,1,3,52,13,1,57,52,53,65,70,123
0,0,10,39,0,6,56,14,0,62,49,49,63,76,125
0,0,14,37,0,4,48,19,1,53,51,51,70,72,123
1,0,14,41,1,4,45,18,0,50,55,56,73,68,124
1,0,12,37,0,5,52,14,0,58,49,49,63,72,121
0,0,12,33,0,3,61,12,0,64,45,45,57,76,121
1,0,16,37,1,3,49,15,1,54,53,54,68,69,123
2,0,11,35,1,4,57,13,1,64,46,47,59,77,124
1,0,15,39,0,3,45,20,0,49,54,54,74,69,123
1,0,12,36,1,3,50,19,0,54,48,49,67,73,122
1,6,12,30,1,8,47,17,1,63,42,43,59,80,123
1,0,14,40,1,2,47,17,1,51,54,55,71,68,123
2,0,13,39,0,0,49,17,1,52,52,52,69,69,121
0,0,12,37,0,3,57,11,0,60,49,49,60,71,120
0,0,11,37,1,4,59,9,1,64,48,49,57,73,122
1,0,12,43,1,3,44,19,0,48,55,56,74,67,123
1,0,13,39,1,3,50,17,1,55,52,53,69,72,125
1,0,14,38,0,4,57,10,1,63,52,52,62,73,125
1,0,13,38,0,4,50,14,1,56,51,51,65,70,121
1,0,14,39,1,4,50,14,0,55,53,54,67,69,123
1,0,13,34,1,4,57,11,1,63,47,48,58,74,122
1,0,10,36,0,3,56,16,1,61,46,46,62,77,123
1,0,10,39,1,3,48,20,1,53,49,50,69,73,123
1,0,11,39,1,2,55,11,0,58,50,51,61,69,120
1,0,12,32,1,4,60,13,0,65,44,45,57,78,123
1,0,12,39,0,3,57,11,0,61,51,51,62,72,123
1,0,12,38,1,5,52,12,0,58,50,51,62,70,121
1,0,14,42,0,3,49,12,0,53,56,56,68,65,121
1,0,12,39,1,3,53,12,0,57,51,52,63,69,121
1,0,12,35,0,4,48,20,1,54,47,47,67,74,121
1,0,14,34,0,4,54,14,0,59,48,48,62,73,121
0,0,10,40,0,6,46,20,1,53,50,50,70,73,123
1,0,13,37,1,10,43,16,1,55,50,51,66,71,122
1,0,14,41,1,3,48,13,1,53,55,56,68,66,122
1,0,11,34,1,5,60,12,0,66,45,46,57,78,124
1,0,11,35,1,3,50,21,1,55,46,47,67,76,123
1,0,10,37,1,5,58,12,0,64,47,48,59,76,124
1,0,13,39,1,3,47,18,1,52,52,53,70,70,123
0,0,13,39,1,3,49,16,0,52,52,53,68,68,121
1,0,11,37,0,3,52,16,1,57,48,48,64,73,121
0,0,12,37,1,3,54,14,1,58,49,50,63,72,122
1,0,10,41,0,2,39,25,2,44,51,51,76,69,120
1,0,14,39,1,1,55,10,1,58,53,54,63,68,122
1,0,16,35,0,3,52,14,1,57,51,51,65,71,122
1,0,16,35,0,2,51,15,0,54,51,51,66,69,120
1,0,14,38,0,2,51,13,1,55,52,52,65,68,120
1,0,14,35,1,6,49,19,0,56,49,50,68,75,125
1,0,13,33,1,5,61,11,1,68,46,47,57,79,126
1,0,11,38,2,2,52,15,1,56,49,51,64,71,122
1,0,13,39,0,3,53,13,1,58,52,52,65,71,123
1,0,12,38,1,3,56,10,1,61,50,51,60,71,122
1,0,11,38,1,6,47,22,1,55,49,50,71,77,127
1,0,11,42,1,3,51,15,0,55,53,54,68,70,124
0,0,10,37,0,3,50,21,1,54,47,47,68,75,122
0,0,13,37,1,2,56,12,1,59,50,51,62,71,122
2,0,13,32,1,3,54,14,2,61,45,46,59,75,121
1,0,12,40,0,4,52,13,1,58,52,52,65,71,123
1,0,9,37,1,3,57,14,0,61,46,47,60,75,122
1,0,12,38,0,3,54,12,1,59,50,50,62,71,121
1,0,10,35,0,4,61,10,0,66,45,45,55,76,121
2,0,11,32,0,6,61,11,0,69,43,43,54,80,123
1,0,14,39,1,2,52,13,0,55,53,54,66,68,122
1,0,12,39,1,5,46,20,0,52,51,52,71,72,124
1,0,13,36,0,4,51,19,1,57,49,49,68,76,125
1,0,13,39,1,4,55,9,0,60,52,53,61,69,122
0,0,13,41,1,2,51,13,0,53,54,55,67,66,121
1,0,14,35,1,4,50,16,0,55,49,50,65,71,121
1,0,14,41,1,5,53,10,0,59,55,56,65,69,125
3,0,13,35,0,4,58,9,0,65,48,48,57,74,122
1,0,14,34,0,2,56,14,0,59,48,48,62,73,121
1,0,12,38,0,4,47,19,0,52,50,50,69,71,121
0,0,12,43,0,2,50,14,0,52,55,55,69,66,121
1,0,14,33,0,6,58,10,1,66,47,47,57,76,123
1,0,14,37,1,4,46,20,0,51,51,52,71,71,123
1,0,14,40,0,3,48,14,0,52,54,54,68,66,120
1,0,14,40,0,3,44,19,1,49,54,54,73,68,122
1,0,12,40,0,3,44,21,0,48,52,52,73,69,121
1,0,11,40,0,2,53,14,0,56,51,51,65,70,121
1,0,13,40,1,2,44,18,2,49,53,54,71,67,121
1,0,13,42,0,4,42,18,0,47,55,55,73,65,120
0,0,12,35,1,2,57,14,1,60,47,48,61,74,122
1,0,13,35,1,3,55,14,0,59,48,49,62,73,122
1,0,12,40,0,2,50,15,0,53,52,52,67,68,120
1,0,11,35,2,3,57,12,1,62,46,48,58,74,122
3,0,13,36,0,4,50,14,0,57,49,49,63,71,120
1,0,13,34,1,4,50,18,0,55,47,48,65,73,121
1,0,12,39,0,3,47,19,0,51,51,51,70,70,121
3,0,11,36,0,5,58,9,1,67,47,47,56,76,123
1,0,12,36,1,2,49,21,1,53,48,49,69,74,123
0,0,11,39,1,5,49,16,1,55,50,51,66,71,122
0,0,11,38,1,4,47,17,4,55,49,50,66,72,122
1,0,14,36,1,3,49,19,1,54,50,51,69,73,124
0,0,13,39,0,3,48,17,0,51,52,52,69,68,120
1,0,15,37,0,4,57,8,1,63,52,52,60,71,123
1,0,14,38,0,1,51,15,1,54,52,52,67,69,121
1,0,13,38,1,5,49,16,1,56,51,52,67,72,124
1,0,11,38,0,3,42,26,1,47,49,49,75,73,122
1,0,12,36,1,5,56,14,1,63,48,49,62,77,126
0,0,14,31,1,5,59,14,1,65,45,46,59,79,125
1,0,12,43,1,3,44,18,0,48,55,56,73,66,122
1,0,12,42,1,2,46,18,1,50,54,55,72,68,123
0,0,12,41,1,3,50,15,1,54,53,54,68,69,123
0,9,10,40,0,2,45,13,1,57,50,50,63,70,120
1,0,11,43,0,3,50,15,1,55,54,54,69,70,124
1,0,12,39,1,4,55,11,1,61,51,52,62,72,124
1,0,15,37,0,4,48,18,0,53,52,52,70,71,123
2,0,12,34,0,2,60,11,1,65,46,46,57,76,122
1,0,13,33,0,3,59,12,1,64,46,46,58,76,122
0,0,10,39,0,3,44,25,0,47,49,49,74,72,121
1,0,13,38,0,4,52,15,1,58,51,51,66,73,124
1,0,12,37,1,2,54,14,0,57,49,50,63,71,121
1,0,13,36,0,1,55,15,1,58,49,49,64,73,122
1,0,15,37,1,2,49,16,1,53,52,53,68,69,122
1,0,13,34,1,3,51,20,0,55,47,48,67,75,123
0,0,12,41,0,3,50,14,0,53,53,53,67,67,120
1,0,12,37,0,4,56,10,1,62,49,49,59,72,121
1,0,12,37,0,3,54,14,0,58,49,49,63,72,121
1,0,14,42,1,4,47,13,0,52,56,57,69,65,122
1,0,11,37,1,6,50,17,1,58,48,49,65,75,124
0,0,13,36,0,4,54,15,1,59,49,49,64,74,123
1,0,10,40,1,4,47,19,1,53,50,51,69,72,123
1,0,14,36,0,2,57,11,1,61,50,50,61,72,122
1,0,11,35,0,4,49,23,1,55,46,46,69,78,124
1,0,13,38,0,3,49,16,1,54,51,51,67,70,121
1,0,9,37,0,4,56,15,1,62,46,46,61,77,123
1,0,13,37,1,4,55,11,1,61,50,51,61,72,123
1,0,12,38,1,2,48,19,1,52,50,51,69,71,122
0,0,10,33,1,3,60,14,0,63,43,44,57,77,121
1,0,11,39,1,4,46,23,1,52,50,51,73,75,126
1,0,9,38,1,5,54,17,1,61,47,48,64,78,126
0,0,12,35,0,4,60,10,1,65,47,47,57,75,122
1,0,13,34,1,4,59,9,0,64,47,48,56,73,121
1,0,14,34,1,3,53,14,0,57,48,49,62,71,120
1,0,14,42,1,4,45,15,1,51,56,57,71,66,123
3,0,9,38,0,4,46,22,0,53,47,47,69,75,122
1,0,11,32,0,3,59,15,1,64,43,43,58,79,122
1,0,14,34,1,3,53,14,1,58,48,49,62,72,121
1,0,12,32,0,3,60,14,0,64,44,44,58,78,122
2,0,12,40,0,3,54,11,0,59,52,52,63,70,122
1,0,13,35,0,4,55,14,0,60,48,48,62,74,122
1,0,14,33,1,3,53,17,0,57,47,48,64,74,122
1,0,11,41,0,3,50,15,0,54,52,52,67,69,121
1,0,11,41,0,4,52,13,0,57,52,52,65,70,122
0,0,12,36,1,3,50,19,1,54,48,49,67,73,122
1,0,12,38,0,3,52,15,0,56,50,50,65,71,121
0,0,13,36,0,6,51,14,1,58,49,49,63,72,121
1,0,11,34,0,3,55,16,1,60,45,45,61,76,121
1,0,11,38,0,2,55,14,1,59,49,49,63,73,122
1,0,14,38,1,2,52,13,0,55,52,53,65,68,121
1,0,13,39,0,3,53,13,0,57,52,52,65,70,122
0,0,12,40,0,5,55,11,1,61,52,52,63,72,124
0,0,13,40,0,3,48,15,2,53,53,53,68,68,121
1,0,13,40,1,3,51,13,1,56,53,54,66,69,123
1,0,14,34,0,2,62,9,0,65,48,48,57,74,122
1,0,11,37,1,3,57,13,0,61,48,49,61,74,123
1,0,12,38,1,4,57,9,1,63,50,51,59,72,123
0,0,11,40,0,0,56,12,1,57,51,51,63,69,120
1,0,10,36,0,2,55,16,1,59,46,46,62,75,121
1,0,14,32,1,3,61,10,1,66,46,47,56,76,123
1,0,13,36,0,5,57,13,1,64,49,49,62,77,126
1,0,11,36,0,5,53,19,0,59,47,47,66,78,125
1,0,13,38,1,4,48,17,0,53,51,52,68,70,122
1,0,17,32,0,5,58,11,0,64,49,49,60,75,124
1,0,11,37,0,3,54,16,1,59,48,48,64,75,123
1,0,11,37,0,3,49,21,0,53,48,48,69,74,122
1,0,15,37,1,2,53,12,0,56,52,53,64,68,121
1,0,12,41,0,3,48,15,0,52,53,53,68,67,120
1,0,11,41,0,3,53,12,1,58,52,52,64,70,122
1,0,11,37,1,4,49,22,1,55,48,49,70,77,126
1,0,13,40,1,3,49,12,3,56,53,54,65,68,122
2,0,11,35,0,4,55,13,1,62,46,46,59,75,121
2,0,11,38,0,3,54,13,1,60,49,49,62,73,122
1,0,12,34,1,2,53,19,1,57,46,47,65,76,123
1,0,10,35,1,5,62,9,0,68,45,46,54,77,123
1,0,11,39,1,6,52,13,0,59,50,51,63,72,123
1,0,12,36,0,2,55,14,1,59,48,48,62,73,121
1,0,14,40,0,5,54,7,1,61,54,54,61,68,122
1,0,12,40,1,2,49,17,0,52,52,53,69,69,122
1,0,13,36,0,5,55,13,1,62,49,49,62,75,124
1,6,14,36,0,1,46,16,0,54,50,50,66,70,120
0,0,15,36,1,4,53,15,0,57,51,52,66,72,124
2,9,13,29,0,4,54,8,1,70,42,42,50,78,120
4,0,13,34,0,3,50,16,0,57,47,47,63,73,120
0,0,12,36,0,3,55,15,1,59,48,48,63,74,122
1,0,13,40,0,4,52,13,1,58,53,53,66,71,124
1,0,13,43,0,3,48,13,1,53,56,56,69,66,122
1,0,14,38,0,4,54,9,1,60,52,52,61,69,121
0,0,11,37,0,3,55,14,0,58,48,48,62,72,120
1,0,12,39,1,4,52,12,0,57,51,52,63,69,121
1,0,14,35,0,4,59,11,0,64,49,49,60,75,124
1,0,11,33,1,3,62,11,0,66,44,45,55,77,122
0,0,12,45,1,3,41,18,1,45,57,58,75,63,121
1,0,13,39,0,3,53,13,0,57,52,52,65,70,122
1,0,11,38,0,4,56,12,0,61,49,49,61,73,122
1,0,14,38,1,3,54,12,0,58,52,53,64,70,123
0,0,12,41,0,4,46,18,0,50,53,53,71,68,121
1,0,12,38,0,4,50,17,1,56,50,50,67,73,123
1,0,11,38,1,1,56,14,0,58,49,50,63,72,122
1,0,14,38,0,3,54,12,0,58,52,52,64,70,122
1,0,13,36,0,2,59,9,1,63,49,49,58,72,121
3,0,12,40,0,4,47,16,1,55,52,52,68,71,123
1,0,13,37,0,4,53,14,0,58,50,50,64,72,122
1,0,13,34,1,4,58,11,1,64,47,48,58,75,123
1,0,13,33,0,3,63,8,1,68,46,46,54,76,122
0,0,11,42,1,3,52,13,1,56,53,54,66,69,123
1,0,12,33,1,3,48,24,1,53,45,46,69,77,123
1,0,15,38,0,3,43,22,1,48,53,53,75,70,123
0,0,12,40,0,6,49,13,1,56,52,52,65,69,121
0,0,11,39,1,3,53,15,1,57,50,51,65,72,123
1,0,13,35,0,2,46,22,1,50,48,48,70,72,120
1,0,11,36,1,2,57,13,1,61,47,48,60,74,122
0,0,9,41,1,2,55,13,0,57,50,51,63,70,121
1,0,14,35,1,2,54,14,0,57,49,50,63,71,121
1,0,13,34,1,4,58,12,1,64,47,48,59,76,124
1,0,12,40,0,2,53,12,1,57,52,52,64,69,121
1,0,13,34,1,4,56,12,0,61,47,48,59,73,121
1,0,12,35,1,3,55,15,1,60,47,48,62,75,123
0,0,12,35,0,4,53,17,1,58,47,47,64,75,122
0,0,13,40,0,5,48,17,1,54,53,53,70,71,124
1,0,13,43,1,5,46,17,1,53,56,57,73,70,127
1,0,12,35,1,4,53,19,0,58,47,48,66,77,125
1,0,11,40,1,2,52,14,0,55,51,52,65,69,121
2,0,11,36,0,3,50,18,0,55,47,47,65,73,120
1,0,15,36,0,5,52,13,1,59,51,51,64,72,123
1,0,13,38,0,2,54,13,0,57,51,51,64,70,121
1,0,11,37,1,4,50,19,0,55,48,49,67,74,123
0,0,10,38,0,2,50,20,1,53,48,48,68,73,121
1,0,14,34,0,3,54,14,1,59,48,48,62,73,121
1,0,11,38,0,2,48,21,0,51,49,49,70,72,121
1,0,11,39,1,4,48,20,0,53,50,51,70,73,124
1,0,13,37,0,1,51,18,1,54,50,50,68,72,122
1,0,10,36,1,3,55,16,1,60,46,47,62,76,123
1,0,12,35,0,3,52,17,1,57,47,47,64,74,121
3,0,10,34,0,5,62,6,1,71,44,44,50,77,121
1,0,18,35,1,3,51,14,0,55,53,54,67,69,123
1,0,13,37,1,6,55,12,1,63,50,51,62,75,126
1,0,13,37,1,3,52,14,1,57,50,51,64,71,122
1,0,10,43,1,5,53,12,1,60,53,54,65,72,126
1,0,9,41,1,3,42,25,0,46,50,51,75,71,122
1,0,14,37,0,4,56,10,1,62,51,51,61,72,123
1,0,10,37,1,2,61,10,1,65,47,48,57,75,123
1,0,14,37,1,3,51,16,1,56,51,52,67,72,124
0,0,10,36,0,3,53,18,1,57,46,46,64,75,121
1,0,11,39,0,2,48,20,1,52,50,50,70,72,122
1,0,12,37,1,3,55,13,0,59,49,50,62,72,122
0,0,15,35,1,3,56,11,0,59,50,51,61,70,121
1,0,11,37,0,3,54,15,1,59,48,48,63,74,122
0,0,13,39,0,4,57,7,0,61,52,52,59,68,120
1,0,13,39,0,2,52,13,1,56,52,52,65,69,121
1,0,14,35,1,2,53,15,1,57,49,50,64,72,122
1,0,11,41,1,4,51,14,1,57,52,53,66,71,124
1,0,14,34,0,2,56,14,1,60,48,48,62,74,122
1,0,11,40,1,5,51,16,0,57,51,52,67,73,125
0,0,12,39,1,4,51,14,1,56,51,52,65,70,122
1,0,13,40,1,3,48,16,1,53,53,54,69,69,123
1,0,12,42,1,3,46,18,0,50,54,55,72,68,123
0,0,12,43,1,3,50,13,0,53,55,56,68,66,122
1,0,15,34,1,2,52,15,1,56,49,50,64,71,121
1,0,13,39,1,5,54,12,0,60,52,53,64,72,125
1,0,12,34,1,4,51,19,0,56,46,47,65,75,122
1,0,11,41,1,3,55,10,1,60,52,53,62,70,123
1,0,13,37,0,3,52,15,1,57,50,50,65,72,122
2,0,15,37,1,3,50,13,0,55,52,53,65,68,121
1,0,14,35,0,3,55,14,0,59,49,49,63,73,122
2,0,12,32,0,0,59,15,1,62,44,44,59,77,121
0,0,10,38,1,4,62,9,1,67,48,49,57,76,125
1,0,11,41,1,5,49,15,1,56,52,53,67,71,124
0,0,11,39,0,3,58,10,1,62,50,50,60,72,122
1,0,15,37,1,3,49,17,0,53,52,53,69,70,123
0,0,13,38,0,4,57,8,1,62,51,51,59,70,121
0,0,12,41,0,4,45,21,0,49,53,53,74,70,123
1,0,11,35,1,5,61,10,0,67,46,47,56,77,124
0,0,12,39,0,4,46,21,1,51,51,51,72,72,123
1,0,13,34,1,1,57,15,0,59,47,48,62,74,122
1,0,11,36,1,3,57,13,1,62,47,48,60,75,123
0,0,13,36,0,4,58,10,1,63,49,49,59,73,122
1,0,10,36,0,3,49,20,1,54,46,46,66,74,120
1,0,11,36,0,2,59,12,1,63,47,47,59,75,122
1,0,14,34,0,4,59,11,1,65,48,48,59,76,124
1,0,11,42,1,5,52,14,0,58,53,54,67,72,126
1,0,12,36,1,3,55,15,0,59,48,49,63,74,123
0,0,14,38,0,4,54,12,1,59,52,52,64,71,123
1,0,9,33,0,4,62,14,0,67,42,42,56,81,123
1,0,13,36,1,2,53,16,1,57,49,50,65,73,123
1,0,13,39,0,2,52,13,1,56,52,52,65,69,121
1,0,10,37,0,3,52,17,0,56,47,47,64,73,120
1,0,15,39,0,4,53,11,1,59,54,54,65,70,124
1,0,18,36,1,4,48,14,1,54,54,55,68,68,123
1,0,13,38,1,4,55,12,0,60,51,52,63,72,124
1,0,12,40,0,3,48,16,1,53,52,52,68,69,121
0,0,12,37,1,3,57,13,0,60,49,50,62,73,123
0,0,11,39,1,2,50,17,1,53,50,51,67,70,121
1,0,12,37,0,3,50,17,1,55,49,49,66,72,121
1,0,11,38,0,3,51,17,0,55,49,49,66,72,121
1,0,13,33,0,1,50,23,0,52,46,46,69,75,121
2,0,13,36,1,5,57,11,1,65,49,50,60,76,126
1,0,13,39,0,3,53,12,1,58,52,52,64,70,122
0,0,14,31,1,4,62,9,1,67,45,46,54,76,122
1,0,10,33,0,4,60,13,0,65,43,43,56,78,121
11,0,10,39,1,3,46,11,1,61,49,50,60,72,122
1,0,11,37,1,7,55,9,1,64,48,49,57,73,122
1,0,15,34,0,4,56,11,1,62,49,49,60,73,122
3,0,11,36,0,4,55,13,0,62,47,47,60,75,122
2,0,11,38,0,2,51,16,1,56,49,49,65,72,121
1,0,12,34,1,2,55,17,1,59,46,47,63,76,123
1,0,13,39,1,3,56,11,0,60,52,53,63,71,124
1,0,14,36,1,3,54,14,0,58,50,51,64,72,123
1,0,11,37,0,3,55,15,1,60,48,48,63,75,123
1,0,11,34,1,2,56,15,1,60,45,46,60,75,121
2,0,10,38,0,5,51,17,1,59,48,48,65,76,124
1,0,12,38,0,0,52,17,1,54,50,50,67,71,121
1,0,14,39,1,4,52,13,0,57,53,54,66,70,124
1,0,13,39,1,2,50,16,1,54,52,53,68,70,123
1,0,11,35,0,4,57,13,1,63,46,46,59,76,122
2,0,11,37,1,3,53,14,0,58,48,49,62,72,121
1,0,13,38,0,5,52,11,1,59,51,51,62,70,121
1,0,11,37,0,3,56,14,1,61,48,48,62,75,123
1,0,10,42,0,2,45,20,0,48,52,52,72,68,120
1,0,11,37,0,4,51,16,0,56,48,48,64,72,120
1,0,12,37,1,2,51,18,0,54,49,50,67,72,122
1,0,14,39,1,4,48,15,1,54,53,54,68,69,123
4,0,13,31,1,3,53,16,1,61,44,45,60,77,122
1,0,11,35,1,3,49,22,0,53,46,47,68,75,122
1,0,14,38,0,4,51,14,0,56,52,52,66,70,122
0,0,13,34,0,4,53,17,1,58,47,47,64,75,122
2,0,13,35,1,3,51,18,1,57,48,49,66,75,124
0,0,12,38,1,3,48,19,1,52,50,51,69,71,122
1,0,11,34,1,5,64,7,1,71,45,46,52,78,124
1,0,12,39,1,3,43,25,1,48,51,52,76,73,125
1,0,14,36,1,2,54,14,0,57,50,51,64,71,122
1,0,11,37,0,5,42,29,0,48,48,48,77,77,125
0,0,12,38,0,4,56,11,0,60,50,50,61,71,121
1,0,13,36,0,3,58,10,0,62,49,49,59,72,121
1,0,11,35,1,4,64,9,1,70,46,47,55,79,126
1,0,13,35,1,5,55,14,0,61,48,49,62,75,124
1,0,13,40,0,4,46,18,1,52,53,53,71,70,123
1,0,11,36,0,2,53,17,2,58,47,47,64,75,122
1,0,12,38,1,3,51,16,0,55,50,51,66,71,122
0,0,9,38,1,1,55,17,0,56,47,48,64,73,121
1,0,13,39,1,4,48,15,1,54,52,53,67,69,122
1,0,13,33,0,2,52,18,1,56,46,46,64,74,120
1,0,13,37,1,3,51,16,1,56,50,51,66,72,123
1,0,14,33,1,3,56,14,1,61,47,48,61,75,123
0,0,10,41,1,4,51,15,0,55,51,52,66,70,122
0,0,16,35,0,4,54,12,1,59,51,51,63,71,122
0,0,12,36,0,3,53,18,1,57,48,48,66,75,123
1,0,11,39,0,2,50,17,1,54,50,50,67,71,121
7,0,12,36,1,5,48,13,1,61,48,49,61,74,123
0,0,15,38,0,3,49,15,0,52,53,53,68,67,120
1,0,12,35,0,3,52,17,1,57,47,47,64,74,121
1,0,12,40,0,3,50,15,0,54,52,52,67,69,121
1,0,13,39,0,4,47,20,1,53,52,52,72,73,125
1,0,12,37,1,2,46,19,3,52,49,50,68,71,121
1,0,14,37,0,3,48,18,1,53,51,51,69,71,122
1,0,15,35,1,3,62,6,1,67,50,51,56,73,124
1,0,11,39,1,5,55,12,0,61,50,51,62,73,124
1,0,15,36,0,3,47,18,0,51,51,51,69,69,120
0,0,12,34,1,4,52,18,0,56,46,47,64,74,121
1,0,12,35,0,2,44,27,0,47,47,47,74,74,121
1,0,12,33,1,2,60,13,1,64,45,46,58,77,123
1,0,16,38,1,3,48,14,1,53,54,55,68,67,122
2,0,13,35,1,4,57,11,1,64,48,49,59,75,124
0,0,11,36,1,4,53,17,1,58,47,48,64,75,123
1,0,12,37,1,2,53,17,0,56,49,50,66,73,123
1,0,12,39,1,3,49,17,0,53,51,52,68,70,122
1,0,13,41,1,4,42,21,0,47,54,55,75,68,123
1,0,12,35,1,5,56,11,0,62,47,48,58,73,121
1,0,11,38,1,5,51,15,1,58,49,50,64,73,123
1,0,11,37,1,3,53,16,0,57,48,49,64,73,122
1,0,9,40,0,4,54,15,1,60,49,49,64,75,124
1,0,10,37,0,5,52,15,1,59,47,47,62,74,121
1,0,12,39,1,3,50,17,1,55,51,52,68,72,124
1,0,11,40,1,2,50,17,1,54,51,52,68,71,123
1,0,12,39,1,2,52,14,1,56,51,52,65,70,122
1,0,12,35,0,5,53,15,0,59,47,47,62,74,121
1,0,13,33,0,4,61,11,0,66,46,46,57,77,123
1,0,14,35,1,4,53,14,0,58,49,50,63,72,122
2,0,13,39,1,3,51,13,0,56,52,53,65,69,122
0,0,13,38,0,4,49,18,0,53,51,51,69,71,122
1,0,12,36,0,3,58,11,0,62,48,48,59,73,121
1,0,14,34,0,2,53,16,0,56,48,48,64,72,120
1,0,13,34,0,4,55,13,0,60,47,47,60,73,120
1,0,12,33,0,3,60,11,1,65,45,45,56,76,121
1,0,14,38,1,2,48,16,1,52,52,53,68,68,121
1,0,14,40,1,4,48,16,0,53,54,55,70,69,124
1,0,15,35,0,4,58,9,0,63,50,50,59,72,122
1,0,12,30,1,3,59,14,1,64,42,43,56,78,121
1,0,12,37,0,1,54,15,1,57,49,49,64,72,121
1,0,9,40,0,0,56,14,1,58,49,49,63,72,121
1,0,11,39,1,5,51,13,0,57,50,51,63,70,121
1,0,12,36,1,4,62,8,0,67,48,49,56,75,124
1,0,10,38,1,5,53,13,0,59,48,49,61,72,121
1,0,10,38,0,3,48,20,0,52,48,48,68,72,120
1,0,12,37,0,2,54,15,0,57,49,49,64,72,121
1,0,12,42,1,4,52,11,1,58,54,55,65,69,124
1,0,13,39,0,4,48,17,1,54,52,52,69,71,123
0,0,11,34,0,5,56,14,1,62,45,45,59,76,121
1,0,14,38,1,4,46,17,0,51,52,53,69,68,121
0,0,12,39,0,5,54,14,1,60,51,51,65,74,125
1,0,12,37,0,3,49,19,0,53,49,49,68,72,121
1,0,11,37,1,3,46,24,0,50,48,49,72,74,123
0,0,12,39,1,4,50,17,1,55,51,52,68,72,124
1,0,11,38,1,3,55,13,0,59,49,50,62,72,122
1,0,13,37,0,4,52,13,1,58,50,50,63,71,121
1,0,12,36,1,3,52,17,1,57,48,49,65,74,123
1,0,13,33,0,4,63,9,0,68,46,46,55,77,123
1,0,12,35,0,6,55,12,0,62,47,47,59,74,121
2,0,11,37,1,3,54,13,1,60,48,49,61,73,122
1,0,13,41,0,4,48,17,1,54,54,54,71,71,125
1,0,12,41,0,8,48,10,0,57,53,53,63,67,120
1,0,11,37,0,6,55,14,1,63,48,48,62,77,125
1,0,10,40,0,4,53,15,0,58,50,50,65,73,123
1,0,13,31,1,4,59,12,1,65,44,45,56,77,122
1,0,13,36,1,5,53,13,1,60,49,50,62,73,123
1,0,14,34,3,3,54,12,1,59,48,51,60,71,122
1,0,12,36,1,3,50,19,0,54,48,49,67,73,122
1,0,13,37,0,4,47,18,1,53,50,50,68,71,121
0,0,12,39,0,3,48,18,1,52,51,51,69,70,121
1,0,10,39,1,4,50,18,1,56,49,50,67,74,124
0,0,13,37,1,7,52,11,0,59,50,51,61,70,121
1,0,12,36,1,3,58,11,1,63,48,49,59,74,123
1,0,13,37,0,3,56,11,1,61,50,50,61,72,122
1,0,12,37,0,3,50,16,1,55,49,49,65,71,120
1,0,13,35,1,5,52,15,1,59,48,49,63,74,123
2,0,12,36,0,3,58,11,1,64,48,48,59,75,123
1,0,11,43,0,4,51,11,0,56,54,54,65,67,121
2,0,11,39,1,4,53,13,1,60,50,51,63,73,124
0,0,12,39,1,2,53,15,0,55,51,52,66,70,122
3,0,12,39,0,4,52,11,0,59,51,51,62,70,121
1,0,13,37,0,5,53,15,1,60,50,50,65,75,125
1,0,13,33,0,4,54,19,0,59,46,46,65,78,124
1,0,13,36,1,5,52,14,1,59,49,50,63,73,123
1,0,11,34,1,2,55,18,1,59,45,46,63,77,123
1,0,8,41,0,3,45,25,1,50,49,49,74,75,124
0,0,13,36,0,2,51,18,1,54,49,49,67,72,121
1,0,13,33,0,3,65,7,1,70,46,46,53,77,123
1,0,14,40,1,4,49,13,1,55,54,55,67,68,123
0,0,15,38,3,4,48,12,1,53,53,56,65,65,121
1,0,12,40,1,2,52,15,0,55,52,53,67,70,123
1,0,10,39,0,2,54,16,1,58,49,49,65,74,123
1,0,10,40,0,3,57,9,1,62,50,50,59,71,121
1,0,13,35,0,4,46,22,0,51,48,48,70,73,121
0,0,10,39,1,4,50,17,1,55,49,50,66,72,122
1,0,15,36,0,4,52,15,1,58,51,51,66,73,124
1,0,13,33,0,3,54,19,1,59,46,46,65,78,124
1,0,11,35,1,3,58,13,1,63,46,47,59,76,123
2,0,14,36,1,2,49,18,0,53,50,51,68,71,122
1,0,15,35,1,3,54,13,1,59,50,51,63,72,123
0,0,11,38,1,4,52,17,0,56,49,50,66,73,123
0,0,11,42,0,3,47,18,0,50,53,53,71,68,121
1,0,11,38,1,3,47,22,0,51,49,50,71,73,123
1,0,11,37,1,3,51,18,1,56,48,49,66,74,123
1,0,14,35,1,3,50,18,1,55,49,50,67,73,123
1,0,11,36,0,3,54,14,1,59,47,47,61,73,120
2,0,11,38,1,4,56,9,0,62,49,50,58,71,121
1,0,12,38,1,5,54,13,1,61,50,51,63,74,125
1,0,14,36,0,2,52,15,1,56,50,50,65,71,121
1,0,12,35,1,2,59,11,1,63,47,48,58,74,122
1,0,9,39,1,4,52,18,1,58,48,49,66,76,125
0,0,12,34,1,3,55,15,1,59,46,47,61,74,121
0,0,12,43,0,4,45,17,2,51,55,55,72,68,123
1,0,10,36,0,4,53,20,1,59,46,46,66,79,125
5,0,9,33,1,1,58,14,0,64,42,43,56,78,121
1,0,14,40,0,4,50,14,0,55,54,54,68,69,123
1,0,11,35,1,2,51,19,1,55,46,47,65,74,121
1,0,13,36,1,3,56,14,0,60,49,50,63,74,124
2,0,14,39,1,2,52,11,0,56,53,54,64,67,121
3,0,10,38,0,4,51,16,0,58,48,48,64,74,122
1,0,13,35,0,3,54,16,0,58,48,48,64,74,122
1,0,13,33,1,6,56,15,0,63,46,47,61,78,125
1,0,14,34,1,8,56,7,0,65,48,49,55,72,121
2,0,10,36,1,2,45,24,2,51,46,47,70,75,122
0,0,11,37,1,2,56,14,1,59,48,49,62,73,122
1,0,12,39,0,3,49,18,0,53,51,51,69,71,122
0,0,13,36,0,4,55,13,0,59,49,49,62,72,121
1,0,13,38,0,4,52,14,1,58,51,51,65,72,123
1,0,13,38,1,3,42,23,1,47,51,52,74,70,122
0,0,14,37,1,3,51,15,1,55,51,52,66,70,122
1,0,13,34,0,4,57,14,0,62,47,47,61,76,123
1,0,10,34,0,3,56,18,1,61,44,44,62,79,123
1,0,12,37,0,2,55,14,0,58,49,49,63,72,121
0,0,11,40,0,2,51,16,1,54,51,51,67,70,121
2,0,14,36,1,3,51,13,1,57,50,51,63,70,121
0,0,13,37,1,2,52,16,1,55,50,51,66,71,122
1,0,12,34,1,4,54,17,1,60,46,47,63,77,124
3,0,13,40,1,2,47,15,1,53,53,54,68,68,122
1,0,11,36,0,4,46,23,1,52,47,47,70,75,122
1,0,14,34,0,2,53,16,1,57,48,48,64,73,121
0,0,12,35,1,2,62,10,0,64,47,48,57,74,122
1,0,12,38,1,2,53,15,0,56,50,51,65,71,122
1,0,13,34,0,4,50,21,1,56,47,47,68,77,124
1,0,13,37,1,4,45,21,1,51,50,51,71,72,123
0,0,13,41,0,5,52,9,0,57,54,54,63,66,120
1,0,12,41,0,5,48,14,1,55,53,53,67,69,122
0,0,13,35,0,3,59,10,0,62,48,48,58,72,120
1,0,12,39,0,5,48,18,1,55,51,51,69,73,124
1,0,14,37,1,4,56,11,0,61,51,52,62,72,124
0,0,13,36,1,1,55,15,0,56,49,50,64,71,121
2,0,13,40,1,3,50,13,0,55,53,54,66,68,122
1,0,12,39,0,3,53,15,0,57,51,51,66,72,123
1,0,15,33,1,4,59,9,0,64,48,49,57,73,122
2,0,14,35,1,4,55,8,3,64,49,50,57,72,122
2,0,10,38,1,5,49,18,1,57,48,49,66,75,124
1,0,13,32,1,3,52,21,1,57,45,46,66,78,124
1,0,11,35,0,3,53,19,0,57,46,46,65,76,122
0,0,14,40,0,3,52,10,2,57,54,54,64,67,121
1,0,11,34,1,5,59,14,0,65,45,46,59,79,125
1,0,12,40,0,4,43,23,0,48,52,52,75,71,123
1,0,14,35,1,3,55,12,0,59,49,50,61,71,121
1,0,14,36,0,4,48,18,0,53,50,50,68,71,121
1,0,12,40,1,3,49,16,1,54,52,53,68,70,123
1,0,10,35,1,3,52,21,0,56,45,46,66,77,123
2,0,14,34,1,4,58,9,1,65,48,49,57,74,123
0,0,11,38,1,3,54,14,1,58,49,50,63,72,122
1,0,13,37,1,3,52,16,0,56,50,51,66,72,123
0,0,13,38,1,2,53,14,1,56,51,52,65,70,122
1,0,11,36,1,4,57,14,1,63,47,48,61,77,125
1,0,13,36,0,2,48,21,1,52,49,49,70,73,122
0,0,14,36,0,4,47,19,0,51,50,50,69,70,120
1,0,12,36,1,4,54,15,1,60,48,49,63,75,124
1,0,12,36,0,4,54,15,0,59,48,48,63,74,122
0,0,15,36,1,0,51,18,1,52,51,52,69,70,122
2,0,12,38,1,2,54,13,0,58,50,51,63,71,122
0,0,13,37,0,3,52,15,0,55,50,50,65,70,120
1,0,12,35,1,5,44,28,1,51,47,48,75,79,127
1,0,15,39,1,3,55,8,1,60,54,55,62,68,123
1,0,10,35,0,3,56,17,0,60,45,45,62,77,122
1,0,14,38,1,3,47,16,1,52,52,53,68,68,121
1,0,13,38,1,4,51,15,1,57,51,52,66,72,124
1,0,12,34,1,2,53,19,0,56,46,47,65,75,122
1,0,12,37,1,2,56,14,1,60,49,50,63,74,124
1,0,12,37,1,3,49,18,2,55,49,50,67,73,123
0,6,12,36,0,3,54,9,1,64,48,48,57,73,121
1,0,11,36,1,3,60,11,1,65,47,48,58,76,124
1,0,13,38,1,3,48,18,1,53,51,52,69,71,123
0,0,14,40,0,4,45,19,0,49,54,54,73,68,122
2,0,13,36,0,3,48,18,1,54,49,49,67,72,121
1,0,11,38,0,5,48,17,0,54,49,49,66,71,120
1,0,13,41,1,3,52,11,1,57,54,55,65,68,123
1,0,12,39,0,3,54,10,1,59,51,51,61,69,120
1,0,14,42,1,4,51,10,1,57,56,57,66,67,124
1,0,13,33,0,3,53,18,1,58,46,46,64,76,122
1,0,14,40,0,3,47,15,0,51,54,54,69,66,120
1,0,13,32,0,4,49,23,1,55,45,45,68,78,123
0,0,13,42,1,2,50,13,1,53,55,56,68,66,122
1,0,15,33,0,1,57,14,0,59,48,48,62,73,121
0,0,14,37,1,5,51,17,1,57,51,52,68,74,126
1,0,13,38,1,2,51,16,1,55,51,52,67,71,123
1,0,15,41,1,2,48,14,0,51,56,57,70,65,122
1,0,15,35,0,3,57,9,0,61,50,50,59,70,120
2,0,11,38,0,4,53,14,1,60,49,49,63,74,123
0,0,14,33,0,4,59,10,1,64,47,47,57,74,121
0,0,11,34,1,3,57,15,1,61,45,46,60,76,122
4,0,12,36,0,4,46,18,0,54,48,48,66,72,120
0,0,14,35,1,4,54,14,1,59,49,50,63,73,123
1,0,13,36,0,2,58,11,0,61,49,49,60,72,121
0,0,11,41,1,2,51,14,1,54,52,53,66,68,121
1,0,13,37,1,2,55,13,1,59,50,51,63,72,123
0,0,11,41,0,1,52,15,0,53,52,52,67,68,120
1,0,12,32,0,4,64,8,1,70,44,44,52,78,122
1,0,13,34,1,4,60,9,0,65,47,48,56,74,122
0,0,12,39,1,4,53,14,1,58,51,52,65,72,124
0,0,12,42,0,2,55,9,0,57,54,54,63,66,120
1,0,13,39,0,4,53,13,0,58,52,52,65,71,123
1,0,11,41,0,5,47,15,1,54,52,52,67,69,121
0,0,13,39,0,4,48,19,1,53,52,52,71,72,124
2,0,11,39,1,0,52,16,1,55,50,51,66,71,122
1,0,11,39,1,2,52,16,0,55,50,51,66,71,122
1,0,13,32,0,4,56,15,1,62,45,45,60,77,122
1,0,14,33,0,4,54,13,1,60,47,47,60,73,120
1,0,15,36,0,2,52,15,1,56,51,51,66,71,122
0,0,11,35,0,5,55,17,0,60,46,46,63,77,123
1,0,11,34,1,4,65,7,1,71,45,46,52,78,124
0,0,14,42,1,4,46,14,0,50,56,57,70,64,121
1,0,11,40,1,1,52,15,0,54,51,52,66,69,121
0,0,12,42,0,5,49,16,1,55,54,54,70,71,125
1,0,14,35,0,3,53,17,0,57,49,49,66,74,123
0,0,11,34,0,4,54,18,1,59,45,45,63,77,122
1,0,12,35,1,4,57,14,0,62,47,48,61,76,124
1,0,12,41,0,3,43,21,0,47,53,53,74,68,121
1,0,12,36,0,2,54,15,1,58,48,48,63,73,121
0,0,14,36,1,3,51,16,0,54,50,51,66,70,121
1,0,12,37,0,3,58,11,1,63,49,49,60,74,123
1,0,13,33,0,2,59,13,1,63,46,46,59,76,122
1,0,13,31,1,6,57,12,1,65,44,45,56,77,122
0,0,15,33,0,4,54,14,1,59,48,48,62,73,121
3,0,13,40,0,3,48,15,1,55,53,53,68,70,123
1,0,13,35,0,7,47,17,1,56,48,48,65,73,121
0,0,12,38,1,3,48,19,0,51,50,51,69,70,121
2,0,12,36,0,6,52,16,1,61,48,48,64,77,125
1,0,11,37,1,4,58,9,1,64,48,49,57,73,122
1,0,14,38,1,4,47,19,1,53,52,53,71,72,125
1,0,12,39,1,2,49,16,0,52,51,52,67,68,120
1,0,10,44,0,5,45,18,1,52,54,54,72,70,124
1,0,13,36,1,4,59,9,0,64,49,50,58,73,123
1,0,12,36,1,2,57,11,1,61,48,49,59,72,121
1,0,14,32,0,4,60,9,0,65,46,46,55,74,120
0,0,13,36,1,2,56,13,1,59,49,50,62,72,122
0,0,11,35,1,3,59,12,0,62,46,47,58,74,121
1,0,15,36,0,3,57,9,1,62,51,51,60,71,122
1,0,10,39,1,2,57,12,1,61,49,50,61,73,123
0,0,14,37,0,2,47,19,1,50,51,51,70,69,120
1,0,10,38,1,4,55,16,0,60,48,49,64,76,125
1,0,12,34,1,2,61,11,0,64,46,47,57,75,122
1,0,12,39,1,2,53,13,1,57,51,52,64,70,122
0,0,13,36,0,3,56,12,1,60,49,49,61,72,121
1,0,16,35,0,3,54,12,0,58,51,51,63,70,121
1,0,13,35,1,2,57,13,1,61,48,49,61,74,123
1,0,13,39,0,4,50,14,0,55,52,52,66,69,121
1,0,14,41,1,3,50,13,1,55,55,56,68,68,124
1,0,13,38,0,4,55,11,0,60,51,51,62,71,122
1,0,13,41,0,3,47,18,0,51,54,54,72,69,123
3,0,12,37,1,2,52,14,0,57,49,50,63,71,121
1,0,12,39,0,2,53,14,1,57,51,51,65,71,122
2,0,11,34,1,4,62,7,1,69,45,46,52,76,122
0,0,14,35,0,2,59,10,1,62,49,49,59,72,121
1,0,15,35,0,5,55,10,1,62,50,50,60,72,122
0,0,14,37,0,5,48,19,0,53,51,51,70,72,123
1,0,14,34,0,4,59,9,1,65,48,48,57,74,122
1,0,10,38,0,4,58,11,0,63,48,48,59,74,122
0,0,14,39,0,4,49,16,1,54,53,53,69,70,123
0,0,10,35,0,2,59,15,0,61,45,45,60,76,121
2,0,12,35,0,3,57,11,0,62,47,47,58,73,120
0,0,12,37,1,3,47,23,1,51,49,50,72,74,124
0,0,11,38,0,3,58,12,0,61,49,49,61,73,122
1,0,12,42,1,2,51,12,1,55,54,55,66,67,122
1,0,12,42,0,4,48,14,1,54,54,54,68,68,122
1,0,10,37,1,3,56,15,1,61,47,48,62,76,124
1,0,11,37,0,4,52,15,1,58,48,48,63,73,121
1,0,12,36,1,2,47,21,1,51,48,49,69,72,121
1,0,14,34,0,4,60,11,1,66,48,48,59,77,125
1,0,13,37,1,3,52,13,1,57,50,51,63,70,121
0,0,12,40,0,4,53,13,0,57,52,52,65,70,122
1,0,10,38,1,2,51,20,1,55,48,49,68,75,124
0,0,12,38,0,3,52,16,1,56,50,50,66,72,122
1,0,11,41,1,4,49,15,0,54,52,53,67,69,122
1,0,13,37,1,2,59,10,1,63,50,51,60,73,124
1,0,13,35,1,3,47,23,1,52,48,49,71,75,124
1,6,15,36,0,2,46,16,1,56,51,51,67,72,123
1,0,11,37,0,1,49,22,1,52,48,48,70,74,122
1,0,13,38,1,4,54,14,1,60,51,52,65,74,126
1,0,12,40,0,2,49,17,1,53,52,52,69,70,122
1,0,13,37,0,3,53,15,0,57,50,50,65,72,122
1,0,12,42,1,2,47,16,0,50,54,55,70,66,121
1,0,11,35,1,4,53,17,1,59,46,47,63,76,123
1,0,15,41,1,5,46,15,0,52,56,57,71,67,124
0,0,12,38,0,4,50,16,0,54,50,50,66,70,120
1,0,10,39,1,3,55,12,1,60,49,50,61,72,122
2,0,14,40,1,3,43,17,2,50,54,55,71,67,122
1,0,16,35,0,4,52,12,1,58,51,51,63,70,121
1,0,13,35,1,4,55,16,1,61,48,49,64,77,126
1,0,14,36,1,2,54,15,1,58,50,51,65,73,124
2,0,13,41,1,4,46,15,0,52,54,55,69,67,122
1,0,16,38,0,3,51,13,1,56,54,54,67,69,123
1,0,13,33,1,2,59,13,1,63,46,47,59,76,123
0,0,12,37,0,4,53,16,1,58,49,49,65,74,123
3,0,13,36,1,3,55,11,0,61,49,50,60,72,122
1,0,13,36,1,4,57,11,1,63,49,50,60,74,124
1,0,12,36,1,3,55,14,0,59,48,49,62,73,122
0,0,11,38,1,5,52,16,0,57,49,50,65,73,123
1,0,13,36,0,3,57,11,0,61,49,49,60,72,121
1,0,12,39,1,5,52,13,1,59,51,52,64,72,124
1,0,12,37,0,3,58,11,1,63,49,49,60,74,123
1,14,13,31,1,4,44,13,1,64,44,45,57,77,122
0,0,13,35,0,4,60,8,1,65,48,48,56,73,121
1,0,14,37,0,3,57,9,0,61,51,51,60,70,121
0,0,12,42,1,4,53,10,0,57,54,55,64,67,122
1,0,15,34,0,3,60,8,1,65,49,49,57,73,122
1,0,16,38,1,3,55,8,1,60,54,55,62,68,123
0,0,12,38,0,2,54,14,0,56,50,50,64,70,120
0,0,12,36,0,2,60,10,0,62,48,48,58,72,120
1,0,12,35,1,3,60,10,1,65,47,48,57,75,123
1,0,12,35,1,2,50,22,1,54,47,48,69,76,124
1,0,12,38,1,4,50,15,0,55,50,51,65,70,121
1,0,11,39,0,4,57,9,0,62,50,50,59,71,121
0,0,12,37,0,2,50,19,1,53,49,49,68,72,121
1,0,12,39,1,3,48,18,1,53,51,52,69,71,123
1,0,12,42,1,0,43,23,0,44,54,55,77,67,122
1,0,13,31,1,4,62,13,0,67,44,45,57,80,125
1,0,13,37,0,4,45,21,0,50,50,50,71,71,121
0,0,11,42,1,2,48,17,1,51,53,54,70,68,122
1,0,12,38,0,3,55,12,1,60,50,50,62,72,122
1,0,12,40,1,5,54,11,1,61,52,53,63,72,125
1,0,13,37,0,3,53,14,0,57,50,50,64,71,121
1,0,15,33,0,8,56,8,1,66,48,48,56,74,122
1,0,12,41,1,4,49,13,1,55,53,54,66,68,122
1,0,11,33,0,3,62,12,1,67,44,44,56,79,123
1,0,12,41,0,1,51,15,1,54,53,53,68,69,122
1,0,13,39,0,5,50,15,0,56,52,52,67,71,123
1,0,12,37,0,2,45,24,1,49,49,49,73,73,122
1,0,12,41,0,4,52,12,0,57,53,53,65,69,122
2,0,11,35,1,5,56,14,0,63,46,47,60,77,124
1,0,12,35,1,3,51,20,1,56,47,48,67,76,124
1,0,10,37,1,3,55,17,1,60,47,48,64,77,125
2,0,10,38,1,2,58,11,1,63,48,49,59,74,123
1,0,14,41,1,2,45,19,0,48,55,56,74,67,123
1,0,11,34,0,3,57,16,0,61,45,45,61,77,122
1,0,12,42,0,3,48,13,3,55,54,54,67,68,122
0,0,15,35,1,5,53,14,1,59,50,51,64,73,124
1,0,13,38,1,3,54,11,1,59,51,52,62,70,122
3,0,15,33,1,3,55,12,1,62,48,49,60,74,123
2,0,13,35,0,6,53,15,1,62,48,48,63,77,125
0,0,12,35,1,4,59,11,1,64,47,48,58,75,123
1,0,10,43,1,2,52,13,1,56,53,54,66,69,123
2,0,10,38,0,4,57,11,0,63,48,48,59,74,122
0,0,13,41,0,5,49,14,0,54,54,54,68,68,122
1,0,10,36,0,3,55,18,1,60,46,46,64,78,124
1,0,14,32,0,3,61,11,0,65,46,46,57,76,122
1,0,11,40,0,2,53,14,0,56,51,51,65,70,121
1,0,13,39,1,4,51,15,1,57,52,53,67,72,125
1,0,12,40,0,4,49,16,0,54,52,52,68,70,122
1,0,14,36,1,3,57,11,1,62,50,51,61,73,124
1,0,13,40,0,3,44,21,0,48,53,53,74,69,122
1,0,13,34,1,3,58,12,0,62,47,48,59,74,122
1,0,12,41,0,3,46,20,1,51,53,53,73,71,124
1,0,14,36,1,4,51,14,1,57,50,51,64,71,122
2,0,14,36,0,2,54,12,0,58,50,50,62,70,120
1,0,13,35,0,4,60,10,0,65,48,48,58,75,123
1,0,14,33,0,3,54,16,1,59,47,47,63,75,122
0,0,13,36,1,3,58,10,1,62,49,50,59,72,122
0,0,13,39,1,4,54,11,1,59,52,53,63,70,123
1,0,14,33,0,3,54,16,1,59,47,47,63,75,122
1,0,13,35,1,3,54,14,1,59,48,49,62,73,122
1,0,15,36,0,2,56,10,0,59,51,51,61,69,120
2,0,11,38,0,4,51,14,1,58,49,49,63,72,121
1,0,12,38,0,3,50,17,1,55,50,50,67,72,122
1,0,13,36,1,5,54,10,1,61,49,50,59,71,121
1,0,13,37,0,3,51,16,0,55,50,50,66,71,121
1,0,14,30,1,2,54,19,1,58,44,45,63,77,122
2,0,12,41,1,4,49,12,0,55,53,54,65,67,121
1,0,13,41,1,4,48,15,0,53,54,55,69,68,123
1,0,10,37,1,3,58,13,0,62,47,48,60,75,123
2,0,12,37,1,3,53,13,1,59,49,50,62,72,122
1,0,14,37,1,4,50,12,2,57,51,52,63,69,121
2,0,13,35,1,3,51,17,0,56,48,49,65,73,122
1,0,14,37,0,3,56,11,0,60,51,51,62,71,122
1,0,12,35,0,4,53,15,0,58,47,47,62,73,120
0,0,17,34,1,2,58,9,0,60,51,52,60,69,121
0,0,13,34,0,2,56,15,1,59,47,47,62,74,121
1,0,12,33,0,2,51,18,4,58,45,45,63,76,121
1,0,14,37,1,0,53,16,0,54,51,52,67,70,122
0,0,10,39,1,2,59,10,1,62,49,50,59,72,122
1,0,12,41,1,4,46,18,0,51,53,54,71,69,123
1,0,11,43,1,4,44,20,0,49,54,55,74,69,124
1,0,14,40,1,3,46,17,1,51,54,55,71,68,123
1,0,11,39,1,3,59,10,1,64,50,51,60,74,125
1,7,11,37,0,2,43,19,0,53,48,48,67,72,120
1,0,14,36,0,3,48,18,1,53,50,50,68,71,121
0,0,11,39,1,4,53,13,0,57,50,51,63,70,121
1,0,13,41,1,5,47,16,0,53,54,55,70,69,124
1,0,11,40,1,3,52,15,1,57,51,52,66,72,124
1,0,13,39,1,5,56,9,0,62,52,53,61,71,124
1,0,12,37,1,2,51,17,1,55,49,50,66,72,122
1,0,13,41,0,3,52,11,0,56,54,54,65,67,121
1,0,13,39,0,2,49,16,1,53,52,52,68,69,121
1,0,10,35,1,2,59,14,0,62,45,46,59,76,122
1,0,11,35,0,4,50,22,1,56,46,46,68,78,124
2,0,12,39,1,2,51,15,1,56,51,52,66,71,123
1,0,13,35,1,1,55,16,0,57,48,49,64,73,122
1,0,12,40,1,4,46,17,1,52,52,53,69,69,122
0,0,14,37,1,5,53,14,0,58,51,52,65,72,124
2,0,13,33,1,3,60,11,0,65,46,47,57,76,123
1,0,11,36,0,4,52,17,1,58,47,47,64,75,122
3,0,10,39,1,5,41,22,0,49,49,50,71,71,121
1,0,11,39,0,4,54,14,0,59,50,50,64,73,123
1,0,13,38,0,3,52,15,0,56,51,51,66,71,122
1,0,12,35,1,3,59,11,1,64,47,48,58,75,123
1,0,12,38,0,5,56,10,1,63,50,50,60,73,123
1,0,11,41,1,2,47,19,1,51,52,53,71,70,123
1,0,12,39,0,0,45,23,1,47,51,51,74,70,121
1,0,11,41,1,3,52,11,1,57,52,53,63,68,121
1,0,11,35,1,5,46,27,0,52,46,47,73,79,126
1,0,12,35,0,3,53,17,1,58,47,47,64,75,122
0,0,12,46,1,5,47,13,0,52,58,59,71,65,124
0,0,13,39,1,4,50,14,1,55,52,53,66,69,122
0,0,12,37,0,4,50,17,0,54,49,49,66,71,120
2,0,11,36,1,2,51,18,0,55,47,48,65,73,121
0,0,10,33,1,3,63,11,0,66,43,44,54,77,121
2,0,11,37,0,4,53,15,1,60,48,48,63,75,123
1,0,14,35,0,3,48,20,1,53,49,49,69,73,122
1,0,13,38,0,4,59,7,0,64,51,51,58,71,122
4,0,11,36,1,4,51,16,0,59,47,48,63,75,123
1,0,12,39,0,3,50,17,1,55,51,51,68,72,123
1,0,13,37,1,2,55,13,1,59,50,51,63,72,123
1,0,13,40,1,4,49,16,1,55,53,54,69,71,125
1,0,14,43,1,2,47,13,1,51,57,58,70,64,122
1,0,13,32,1,2,53,20,0,56,45,46,65,76,122
1,0,12,35,1,4,55,15,0,60,47,48,62,75,123
2,0,11,36,0,4,55,12,0,61,47,47,59,73,120
1,0,14,37,1,3,52,13,1,57,51,52,64,70,122
0,0,13,40,0,4,50,15,1,55,53,53,68,70,123
1,0,9,36,1,4,61,11,1,67,45,46,56,78,124
1,0,13,36,0,4,51,18,1,57,49,49,67,75,124
1,0,14,38,0,5,44,22,0,50,52,52,74,72,124
1,0,13,40,1,4,49,16,1,55,53,54,69,71,125
1,0,17,37,1,6,51,12,1,59,54,55,66,71,126
1,0,13,36,1,4,56,11,1,62,49,50,60,73,123
0,0,12,39,0,2,55,13,0,57,51,51,64,70,121
0,8,11,35,0,3,50,13,1,62,46,46,59,75,121
0,0,14,37,0,6,57,9,0,63,51,51,60,72,123
0,0,13,39,0,3,52,13,0,55,52,52,65,68,120
1,0,12,37,1,4,54,13,1,60,49,50,62,73,123
0,0,13,38,0,5,54,12,1,60,51,51,63,72,123
0,0,11,36,1,2,54,18,1,57,47,48,65,75,123
1,0,14,36,1,2,56,11,0,59,50,51,61,70,121
1,0,13,37,1,3,51,15,0,55,50,51,65,70,121
1,0,12,39,1,3,50,16,0,54,51,52,67,70,122
1,0,13,43,0,3,46,16,1,51,56,56,72,67,123
1,0,15,36,1,2,51,15,1,55,51,52,66,70,122
1,0,11,35,0,2,56,15,1,60,46,46,61,75,121
0,0,12,39,1,3,55,12,0,58,51,52,63,70,122
1,0,12,37,1,0,60,10,0,61,49,50,59,71,121
1,0,13,36,0,2,55,13,1,59,49,49,62,72,121
1,0,15,35,0,4,50,18,1,56,50,50,68,74,124
1,0,12,37,1,3,58,10,1,63,49,50,59,73,123
0,0,14,36,0,4,43,23,0,47,50,50,73,70,120
1,0,11,37,0,3,55,13,1,60,48,48,61,73,121
1,0,12,36,1,4,54,13,0,59,48,49,61,72,121
2,0,12,39,0,4,51,15,1,58,51,51,66,73,124
0,0,12,38,1,2,53,16,1,56,50,51,66,72,123
1,0,11,40,0,3,57,8,0,61,51,51,59,69,120
1,0,10,38,0,3,52,19,1,57,48,48,67,76,124
0,0,13,33,0,3,53,18,0,56,46,46,64,74,120
0,0,14,34,1,5,59,9,1,65,48,49,57,74,123
1,0,12,34,0,0,61,12,1,63,46,46,58,75,121
1,0,13,34,1,3,54,16,1,59,47,48,63,75,123
0,0,12,36,1,3,56,12,1,60,48,49,60,72,121
1,0,10,44,0,3,45,18,1,50,54,54,72,68,122
1,0,14,37,1,3,48,18,1,53,51,52,69,71,123
1,0,13,39,0,0,48,18,2,51,52,52,70,69,121
0,0,11,35,0,5,58,11,1,64,46,46,57,75,121
1,0,11,41,1,4,45,19,0,50,52,53,71,69,122
1,0,13,32,0,2,52,21,1,56,45,45,66,77,122
1,0,11,40,1,3,53,12,1,58,51,52,63,70,122
2,0,14,31,1,4,54,18,0,60,45,46,63,78,124
1,0,13,37,0,3,53,15,1,58,50,50,65,73,123
2,0,12,38,0,3,55,12,1,61,50,50,62,73,123
2,0,10,40,0,4,57,9,0,63,50,50,59,72,122
1,0,11,40,1,5,49,17,1,56,51,52,68,73,125
0,0,13,38,1,3,47,20,0,50,51,52,71,70,122
0,0,12,31,0,2,59,16,0,61,43,43,59,77,120
1,0,12,37,0,2,56,12,1,60,49,49,61,72,121
1,0,15,35,1,4,50,15,0,55,50,51,65,70,121
1,0,12,41,0,4,53,12,0,58,53,53,65,70,123
0,0,10,40,1,2,53,15,0,55,50,51,65,70,121
1,0,14,34,0,2,57,12,1,61,48,48,60,73,121
1,0,11,32,0,3,44,15,17,65,43,43,58,80,123
0,0,12,39,0,4,49,16,1,54,51,51,67,70,121
0,0,12,42,0,4,47,18,0,51,54,54,72,69,123
0,0,13,33,0,3,54,18,0,57,46,46,64,75,121
2,0,12,33,1,3,63,7,1,69,45,46,52,76,122
1,0,12,34,0,4,57,16,1,63,46,46,62,79,125
1,0,12,44,0,0,52,12,1,54,56,56,68,66,122
1,0,11,35,0,4,61,9,0,66,46,46,55,75,121
2,0,12,38,1,2,49,17,1,54,50,51,67,71,122
1,0,13,37,0,3,52,14,1,57,50,50,64,71,121
1,0,13,40,0,4,48,14,0,53,53,53,67,67,120
1,0,11,34,1,6,60,11,1,68,45,46,56,79,125
1,0,12,32,1,2,57,17,1,61,44,45,61,78,123
1,0,12,33,1,4,52,20,0,57,45,46,65,77,123
3,0,11,36,0,4,57,11,0,64,47,47,58,75,122
1,0,11,36,1,5,56,14,1,63,47,48,61,77,125
1,0,12,38,1,1,46,23,0,48,50,51,73,71,122
1,0,13,39,1,5,54,12,1,61,52,53,64,73,126
1,0,13,39,1,3,55,11,1,60,52,53,63,71,124
1,0,13,36,0,3,53,15,0,57,49,49,64,72,121
1,0,9,40,1,4,51,17,0,56,49,50,66,73,123
0,0,14,36,1,3,51,15,0,54,50,51,65,69,120
1,0,13,37,0,3,55,14,1,60,50,50,64,74,124
1,0,11,38,1,2,45,24,0,48,49,50,73,72,122
1,0,14,37,1,5,56,8,0,62,51,52,59,70,122
1,0,14,39,1,3,42,22,2,48,53,54,75,70,124
1,0,13,39,0,4,50,15,0,55,52,52,67,70,122
1,0,13,38,0,2,50,17,1,54,51,51,68,71,122
1,0,12,38,1,3,54,14,0,58,50,51,64,72,123
1,0,13,37,3,2,53,12,1,57,50,53,62,69,122
1,0,12,36,1,3,50,18,1,55,48,49,66,73,122
1,0,14,37,1,4,52,15,0,57,51,52,66,72,124
1,0,12,35,1,4,50,21,0,55,47,48,68,76,124
1,0,13,40,1,3,47,18,1,52,53,54,71,70,124
1,0,11,38,1,2,49,18,1,53,49,50,67,71,121
1,0,12,39,0,2,52,15,1,56,51,51,66,71,122
1,0,13,38,1,5,47,18,2,55,51,52,69,73,125
1,0,13,35,0,3,58,11,0,62,48,48,59,73,121
1,0,13,35,1,3,51,16,1,56,48,49,64,72,121
1,0,10,35,0,3,51,21,1,56,45,45,66,77,122
0,0,11,40,1,4,45,22,1,50,51,52,73,72,124
0,0,13,37,1,0,46,24,0,46,50,51,74,70,121
1,0,13,38,1,2,51,16,1,55,51,52,67,71,123
1,0,13,42,0,2,43,20,1,47,55,55,75,67,122
0,0,12,41,0,3,52,13,0,55,53,53,66,68,121
0,0,13,39,1,2,50,16,1,53,52,53,68,69,122
1,0,11,36,0,6,55,11,0,62,47,47,58,73,120
1,0,13,35,0,4,56,14,1,62,48,48,62,76,124
0,0,14,38,1,4,46,18,1,51,52,53,70,69,122
1,0,11,39,1,4,51,15,1,57,50,51,65,72,123
1,0,12,40,1,3,52,13,0,56,52,53,65,69,122
1,0,13,33,1,3,52,18,1,57,46,47,64,75,122
2,0,12,35,1,3,62,7,1,68,47,48,54,75,123
1,0,11,40,1,4,50,15,0,55,51,52,66,70,122
1,0,12,38,0,4,55,13,1,61,50,50,63,74,124
1,0,12,34,1,3,59,12,0,63,46,47,58,75,122
0,0,11,36,0,3,58,11,1,62,47,47,58,73,120
1,0,11,44,0,3,49,14,0,53,55,55,69,67,122
1,0,12,39,1,5,48,15,1,55,51,52,66,70,122
0,0,11,39,1,4,48,18,1,53,50,51,68,71,122
1,0,14,35,1,3,55,14,1,60,49,50,63,74,124
1,0,11,37,0,1,58,12,1,61,48,48,60,73,121
1,0,13,38,1,5,54,11,0,60,51,52,62,71,123
1,0,13,38,1,5,50,16,0,56,51,52,67,72,124
1,0,13,38,0,4,54,13,0,59,51,51,64,72,123
1,0,10,37,1,3,52,18,0,56,47,48,65,74,122
1,0,15,38,0,2,55,10,1,59,53,53,63,69,122
1,0,9,40,1,0,43,27,0,44,49,50,76,71,121
1,0,11,35,1,3,56,15,1,61,46,47,61,76,123
1,0,11,39,0,3,48,20,1,53,50,50,70,73,123
1,0,12,39,1,4,51,15,0,56,51,52,66,71,123
1,0,10,39,1,3,56,12,0,60,49,50,61,72,122
1,0,15,37,0,3,48,16,1,53,52,52,68,69,121
1,0,11,37,1,2,59,11,0,62,48,49,59,73,122
1,0,10,35,0,4,59,13,0,64,45,45,58,77,122
1,0,15,37,0,3,54,10,1,59,52,52,62,69,121
0,0,11,39,0,3,53,15,0,56,50,50,65,71,121
1,0,13,32,0,5,57,14,1,64,45,45,59,78,123
1,0,13,40,0,3,47,16,0,51,53,53,69,67,120
1,0,15,36,1,3,55,11,1,60,51,52,62,71,123
1,0,12,41,1,3,47,19,0,51,53,54,72,70,124
1,0,15,34,0,4,52,14,0,57,49,49,63,71,120
1,0,14,36,0,6,51,12,0,58,50,50,62,70,120
1,0,12,36,0,4,58,12,0,63,48,48,60,75,123
1,0,11,34,1,4,53,21,1,59,45,46,66,80,126
1,0,14,36,1,4,58,7,1,64,50,51,57,71,122
1,0,12,36,1,2,60,9,0,63,48,49,57,72,121
1,0,9,32,0,2,54,22,0,57,41,41,63,79,120
2,0,11,39,1,5,51,12,1,59,50,51,62,71,122
1,0,14,35,1,3,49,18,1,54,49,50,67,72,122
1,0,12,39,1,2,52,16,0,55,51,52,67,71,123
0,0,12,38,1,3,57,12,0,60,50,51,62,72,123
2,0,11,38,0,3,53,15,1,59,49,49,64,74,123
2,0,13,37,0,3,52,13,1,58,50,50,63,71,121
1,0,12,36,1,2,52,17,0,55,48,49,65,72,121
0,0,13,39,1,4,47,19,1,52,52,53,71,71,124
1,0,13,38,1,5,51,13,1,58,51,52,64,71,123
0,0,11,41,1,3,52,15,0,55,52,53,67,70,123
1,0,11,42,0,3,53,12,0,57,53,53,65,69,122
1,0,13,35,1,3,47,23,0,51,48,49,71,74,123
1,0,11,37,1,1,53,17,1,56,48,49,65,73,122
1,0,14,40,1,5,47,16,1,54,54,55,70,70,125
1,0,15,36,1,4,48,16,1,54,51,52,67,70,122
1,0,12,39,1,3,47,18,0,51,51,52,69,69,121
0,0,13,42,0,7,48,10,1,56,55,55,65,66,121
1,0,12,35,1,2,57,13,0,60,47,48,60,73,121
1,0,12,43,1,3,42,20,0,46,55,56,75,66,122
1,0,11,36,0,5,51,20,1,58,47,47,67,78,125
1,0,11,41,0,5,51,14,0,57,52,52,66,71,123
1,0,11,42,1,1,52,13,1,55,53,54,66,68,122
3,0,15,31,0,6,53,15,1,63,46,46,61,78,124
0,0,12,37,0,3,54,16,0,57,49,49,65,73,122
1,0,10,41,0,5,47,18,1,54,51,51,69,72,123
1,0,11,36,0,4,51,20,0,56,47,47,67,76,123
2,0,12,36,1,3,48,16,4,57,48,49,64,73,122
1,0,11,38,0,4,56,11,0,61,49,49,60,72,121
1,0,12,36,1,3,59,9,0,63,48,49,57,72,121
1,0,15,38,0,3,52,10,1,57,53,53,63,67,120
1,0,11,37,0,3,52,18,0,56,48,48,66,74,122
0,0,11,35,1,3,57,14,0,60,46,47,60,74,121
1,0,14,37,1,3,53,13,0,57,51,52,64,70,122
1,0,14,39,0,4,55,10,0,60,53,53,63,70,123
0,0,17,35,1,5,54,12,1,60,52,53,64,72,125
1,0,11,37,1,4,57,12,1,63,48,49,60,75,124
4,0,12,36,1,5,52,13,1,62,48,49,61,75,124
1,0,13,41,0,3,51,11,1,56,54,54,65,67,121
1,0,14,39,0,4,53,11,1,59,53,53,64,70,123
1,0,11,39,0,2,54,14,0,57,50,50,64,71,121
0,0,11,35,0,4,61,10,1,66,46,46,56,76,122
1,0,11,37,1,4,48,23,0,53,48,49,71,76,125
1,0,15,32,0,6,56,10,0,63,47,47,57,73,120
1,0,15,36,0,2,53,13,1,57,51,51,64,70,121
1,0,11,38,0,6,52,12,1,60,49,49,61,72,121
1,0,16,38,1,2,51,11,1,55,54,55,65,66,121
1,0,12,37,0,2,52,17,0,55,49,49,66,72,121
1,0,13,34,0,2,48,23,0,51,47,47,70,74,121
1,0,12,37,1,5,51,17,0,57,49,50,66,74,124
1,0,10,33,1,3,60,14,0,64,43,44,57,78,122
3,0,11,36,1,4,47,19,0,54,47,48,66,73,121
1,0,11,38,0,3,54,13,1,59,49,49,62,72,121
1,0,11,41,1,4,55,8,1,61,52,53,60,69,122
1,0,12,38,0,4,46,20,0,51,50,50,70,71,121
0,0,14,34,1,2,60,11,1,63,48,49,59,74,123
1,0,11,35,0,3,52,19,1,57,46,46,65,76,122
0,0,11,36,1,3,54,16,0,57,47,48,63,73,121
1,0,15,39,0,4,48,13,1,54,54,54,67,67,121
1,0,12,40,1,4,51,12,1,57,52,53,64,69,122
2,0,12,37,1,4,54,13,1,61,49,50,62,74,124
0,0,12,38,0,3,61,8,1,65,50,50,58,73,123
1,0,12,37,0,2,52,17,0,55,49,49,66,72,121
1,0,12,35,1,3,55,15,1,60,47,48,62,75,123
1,0,14,35,1,4,56,11,1,62,49,50,60,73,123
1,0,11,36,1,5,53,18,1,60,47,48,65,78,126
0,0,16,35,1,2,43,24,1,46,51,52,75,70,122
0,0,16,36,1,3,53,12,1,57,52,53,64,69,122
1,0,11,38,0,1,49,21,0,51,49,49,70,72,121
1,0,13,40,1,4,49,16,0,54,53,54,69,70,124
1,0,13,35,1,4,55,12,1,61,48,49,60,73,122
1,0,12,35,0,3,57,13,1,62,47,47,60,75,122
1,0,12,38,0,2,55,13,0,58,50,50,63,71,121
1,0,13,38,1,2,52,14,1,56,51,52,65,70,122
1,0,13,34,0,4,56,12,1,62,47,47,59,74,121
1,0,14,37,1,2,51,15,0,54,51,52,66,69,121
1,0,11,36,0,3,52,19,1,57,47,47,66,76,123
1,0,11,36,1,5,46,24,0,52,47,48,71,76,124
0,0,12,37,0,3,49,19,0,52,49,49,68,71,120
1,0,13,37,0,3,56,10,1,61,50,50,60,71,121
1,0,14,37,1,3,54,13,1,59,51,52,64,72,124
0,0,10,38,1,3,53,17,1,57,48,49,65,74,123
1,0,13,37,1,4,54,11,1,60,50,51,61,71,122
0,0,13,38,0,4,53,12,1,58,51,51,63,70,121
0,0,14,37,1,3,47,19,1,51,51,52,70,70,122
1,0,13,38,0,4,53,14,1,59,51,51,65,73,124
1,0,13,38,0,2,51,16,1,55,51,51,67,71,122
1,0,12,35,0,3,52,17,1,57,47,47,64,74,121
1,0,11,33,0,4,62,10,1,68,44,44,54,78,122
1,0,10,40,0,2,47,20,0,50,50,50,70,70,120
1,0,14,36,1,4,50,17,0,55,50,51,67,72,123
1,0,14,39,1,4,53,9,1,59,53,54,62,68,122
0,0,11,40,0,5,43,24,1,49,51,51,75,73,124
0,0,12,37,1,2,50,19,1,53,49,50,68,72,122
0,0,13,34,0,3,59,13,1,63,47,47,60,76,123
0,0,15,35,0,3,57,10,1,61,50,50,60,71,121
1,0,13,36,1,5,56,14,1,63,49,50,63,77,127
2,0,13,38,1,2,54,11,1,59,51,52,62,70,122
2,0,12,37,1,4,50,15,0,56,49,50,64,71,121
1,0,16,35,0,6,48,19,1,56,51,51,70,75,126
2,0,11,34,0,2,61,10,1,66,45,45,55,76,121
1,0,13,37,1,5,51,16,1,58,50,51,66,74,125
1,0,14,38,1,4,53,10,1,59,52,53,62,69,122
1,0,13,42,1,2,44,18,0,47,55,56,73,65,121
0,0,13,38,0,3,50,16,1,54,51,51,67,70,121
1,0,13,41,0,3,51,12,0,55,54,54,66,67,121
1,0,10,39,0,4,49,19,0,54,49,49,68,73,122
1,0,12,36,1,3,54,14,1,59,48,49,62,73,122
3,0,11,35,1,4,51,17,1,59,46,47,63,76,123
0,0,13,38,1,3,54,12,1,58,51,52,63,70,122
1,0,13,36,0,3,56,11,0,60,49,49,60,71,120
1,0,10,38,0,3,52,16,0,56,48,48,64,72,120
1,0,13,37,1,3,54,14,0,58,50,51,64,72,123
1,0,14,34,0,2,59,10,0,62,48,48,58,72,120
4,0,11,36,1,2,60,7,1,67,47,48,54,74,122
0,0,12,34,1,5,57,12,0,62,46,47,58,74,121
1,0,11,38,1,5,54,15,0,60,49,50,64,75,125
1,0,12,37,0,3,53,15,0,57,49,49,64,72,121
1,0,13,35,1,5,59,8,0,65,48,49,56,73,122
0,0,13,33,1,6,57,13,0,63,46,47,59,76,123
1,0,13,37,0,3,49,19,1,54,50,50,69,73,123
1,0,10,39,1,6,55,13,0,62,49,50,62,75,125
1,0,13,38,1,5,49,18,1,56,51,52,69,74,126
1,0,13,35,1,3,56,12,1,61,48,49,60,73,122
1,0,14,36,0,4,55,12,0,60,50,50,62,72,122
3,0,11,36,1,2,57,11,0,62,47,48,58,73,121
1,0,13,41,0,4,44,19,1,50,54,54,73,69,123
1,0,10,39,0,2,55,13,0,58,49,49,62,71,120
2,0,11,34,0,4,54,16,1,61,45,45,61,77,122
1,0,12,36,1,4,53,13,1,59,48,49,61,72,121
1,0,14,31,1,3,54,20,1,59,45,46,65,79,125
1,0,15,40,1,3,55,8,0,59,55,56,63,67,123
1,0,12,33,0,4,63,7,1,69,45,45,52,76,121
1,0,13,38,1,3,52,14,0,56,51,52,65,70,122
1,0,10,37,0,3,55,15,0,59,47,47,62,74,121
1,0,13,33,1,3,59,12,0,63,46,47,58,75,122
1,0,11,41,0,2,45,19,1,49,52,52,71,68,120
0,0,14,38,1,4,50,17,0,54,52,53,69,71,124
0,0,12,36,1,3,51,18,1,55,48,49,66,73,122
1,0,13,41,1,4,47,13,1,53,54,55,67,66,121
1,0,12,35,1,3,59,12,0,63,47,48,59,75,123
1,0,13,41,0,5,48,16,0,54,54,54,70,70,124
1,0,12,35,0,4,49,19,1,55,47,47,66,74,121
1,0,14,37,0,5,52,14,0,58,51,51,65,72,123
1,0,12,39,0,3,53,14,1,58,51,51,65,72,123
1,0,12,37,0,2,48,20,0,51,49,49,69,71,120
1,0,12,35,0,2,61,10,1,65,47,47,57,75,122
1,0,12,33,0,3,54,18,0,58,45,45,63,76,121
1,0,14,33,1,3,56,14,1,61,47,48,61,75,123
1,0,12,39,0,3,50,17,1,55,51,51,68,72,123
1,0,14,38,0,3,53,12,1,58,52,52,64,70,122
1,0,10,39,1,3,51,16,0,55,49,50,65,71,121
1,0,12,37,1,2,59,9,0,62,49,50,58,71,121
1,0,14,37,1,2,54,12,0,57,51,52,63,69,121
1,0,10,34,1,2,61,12,1,65,44,45,56,77,122
1,0,11,37,1,4,53,15,1,59,48,49,63,74,123
0,0,12,38,0,4,48,15,4,56,50,50,65,71,121
0,0,14,41,1,3,47,14,1,51,55,56,69,65,121
1,0,11,40,0,3,51,15,0,55,51,51,66,70,121
5,0,11,32,0,4,55,16,1,65,43,43,59,81,124
1,0,13,41,1,3,47,17,1,52,54,55,71,69,124
1,0,12,41,1,4,53,9,0,58,53,54,62,67,121
0,0,14,37,0,2,57,10,0,59,51,51,61,69,120
1,0,12,37,0,2,50,18,0,53,49,49,67,71,120
0,0,12,36,1,6,54,16,1,61,48,49,64,77,126
1,0,10,38,1,5,55,15,0,61,48,49,63,76,125
0,0,15,34,0,4,55,12,0,59,49,49,61,71,120
0,0,11,35,0,3,55,17,0,58,46,46,63,75,121
1,0,14,37,1,3,51,17,0,55,51,52,68,72,124
1,0,13,38,0,4,52,13,0,57,51,51,64,70,121
1,0,11,37,1,2,53,17,1,57,48,49,65,74,123
1,0,14,36,1,4,52,15,1,58,50,51,65,73,124
1,0,12,38,0,4,54,12,1,60,50,50,62,72,122
4,0,11,35,0,3,56,13,1,64,46,46,59,77,123
1,0,13,35,0,2,47,24,0,50,48,48,72,74,122
0,0,13,38,1,4,53,13,1,58,51,52,64,71,123
1,0,11,40,1,5,51,14,1,58,51,52,65,72,124
1,0,12,34,0,3,59,12,0,63,46,46,58,75,121
1,0,13,34,1,2,53,19,0,56,47,48,66,75,123
0,0,10,37,0,2,56,15,0,58,47,47,62,73,120
1,0,11,40,1,2,46,19,1,50,51,52,70,69,121
1,0,13,36,0,4,46,21,1,52,49,49,70,73,122
0,0,11,38,0,5,49,17,0,54,49,49,66,71,120
0,0,12,35,1,2,56,16,1,59,47,48,63,75,123
1,0,11,39,0,5,51,16,1,58,50,50,66,74,124
1,0,14,38,0,3,41,23,1,46,52,52,75,69,121
1,0,13,40,1,3,43,20,1,48,53,54,73,68,122
1,0,15,38,0,3,52,12,1,57,53,53,65,69,122
0,0,12,37,1,4,55,14,1,60,49,50,63,74,124
1,0,12,38,0,3,49,17,0,53,50,50,67,70,120
0,0,13,38,1,5,54,10,0,59,51,52,61,69,121
1,0,13,36,0,3,56,12,0,60,49,49,61,72,121
1,0,12,38,1,2,53,15,1,57,50,51,65,72,123
1,0,12,39,0,5,52,11,1,59,51,51,62,70,121
1,0,12,32,0,3,57,15,1,62,44,44,59,77,121
0,0,15,42,1,3,49,11,0,52,57,58,68,63,121
1,0,14,33,1,4,54,15,0,59,47,48,62,74,122
1,0,12,36,1,5,54,13,1,61,48,49,61,74,123
1,0,13,34,1,3,46,24,0,50,47,48,71,74,122
1,0,13,40,1,3,50,13,1,55,53,54,66,68,122
1,0,12,40,0,4,57,9,1,63,52,52,61,72,124
5,0,10,38,0,2,53,12,1,61,48,48,60,73,121
1,0,14,39,1,0,56,10,1,58,53,54,63,68,122
0,0,13,43,1,3,41,18,1,45,56,57,74,63,120
0,0,14,37,1,8,55,6,0,63,51,52,57,69,121
0,0,10,42,1,3,47,20,1,51,52,53,72,71,124
1,0,11,37,0,3,54,15,0,58,48,48,63,73,121
1,0,11,33,1,3,58,15,0,62,44,45,59,77,122
1,0,11,42,0,3,42,23,1,47,53,53,76,70,123
1,0,14,38,1,5,52,11,0,58,52,53,63,69,122
3,0,15,37,1,3,52,10,1,59,52,53,62,69,122
1,0,13,36,1,2,56,12,0,59,49,50,61,71,121
1,0,12,32,0,5,63,10,1,70,44,44,54,80,124
1,0,13,36,0,2,51,18,0,54,49,49,67,72,121
1,0,11,38,0,4,54,14,1,60,49,49,63,74,123
1,0,9,38,1,4,53,18,1,59,47,48,65,77,125
1,0,10,42,0,3,50,15,0,54,52,52,67,69,121
0,0,13,37,1,4,50,16,0,54,50,51,66,70,121
1,0,13,34,1,3,55,14,0,59,47,48,61,73,121
1,0,14,39,0,4,50,13,1,56,53,53,66,69,122
1,0,13,39,0,6,53,12,0,60,52,52,64,72,124
0,0,13,38,1,4,52,13,1,57,51,52,64,70,122
0,0,13,37,0,2,52,16,1,55,50,50,66,71,121
3,0,10,36,0,2,55,14,1,61,46,46,60,75,121
1,0,12,38,1,4,52,15,0,57,50,51,65,72,123
0,0,12,35,0,4,56,13,1,61,47,47,60,74,121
2,0,14,33,0,3,58,10,1,64,47,47,57,74,121
1,0,11,39,0,4,49,17,0,54,50,50,67,71,121
1,0,15,34,0,3,59,8,1,64,49,49,57,72,121
1,0,12,41,0,2,50,16,0,53,53,53,69,69,122
1,0,13,35,1,4,58,9,1,64,48,49,57,73,122
1,0,11,37,1,3,56,14,1,61,48,49,62,75,124
1,0,11,35,0,3,57,14,1,62,46,46,60,76,122
1,0,11,34,0,2,57,16,1,61,45,45,61,77,122
0,0,12,36,1,4,48,20,1,53,48,49,68,73,122
1,0,13,37,0,3,53,14,1,58,50,50,64,72,122
2,0,12,40,1,3,48,16,1,54,52,53,68,70,123
1,0,14,33,1,3,57,13,1,62,47,48,60,75,123
0,0,12,39,1,4,53,14,1,58,51,52,65,72,124
3,0,12,38,1,4,48,17,1,56,50,51,67,73,124
1,0,11,41,1,2,46,19,1,50,52,53,71,69,122
1,0,13,37,0,5,54,14,0,60,50,50,64,74,124
1,0,12,42,0,2,45,19,1,49,54,54,73,68,122
2,0,14,37,0,4,52,11,0,58,51,51,62,69,120
1,0,14,38,1,4,52,12,0,57,52,53,64,69,122
5,0,10,39,1,3,54,9,1,63,49,50,58,72,122
1,0,12,38,1,3,53,15,0,57,50,51,65,72,123
1,0,11,38,1,5,50,18,1,57,49,50,67,75,125
2,0,14,35,1,4,58,8,0,64,49,50,57,72,122
1,0,11,36,1,3,49,20,1,54,47,48,67,74,122
1,0,11,38,1,4,43,25,1,49,49,50,74,74,124
0,0,14,33,1,3,55,15,0,58,47,48,62,73,121
1,0,14,37,0,2,46,22,1,50,51,51,73,72,123
2,0,13,34,1,2,58,11,0,62,47,48,58,73,121
1,0,12,35,0,2,52,19,1,56,47,47,66,75,122
0,0,12,41,1,2,52,14,0,54,53,54,67,68,122
1,0,10,40,1,2,49,16,2,54,50,51,66,70,121
1,0,10,35,1,5,57,15,1,64,45,46,60,79,125
1,0,14,42,1,3,45,16,1,50,56,57,72,66,123
2,0,13,37,1,2,55,11,0,59,50,51,61,70,121
0,0,14,39,1,2,53,12,1,56,53,54,65,68,122
1,0,11,37,0,4,61,8,1,67,48,48,56,75,123
4,0,13,37,1,3,46,15,4,57,50,51,65,72,123
1,0,12,35,0,1,52,20,1,55,47,47,67,75,122
0,0,13,37,0,2,56,12,1,59,50,50,62,71,121
1,0,13,39,0,4,42,23,1,48,52,52,75,71,123
1,0,13,39,0,2,48,18,1,52,52,52,70,70,122
1,0,12,38,0,4,53,14,0,58,50,50,64,72,122
0,0,14,35,1,5,56,10,1,62,49,50,59,72,122
0,0,12,41,0,5,54,11,1,60,53,53,64,71,124
1,0,12,36,1,4,50,17,1,56,48,49,65,73,122
1,0,11,38,1,4,48,19,2,55,49,50,68,74,124
1,0,14,37,0,2,54,12,0,57,51,51,63,69,120
1,0,14,37,0,3,46,19,1,51,51,51,70,70,121
3,0,12,36,1,3,48,19,0,54,48,49,67,73,122
0,0,14,37,1,1,46,21,1,48,51,52,72,69,121
0,0,14,39,0,3,49,15,1,53,53,53,68,68,121
1,0,13,36,0,3,52,16,1,57,49,49,65,73,122
2,0,11,37,0,5,49,16,1,57,48,48,64,73,121
2,0,10,36,1,6,52,18,1,61,46,47,64,79,126
2,0,12,33,1,0,57,16,1,60,45,46,61,76,122
1,0,12,38,1,3,52,16,0,56,50,51,66,72,123
4,0,12,35,0,2,56,11,1,63,47,47,58,74,121
2,0,15,37,1,2,44,20,0,48,52,53,72,68,121
0,0,12,43,1,4,50,13,1,55,55,56,68,68,124
1,0,12,35,0,1,59,13,1,62,47,47,60,75,122
1,0,14,35,0,2,51,18,0,54,49,49,67,72,121
1,0,12,36,1,3,56,14,1,61,48,49,62,75,124
1,0,13,40,1,3,53,11,1,58,53,54,64,69,123
0,0,11,43,1,5,46,15,2,53,54,55,69,68,123
0,0,13,36,0,0,60,11,0,60,49,49,60,71,120
1,0,12,37,1,4,55,13,1,61,49,50,62,74,124
0,0,13,35,0,5,57,12,1,63,48,48,60,75,123
2,0,12,38,1,2,56,10,1,61,50,51,60,71,122
0,0,13,35,1,4,56,11,1,61,48,49,59,72,121
1,0,12,42,0,5,47,15,0,53,54,54,69,68,122
1,0,13,34,0,2,49,22,1,53,47,47,69,75,122
1,0,14,37,0,2,54,13,1,58,51,51,64,71,122
1,0,10,42,1,2,47,18,1,51,52,53,70,69,122
1,0,13,38,1,4,53,12,1,59,51,52,63,71,123
0,0,11,39,1,4,56,12,1,61,50,51,62,73,124
3,0,13,38,1,3,50,13,0,56,51,52,64,69,121
1,0,13,36,0,5,55,14,1,62,49,49,63,76,125
1,0,10,37,1,4,57,13,0,62,47,48,60,75,123
0,0,13,38,1,4,45,20,0,49,51,52,71,69,121
2,0,14,40,0,4,49,12,1,56,54,54,66,68,122
1,0,13,40,1,3,46,19,0,50,53,54,72,69,123
0,0,14,39,0,2,51,14,1,54,53,53,67,68,121
1,0,14,34,1,4,46,22,0,51,48,49,70,73,122
1,0,14,41,0,3,55,7,1,60,55,55,62,67,122
1,0,14,42,1,3,42,19,1,47,56,57,75,66,123
0,0,12,35,0,3,61,10,1,65,47,47,57,75,122
1,0,12,32,1,4,60,13,1,66,44,45,57,79,124
1,0,12,34,1,3,58,13,1,63,46,47,59,76,123
0,0,12,41,0,0,53,13,1,54,53,53,66,67,120
1,0,13,37,1,4,55,11,1,61,50,51,61,72,123
0,0,13,39,1,4,52,14,1,57,52,53,66,71,124
1,0,15,34,1,4,56,11,1,62,49,50,60,73,123
0,0,12,40,1,4,48,17,2,54,52,53,69,71,124
1,0,11,34,0,4,53,19,1,59,45,45,64,78,123
0,0,12,38,0,3,48,20,0,51,50,50,70,71,121
1,0,12,36,0,4,60,9,1,66,48,48,57,75,123
0,0,13,38,1,4,54,13,1,59,51,52,64,72,124
0,0,14,36,1,3,53,14,0,56,50,51,64,70,121
1,0,14,37,1,2,55,12,1,59,51,52,63,71,123
0,0,15,37,1,4,47,17,1,52,52,53,69,69,122
3,0,10,40,0,3,49,16,1,56,50,50,66,72,122
0,0,13,39,1,4,43,23,0,47,52,53,75,70,123
1,0,14,33,1,4,57,12,1,63,47,48,59,75,123
1,0,13,38,1,3,57,9,1,62,51,52,60,71,123
1,0,13,39,0,5,51,13,2,59,52,52,65,72,124
1,0,11,36,0,2,59,12,1,63,47,47,59,75,122
1,0,12,36,1,3,54,14,0,58,48,49,62,72,121
1,0,12,38,0,3,61,7,0,65,50,50,57,72,122
1,0,9,41,1,2,52,14,1,56,50,51,64,70,121
1,0,11,36,0,4,55,15,0,60,47,47,62,75,122
0,0,10,35,1,3,53,21,0,56,45,46,66,77,123
1,0,12,35,0,4,58,12,1,64,47,47,59,76,123
1,0,11,35,0,6,50,21,0,57,46,46,67,78,124
1,0,10,38,0,4,55,13,1,61,48,48,61,74,122
1,0,11,39,0,4,53,14,0,58,50,50,64,72,122
1,0,15,40,1,2,46,18,1,50,55,56,73,68,124
1,0,14,37,1,4,48,18,1,54,51,52,69,72,124
0,0,13,37,1,5,41,24,1,47,50,51,74,71,122
1,0,12,35,1,4,56,13,1,62,47,48,60,75,123
1,0,9,44,1,4,53,9,1,59,53,54,62,68,122
1,0,13,34,1,3,48,23,0,52,47,48,70,75,123
1,0,11,40,0,3,51,16,0,55,51,51,67,71,122
1,0,11,37,1,4,55,13,0,60,48,49,61,73,122
0,0,14,41,1,4,50,11,1,55,55,56,66,66,122
1,0,11,39,1,3,51,18,0,55,50,51,68,73,124
1,0,13,38,0,4,52,14,1,58,51,51,65,72,123
1,0,12,36,1,3,44,25,1,49,48,49,73,74,123
1,0,10,35,1,3,56,17,1,61,45,46,62,78,124
0,0,13,39,1,3,55,8,1,59,52,53,60,67,120
1,0,10,40,1,4,54,11,1,60,50,51,61,71,122
1,0,12,38,0,2,54,14,1,58,50,50,64,72,122
0,0,12,38,0,6,51,13,0,57,50,50,63,70,120
1,0,12,43,1,3,50,12,1,55,55,56,67,67,123
1,0,13,42,1,6,41,18,1,49,55,56,73,67,123
1,0,12,37,0,5,56,11,1,63,49,49,60,74,123
1,0,11,36,0,4,58,10,2,65,47,47,57,75,122
2,0,12,38,1,0,56,10,2,60,50,51,60,70,121
2,0,10,37,0,0,62,8,1,65,47,47,55,73,120
1,0,12,36,0,7,51,14,1,60,48,48,62,74,122
2,0,10,37,0,3,56,13,0,61,47,47,60,74,121
1,0,13,36,0,5,55,14,0,61,49,49,63,75,124
0,0,14,35,1,4,51,18,1,56,49,50,67,74,124
1,0,14,39,0,3,53,9,2,59,53,53,62,68,121
1,0,13,39,1,5,54,8,1,61,52,53,60,69,122
1,8,11,34,0,4,49,14,1,63,45,45,59,77,122
1,0,11,34,1,3,53,19,0,57,45,46,64,76,122
1,0,12,38,0,4,53,15,1,59,50,50,65,74,124
0,0,16,33,0,4,59,8,1,64,49,49,57,72,121
1,0,12,38,1,2,51,16,0,54,50,51,66,70,121
1,0,13,41,0,3,45,17,1,50,54,54,71,67,121
1,0,9,41,1,2,51,16,1,55,50,51,66,71,122
0,0,14,38,1,4,51,16,1,56,52,53,68,72,125
1,0,11,42,1,3,55,9,0,59,53,54,62,68,122
0,0,12,36,1,3,51,18,0,54,48,49,66,72,121
0,0,11,37,1,4,57,11,1,62,48,49,59,73,122
1,0,14,37,0,5,52,14,1,59,51,51,65,73,124
0,0,13,39,1,4,46,20,1,51,52,53,72,71,124
0,0,13,39,0,7,49,12,0,56,52,52,64,68,120
1,0,13,33,0,4,56,16,0,61,46,46,62,77,123
3,0,13,33,0,5,57,9,1,66,46,46,55,75,121
1,0,14,35,0,3,52,15,0,56,49,49,64,71,120
1,0,16,36,1,3,50,14,0,54,52,53,66,68,121
1,0,12,35,0,4,59,11,1,65,47,47,58,76,123
1,0,12,37,0,3,49,19,0,53,49,49,68,72,121
1,0,12,39,0,5,58,10,0,64,51,51,61,74,125
0,0,13,33,0,0,62,11,1,63,46,46,57,74,120
1,0,12,39,1,1,50,17,1,53,51,52,68,70,122
1,9,12,35,0,3,46,15,0,59,47,47,62,74,121
1,0,13,31,1,2,59,14,0,62,44,45,58,76,121
2,0,11,40,1,3,49,15,1,55,51,52,66,70,122
0,0,10,38,0,4,49,20,0,53,48,48,68,73,121
0,0,11,38,1,0,54,17,0,54,49,50,66,71,121
1,0,14,35,1,4,50,16,1,56,49,50,65,72,122
1,0,14,39,1,4,53,9,1,59,53,54,62,68,122
1,0,11,36,0,3,58,13,1,63,47,47,60,76,123
1,0,12,38,0,4,50,17,0,55,50,50,67,72,122
1,0,9,41,1,4,52,16,1,58,50,51,66,74,125
0,0,13,41,1,5,48,16,0,53,54,55,70,69,124
1,0,13,36,1,3,55,13,1,60,49,50,62,73,123
1,0,12,35,1,5,51,15,1,58,47,48,62,73,121
1,0,13,37,0,3,54,12,1,59,50,50,62,71,121
1,0,11,43,1,4,50,14,0,55,54,55,68,69,124
0,0,9,39,1,2,55,16,1,58,48,49,64,74,123
1,0,12,35,0,2,60,10,0,63,47,47,57,73,120
1,0,10,38,1,4,49,19,1,55,48,49,67,74,123
1,0,9,39,0,4,54,16,1,60,48,48,64,76,124
1,0,13,41,1,4,56,7,1,62,54,55,61,69,124
0,0,12,39,1,6,49,16,0,55,51,52,67,71,123
1,7,13,35,1,4,54,7,1,67,48,49,55,74,123
1,0,14,36,1,4,57,11,1,63,50,51,61,74,125
5,0,9,30,0,4,62,10,1,72,39,39,49,82,121
1,0,14,40,0,3,44,18,1,49,54,54,72,67,121
1,0,13,38,0,3,50,15,1,55,51,51,66,70,121
1,0,12,37,0,3,56,11,1,61,49,49,60,72,121
0,0,13,38,0,3,52,14,1,56,51,51,65,70,121
1,0,13,37,1,5,55,11,1,62,50,51,61,73,124
1,0,11,37,0,4,55,12,1,61,48,48,60,73,121
1,6,11,33,0,2,45,21,1,55,44,44,65,76,120
3,0,14,33,0,4,56,12,0,63,47,47,59,75,122
1,0,12,36,1,3,54,14,1,59,48,49,62,73,122
0,0,13,42,1,3,49,15,0,52,55,56,70,67,123
1,0,13,39,0,1,44,23,0,46,52,52,75,69,121
1,0,12,38,0,2,55,12,1,59,50,50,62,71,121
0,0,12,35,0,3,59,12,1,63,47,47,59,75,122
2,0,11,33,0,3,54,18,1,60,44,44,62,78,122
1,0,13,39,0,5,53,10,1,60,52,52,62,70,122
1,0,12,35,0,3,62,7,1,67,47,47,54,74,121
1,0,11,38,0,3,54,14,1,59,49,49,63,73,122
1,0,10,39,1,3,53,14,0,57,49,50,63,71,121
1,0,11,40,0,2,55,11,0,58,51,51,62,69,120
0,0,15,39,1,4,49,14,1,54,54,55,68,68,123
1,0,12,41,0,5,54,9,0,60,53,53,62,69,122
1,0,17,35,0,3,53,12,1,58,52,52,64,70,122
1,0,13,39,1,2,48,16,2,53,52,53,68,69,122
1,0,9,39,0,2,56,14,0,59,48,48,62,73,121
0,0,15,32,0,2,62,8,1,65,47,47,55,73,120
1,0,12,38,0,4,50,18,1,56,50,50,68,74,124
1,0,12,37,0,4,51,16,1,57,49,49,65,73,122
0,0,15,36,0,3,49,17,1,53,51,51,68,70,121
1,0,10,39,0,4,47,20,1,53,49,49,69,73,122
0,0,11,44,0,4,45,19,1,50,55,55,74,69,124
1,0,13,35,0,4,50,19,1,56,48,48,67,75,123
1,0,13,35,0,3,55,13,0,59,48,48,61,72,120
3,0,11,34,1,2,56,15,1,62,45,46,60,77,123
0,0,15,37,1,3,53,13,1,57,52,53,65,70,123
1,0,10,40,0,6,50,13,1,58,50,50,63,71,121
1,0,12,39,1,5,56,8,0,62,51,52,59,70,122
1,0,13,40,0,4,49,12,1,55,53,53,65,67,120
1,0,15,31,1,3,58,11,1,63,46,47,57,74,121
1,0,11,36,0,4,53,18,0,58,47,47,65,76,123
0,0,13,34,0,3,58,12,1,62,47,47,59,74,121
0,0,10,38,0,5,48,22,0,53,48,48,70,75,123
1,0,11,34,1,3,62,11,1,67,45,46,56,78,124
1,0,14,37,0,4,54,11,0,59,51,51,62,70,121
1,0,11,33,1,3,57,17,1,62,44,45,61,79,124
1,0,11,32,0,4,56,16,1,62,43,43,59,78,121
1,0,14,40,0,3,51,13,0,55,54,54,67,68,122
1,0,13,37,0,4,48,19,1,54,50,50,69,73,123
2,0,15,35,0,4,49,14,1,56,50,50,64,70,120
1,0,13,31,0,5,48,27,0,54,44,44,71,81,125
1,0,13,36,0,4,52,15,0,57,49,49,64,72,121
1,0,11,38,1,4,51,15,0,56,49,50,64,71,121
0,0,14,39,1,3,47,15,1,51,53,54,68,66,120
1,0,13,36,0,2,57,9,2,62,49,49,58,71,120
3,0,11,39,1,3,50,14,1,57,50,51,64,71,122
2,0,13,40,1,3,51,11,1,57,53,54,64,68,122
1,0,11,38,1,3,54,14,0,58,49,50,63,72,122
0,0,13,39,1,5,54,12,1,60,52,53,64,72,125
1,0,13,36,1,5,53,16,1,60,49,50,65,76,126
1,0,11,42,0,1,47,17,1,50,53,53,70,67,120
1,0,11,39,1,2,48,19,0,51,50,51,69,70,121
1,0,12,37,0,5,56,13,0,62,49,49,62,75,124
1,0,12,31,0,4,54,18,1,60,43,43,61,78,121
1,0,13,34,1,2,58,12,1,62,47,48,59,74,122
1,0,14,35,0,2,45,23,0,48,49,49,72,71,120
0,0,11,41,1,4,51,14,0,55,52,53,66,69,122
1,0,14,35,1,2,56,13,0,59,49,50,62,72,122
1,0,14,33,0,3,50,20,1,55,47,47,67,75,122
1,0,10,39,1,4,55,13,0,60,49,50,62,73,123
1,0,15,36,1,3,54,13,1,59,51,52,64,72,124
1,0,13,41,1,3,49,14,0,53,54,55,68,67,122
1,0,15,38,1,5,45,17,2,53,53,54,70,70,124
1,0,15,34,0,4,56,11,0,61,49,49,60,72,121
2,0,11,39,0,4,55,12,0,61,50,50,62,73,123
0,0,10,35,0,2,51,23,0,53,45,45,68,76,121
1,0,13,40,0,2,51,13,1,55,53,53,66,68,121
1,0,14,32,0,2,58,14,0,61,46,46,60,75,121
1,0,14,37,0,2,57,9,1,61,51,51,60,70,121
0,0,14,32,1,3,60,11,0,63,46,47,57,74,121
1,0,12,41,0,3,56,8,1,61,53,53,61,69,122
1,0,11,34,1,3,49,22,1,54,45,46,67,76,122
1,0,15,34,0,4,54,12,1,60,49,49,61,72,121
0,0,11,38,0,4,51,17,1,56,49,49,66,73,122
2,0,11,40,0,5,49,16,0,56,51,51,67,72,123
1,0,12,36,0,3,57,12,0,61,48,48,60,73,121
2,0,13,35,1,4,53,15,0,59,48,49,63,74,123
1,0,12,39,1,2,52,14,0,55,51,52,65,69,121
1,0,12,38,1,3,48,18,1,53,50,51,68,71,122
1,0,11,37,0,4,53,13,1,59,48,48,61,72,120
1,0,10,37,0,2,47,24,1,51,47,47,71,75,122
4,0,10,37,1,6,52,14,1,63,47,48,61,77,125
1,0,12,37,1,4,56,11,0,61,49,50,60,72,122
1,0,14,38,0,3,55,10,0,59,52,52,62,69,121
1,0,12,38,0,4,48,18,1,54,50,50,68,72,122
1,0,12,41,0,4,49,14,1,55,53,53,67,69,122
1,0,11,40,0,3,50,16,1,55,51,51,67,71,122
1,0,12,39,0,0,49,20,1,51,51,51,71,71,122
1,0,13,36,0,3,54,13,0,58,49,49,62,71,120
1,0,12,35,0,3,55,16,0,59,47,47,63,75,122
0,0,13,36,1,4,55,13,0,59,49,50,62,72,122
1,0,13,36,1,5,52,14,1,59,49,50,63,73,123
1,0,14,39,0,3,55,9,1,60,53,53,62,69,122
1,0,15,35,0,4,54,13,1,60,50,50,63,73,123
1,0,12,34,0,4,51,21,0,56,46,46,67,77,123
0,0,14,36,1,2,59,9,0,61,50,51,59,70,121
0,0,12,35,0,5,60,8,0,65,47,47,55,73,120
1,0,12,41,1,5,54,10,0,60,53,54,63,70,124
1,0,12,37,0,4,51,19,0,56,49,49,68,75,124
1,0,14,32,1,3,60,9,1,65,46,47,55,74,121
0,0,11,33,0,4,57,15,1,62,44,44,59,77,121
1,0,11,35,0,4,54,18,1,60,46,46,64,78,124
2,0,12,39,1,2,55,10,0,59,51,52,61,69,121
2,0,13,40,1,0,44,21,0,46,53,54,74,67,121
1,0,14,36,0,2,49,18,1,53,50,50,68,71,121
0,0,12,41,1,4,47,16,1,52,53,54,69,68,122
1,0,12,35,0,4,58,12,0,63,47,47,59,75,122
1,0,11,36,0,2,57,15,0,60,47,47,62,75,122
1,0,12,37,0,2,60,9,1,64,49,49,58,73,122
1,0,16,34,0,3,49,18,0,53,50,50,68,71,121
1,0,12,41,0,3,48,15,1,53,53,53,68,68,121
1,0,10,36,0,3,47,24,1,52,46,46,70,76,122
1,0,13,34,0,4,60,9,1,66,47,47,56,75,122
1,0,12,37,0,3,55,13,0,59,49,49,62,72,121
0,0,11,37,0,5,55,12,1,61,48,48,60,73,121
1,11,13,30,0,3,53,10,0,68,43,43,53,78,121
1,0,12,39,0,3,52,16,0,56,51,51,67,72,123
1,0,11,39,0,3,54,14,1,59,50,50,64,73,123
0,0,12,40,0,2,49,16,1,52,52,52,68,68,120
1,0,13,39,0,2,51,14,0,54,52,52,66,68,120
1,0,12,35,0,4,56,12,0,61,47,47,59,73,120
1,0,12,42,0,3,53,10,1,58,54,54,64,68,122
1,0,11,39,0,3,50,18,0,54,50,50,68,72,122
1,0,12,35,1,5,56,12,1,63,47,48,59,75,123
1,0,15,36,1,3,57,9,1,62,51,52,60,71,123
3,0,14,36,0,4,48,16,1,56,50,50,66,72,122
2,0,12,39,0,4,48,17,0,54,51,51,68,71,122
1,0,11,38,0,3,58,9,1,63,49,49,58,72,121
1,0,12,32,0,6,57,13,0,64,44,44,57,77,121
1,0,12,36,0,3,56,13,0,60,48,48,61,73,121
1,0,14,35,0,3,58,10,1,63,49,49,59,73,122
0,0,13,32,0,2,63,10,1,66,45,45,55,76,121
1,0,11,33,0,4,62,12,0,67,44,44,56,79,123
2,8,9,37,0,3,47,15,0,60,46,46,61,75,121
1,0,13,31,1,4,56,15,1,62,44,45,59,77,122
0,0,10,35,0,2,65,8,1,68,45,45,53,76,121
1,0,10,36,0,4,62,10,1,68,46,46,56,78,124
1,0,11,34,1,3,51,21,1,56,45,46,66,77,123
1,0,15,38,0,3,50,14,0,54,53,53,67,68,121
1,0,12,35,0,2,58,12,1,62,47,47,59,74,121
0,0,12,37,1,3,53,15,1,57,49,50,64,72,122
0,0,11,38,1,4,51,19,0,55,49,50,68,74,124
1,0,15,37,1,3,51,13,1,56,52,53,65,69,122
1,0,14,37,1,4,54,13,1,60,51,52,64,73,125
1,0,14,37,1,3,48,17,1,53,51,52,68,70,122
1,0,13,33,1,3,54,18,0,58,46,47,64,76,123
0,0,11,40,0,4,54,14,0,58,51,51,65,72,123
1,0,11,37,1,2,49,21,1,53,48,49,69,74,123
1,0,13,31,0,5,63,7,0,69,44,44,51,76,120
1,0,11,39,1,4,57,11,0,62,50,51,61,73,124
2,0,11,39,1,2,51,15,1,56,50,51,65,71,122
1,0,13,37,1,3,52,16,1,57,50,51,66,73,124
1,0,13,39,0,5,55,7,0,61,52,52,59,68,120
1,0,12,37,0,4,47,22,1,53,49,49,71,75,124
1,0,11,39,0,4,49,18,0,54,50,50,68,72,122
1,0,12,38,1,4,47,18,1,53,50,51,68,71,122
1,0,13,37,0,5,52,14,1,59,50,50,64,73,123
1,0,13,37,1,6,50,13,0,57,50,51,63,70,121
1,0,13,37,0,2,53,15,0,56,50,50,65,71,121
1,0,14,32,1,4,57,14,1,63,46,47,60,77,124
0,0,13,40,1,2,53,11,1,56,53,54,64,67,121
1,0,10,39,1,2,43,25,1,47,49,50,74,72,122
0,0,11,34,1,3,59,15,0,62,45,46,60,77,123
1,0,12,39,1,5,51,14,1,58,51,52,65,72,124
1,0,11,35,1,3,47,24,2,53,46,47,70,77,124
1,0,11,39,0,2,57,11,1,61,50,50,61,72,122
1,0,12,37,0,3,47,22,0,51,49,49,71,73,122
1,0,12,36,0,3,58,11,0,62,48,48,59,73,121
1,0,12,40,0,4,53,11,1,59,52,52,63,70,122
1,0,11,33,0,3,59,12,1,64,44,44,56,76,120
1,0,11,40,0,2,51,16,0,54,51,51,67,70,121
1,0,14,39,0,5,48,14,0,54,53,53,67,68,121
1,0,12,40,0,2,49,17,0,52,52,52,69,69,121
1,0,11,36,1,4,60,8,1,66,47,48,55,74,122
1,0,16,33,1,4,54,12,1,60,49,50,61,72,122
1,0,13,37,0,3,53,14,1,58,50,50,64,72,122
0,0,12,40,1,3,50,15,1,54,52,53,67,69,122
1,0,10,42,1,3,48,15,1,53,52,53,67,68,121
2,0,10,40,0,5,52,14,0,59,50,50,64,73,123
1,0,11,35,0,3,57,13,0,61,46,46,59,74,120
1,0,11,41,1,2,53,13,1,57,52,53,65,70,123
1,0,12,38,1,3,55,12,1,60,50,51,62,72,123
1,0,8,36,1,1,43,29,2,47,44,45,73,76,121
1,0,16,35,0,2,49,19,1,53,51,51,70,72,123
1,0,13,33,0,5,57,15,1,64,46,46,61,79,125
1,0,10,36,1,3,54,19,1,59,46,47,65,78,125
0,0,12,36,0,4,54,14,1,59,48,48,62,73,121
1,0,11,35,1,4,54,15,0,59,46,47,61,74,121
0,0,12,34,0,2,63,9,1,66,46,46,55,75,121
1,0,16,41,0,4,48,11,0,53,57,57,68,64,121
1,0,14,39,0,3,46,18,0,50,53,53,71,68,121
1,0,11,40,0,3,53,12,0,57,51,51,63,69,120
2,0,12,36,0,4,55,11,1,62,48,48,59,73,121
1,0,15,34,0,4,51,16,1,57,49,49,65,73,122
1,0,14,40,1,3,52,11,1,57,54,55,65,68,123
1,0,12,37,1,4,56,13,1,62,49,50,62,75,125
1,0,9,37,0,3,55,16,0,59,46,46,62,75,121
0,0,14,37,0,4,53,14,0,57,51,51,65,71,122
0,0,11,38,1,3,55,13,0,58,49,50,62,71,121
1,0,13,37,1,4,53,15,1,59,50,51,65,74,125
1,0,12,31,1,4,61,12,1,67,43,44,55,79,123
2,0,13,34,0,3,61,8,0,66,47,47,55,74,121
1,0,13,42,0,5,48,12,1,55,55,55,67,67,122
4,0,14,36,1,4,52,12,1,61,50,51,62,73,124
1,12,14,33,0,3,49,9,1,66,47,47,56,75,122
1,0,13,35,1,2,59,10,0,62,48,49,58,72,121
1,0,14,36,0,4,52,16,0,57,50,50,66,73,123
1,0,13,32,0,5,61,10,1,68,45,45,55,78,123
0,0,10,40,1,2,55,13,0,57,50,51,63,70,121
1,0,11,34,0,4,62,10,0,67,45,45,55,77,122
2,0,14,37,1,3,50,14,1,56,51,52,65,70,122
1,0,11,45,0,2,47,14,0,50,56,56,70,64,120
0,0,11,39,1,2,49,18,1,52,50,51,68,70,121
0,0,10,39,0,3,52,18,1,56,49,49,67,74,123
1,0,8,39,1,5,46,25,1,53,47,48,72,78,126
1,0,13,36,1,4,49,18,1,55,49,50,67,73,123
0,0,12,33,0,4,60,11,0,64,45,45,56,75,120
1,0,14,38,1,4,51,15,0,56,52,53,67,71,124
1,0,13,38,0,5,50,15,1,57,51,51,66,72,123
1,0,12,38,1,4,57,10,1,63,50,51,60,73,124
1,0,13,35,1,4,58,11,1,64,48,49,59,75,124
1,0,13,35,1,3,55,15,0,59,48,49,63,74,123
1,0,12,38,1,5,55,12,1,62,50,51,62,74,125
2,0,11,35,0,2,59,11,1,64,46,46,57,75,121
1,0,12,39,1,3,52,15,0,56,51,52,66,71,123
0,0,12,39,1,4,55,12,0,59,51,52,63,71,123
1,0,13,39,0,4,49,15,1,55,52,52,67,70,122
1,0,13,36,0,4,59,9,0,64,49,49,58,73,122
1,0,13,35,0,3,59,10,1,64,48,48,58,74,122
1,0,12,36,1,4,59,11,0,64,48,49,59,75,124
1,0,12,34,0,4,55,14,1,61,46,46,60,75,121
1,0,10,35,0,5,51,18,1,58,45,45,63,76,121
0,0,11,34,1,4,51,19,2,57,45,46,64,76,122
0,0,13,37,0,4,54,12,0,58,50,50,62,70,120
0,0,12,39,0,3,55,12,1,59,51,51,63,71,122
1,0,12,38,1,5,54,10,1,61,50,51,60,71,122
1,0,13,37,0,3,55,12,1,60,50,50,62,72,122
1,0,12,37,1,3,53,15,0,57,49,50,64,72,122
1,0,12,39,1,2,50,17,1,54,51,52,68,71,123
1,0,13,40,1,3,40,23,1,45,53,54,76,68,122
2,0,12,39,1,3,50,14,0,55,51,52,65,69,121
1,0,10,35,0,4,61,10,0,66,45,45,55,76,121
1,0,11,36,1,2,57,14,1,61,47,48,61,75,123
1,0,12,41,0,4,46,17,1,52,53,53,70,69,122
0,0,13,39,1,3,53,13,0,56,52,53,65,69,122
1,0,10,42,1,3,47,18,1,52,52,53,70,70,123
5,0,12,29,1,4,53,17,0,62,41,42,58,79,121
1,0,13,41,1,2,45,19,1,49,54,55,73,68,123
1,0,11,37,1,3,55,13,0,59,48,49,61,72,121
1,0,10,38,0,4,51,17,0,56,48,48,65,73,121
1,0,10,33,1,3,61,13,0,65,43,44,56,78,122
1,0,14,39,1,4,49,15,1,55,53,54,68,70,124
2,0,12,40,1,3,53,12,0,58,52,53,64,70,123
3,0,12,35,1,3,53,14,1,60,47,48,61,74,122
1,0,10,38,0,3,51,18,1,56,48,48,66,74,122
0,0,14,34,1,2,51,19,1,54,48,49,67,73,122
0,0,14,40,1,3,54,10,1,58,54,55,64,68,123
1,0,11,36,1,2,54,17,0,57,47,48,64,74,122
1,0,10,38,0,5,51,20,0,57,48,48,68,77,125
1,0,9,41,1,3,51,18,1,56,50,51,68,74,125
0,0,13,30,0,5,48,27,0,53,43,43,70,80,123
0,0,12,35,0,0,52,20,1,53,47,47,67,73,120
1,0,11,37,1,3,51,17,1,56,48,49,65,73,122
1,0,11,41,1,4,47,19,0,52,52,53,71,71,124
1,0,14,37,0,3,48,19,0,52,51,51,70,71,122
1,0,12,39,0,3,50,16,1,55,51,51,67,71,122
1,0,14,33,0,4,55,13,0,60,47,47,60,73,120
0,0,15,43,1,3,51,8,0,54,58,59,66,62,121
2,0,12,38,0,4,54,12,1,61,50,50,62,73,123
1,0,15,35,1,5,50,15,0,56,50,51,65,71,122
1,0,10,36,1,1,62,10,0,64,46,47,56,74,121
1,0,13,30,1,4,58,15,1,64,43,44,58,79,123
1,0,13,36,0,2,54,14,0,57,49,49,63,71,120
1,0,13,36,1,2,55,13,1,59,49,50,62,72,122
1,0,12,35,0,3,54,15,1,59,47,47,62,74,121
1,0,10,39,1,2,47,23,1,51,49,50,72,74,124
1,0,11,35,0,2,56,16,1,60,46,46,62,76,122
1,0,13,36,1,1,53,15,1,56,49,50,64,71,121
1,0,10,36,1,2,54,18,0,57,46,47,64,75,122
1,0,11,39,1,3,49,17,0,53,50,51,67,70,121
1,0,12,36,0,3,58,12,0,62,48,48,60,74,122
1,0,14,34,0,0,54,18,1,56,48,48,66,74,122
1,0,10,37,1,3,55,14,1,60,47,48,61,74,122
0,0,9,38,1,2,56,15,1,59,47,48,62,74,122
1,0,11,39,0,3,47,20,0,51,50,50,70,71,121
0,0,13,39,1,5,46,20,1,52,52,53,72,72,125
1,0,13,36,0,4,58,10,0,63,49,49,59,73,122
2,0,13,36,1,4,53,12,0,59,49,50,61,71,121
1,0,14,38,1,3,49,15,1,54,52,53,67,69,122
1,0,16,34,1,4,53,13,1,59,50,51,63,72,123
0,0,12,37,0,2,47,21,1,50,49,49,70,71,120
1,0,11,39,0,3,55,13,0,59,50,50,63,72,122
1,10,13,37,0,2,45,13,0,58,50,50,63,71,121
1,0,13,33,1,2,57,15,1,61,46,47,61,76,123
0,0,11,40,0,3,51,15,1,55,51,51,66,70,121
6,0,12,36,0,5,50,14,1,62,48,48,62,76,124
0,0,11,39,1,4,46,22,0,50,50,51,72,72,123
0,0,11,43,1,2,51,13,1,54,54,55,67,67,122
1,0,14,39,1,2,48,15,1,52,53,54,68,67,121
3,0,11,35,1,3,54,14,0,60,46,47,60,74,121
1,0,12,38,1,5,45,16,3,54,50,51,66,70,121
1,0,14,36,0,5,50,16,0,56,50,50,66,72,122
1,0,15,36,0,3,53,12,0,57,51,51,63,69,120
1,0,13,36,1,5,55,14,0,61,49,50,63,75,125
1,0,12,39,1,4,54,12,1,60,51,52,63,72,124
0,0,14,34,1,3,50,18,2,55,48,49,66,73,122
0,0,13,36,0,3,48,19,1,52,49,49,68,71,120
4,0,11,37,0,4,52,14,1,61,48,48,62,75,123
1,0,13,36,0,3,55,12,0,59,49,49,61,71,120
1,0,12,37,1,3,53,14,1,58,49,50,63,72,122
1,0,12,37,0,1,52,18,0,54,49,49,67,72,121
1,0,14,39,0,3,53,12,0,57,53,53,65,69,122
1,0,13,40,0,4,51,12,1,57,53,53,65,69,122
1,0,12,34,1,2,58,14,1,62,46,47,60,76,123
0,0,11,40,0,1,55,13,1,57,51,51,64,70,121
1,0,12,40,0,1,46,21,0,48,52,52,73,69,121
1,0,13,35,0,4,53,16,1,59,48,48,64,75,123
1,0,12,34,0,4,57,14,1,63,46,46,60,77,123
1,0,10,39,1,5,44,24,0,50,49,50,73,74,124
1,0,13,31,1,4,52,19,0,57,44,45,63,76,121
0,0,10,37,1,5,55,16,1,61,47,48,63,77,125
0,0,13,33,1,3,57,15,0,60,46,47,61,75,122
1,0,13,39,1,6,52,13,1,60,52,53,65,73,126
1,0,11,41,0,3,51,15,1,56,52,52,67,71,123
1,0,15,40,1,3,50,11,1,55,55,56,66,66,122
1,0,12,36,0,3,46,23,1,51,48,48,71,74,122
1,0,14,33,0,4,57,13,0,62,47,47,60,75,122
0,0,13,38,1,7,49,13,1,57,51,52,64,70,122
1,0,12,36,1,4,57,10,1,63,48,49,58,73,122
1,0,10,35,0,3,57,14,1,62,45,45,59,76,121
3,0,11,37,0,4,58,10,0,65,48,48,58,75,123
1,0,13,37,1,2,58,9,1,62,50,51,59,71,122
1,0,14,35,1,4,51,18,0,56,49,50,67,74,124
0,0,14,36,1,3,58,9,1,62,50,51,59,71,122
1,0,12,36,0,2,58,11,1,62,48,48,59,73,121
1,0,12,39,0,4,52,12,0,57,51,51,63,69,120
1,0,13,33,1,4,64,8,1,70,46,47,54,78,125
1,0,14,36,0,5,53,15,1,60,50,50,65,75,125
0,0,12,39,0,5,55,12,1,61,51,51,63,73,124
1,0,11,36,1,3,55,16,0,59,47,48,63,75,123
2,0,13,39,1,5,48,16,1,56,52,53,68,72,125
1,0,13,34,1,3,54,15,1,59,47,48,62,74,122
1,0,11,37,0,4,50,20,1,56,48,48,68,76,124
1,0,12,36,1,2,56,14,0,59,48,49,62,73,122
1,0,14,44,0,3,45,16,1,50,58,58,74,66,124
0,0,10,41,0,5,53,14,1,59,51,51,65,73,124
1,0,13,37,0,5,46,22,0,52,50,50,72,74,124
1,0,10,38,1,4,51,18,1,57,48,49,66,75,124
1,0,12,36,1,2,57,12,1,61,48,49,60,73,122
1,0,12,38,0,3,54,13,0,58,50,50,63,71,121
1,0,12,39,1,4,52,13,0,57,51,52,64,70,122
1,0,15,39,1,3,52,11,0,56,54,55,65,67,122
1,0,13,35,0,3,53,16,0,57,48,48,64,73,121
1,0,12,38,1,3,54,13,1,59,50,51,63,72,123
0,0,14,39,0,2,53,12,0,55,53,53,65,67,120
1,0,11,35,0,3,55,16,1,60,46,46,62,76,122
3,0,13,34,1,3,55,13,1,62,47,48,60,75,123
0,0,12,34,1,4,62,9,1,67,46,47,55,76,123
1,0,13,33,1,4,54,16,0,59,46,47,62,75,122
1,0,14,34,0,2,53,16,1,57,48,48,64,73,121
1,0,12,35,1,2,57,14,0,60,47,48,61,74,122
2,0,13,32,1,4,59,10,1,66,45,46,55,76,122
1,0,13,36,1,3,50,14,4,58,49,50,63,72,122
1,0,12,37,0,4,59,11,1,65,49,49,60,76,125
1,10,14,33,0,3,41,20,1,56,47,47,67,76,123
1,0,13,40,1,4,47,18,0,52,53,54,71,70,124
1,0,13,36,1,3,47,22,1,52,49,50,71,74,124
1,0,13,37,1,4,56,10,1,62,50,51,60,72,123
1,0,15,35,0,3,52,14,1,57,50,50,64,71,121
1,0,13,41,0,4,53,9,1,59,54,54,63,68,122
4,0,13,35,0,2,53,12,1,60,48,48,60,72,120
1,0,14,35,0,3,51,17,1,56,49,49,66,73,122
1,0,15,37,1,3,50,14,2,56,52,53,66,70,123
1,0,13,31,1,5,63,6,1,70,44,45,50,76,121
0,0,11,37,1,2,57,13,0,59,48,49,61,72,121
0,0,12,35,1,3,55,16,1,59,47,48,63,75,123
1,0,12,37,1,2,51,17,0,54,49,50,66,71,121
1,0,12,38,0,3,55,12,0,59,50,50,62,71,121
0,0,13,40,0,3,52,12,1,56,53,53,65,68,121
2,0,14,32,0,3,62,7,0,67,46,46,53,74,120
1,0,12,37,1,2,53,15,2,58,49,50,64,73,123
1,0,11,42,1,6,48,17,0,55,53,54,70,72,126
2,0,12,36,1,4,52,15,0,58,48,49,63,73,122
1,0,13,35,1,3,59,10,0,63,48,49,58,73,122
1,0,13,36,0,6,48,18,1,56,49,49,67,74,123
0,0,11,37,1,3,59,12,1,63,48,49,60,75,124
1,0,10,40,0,2,44,25,0,47,50,50,75,72,122
0,0,13,39,0,3,59,7,1,63,52,52,59,70,122
1,0,14,38,0,6,52,14,0,59,52,52,66,73,125
0,0,14,38,0,4,52,14,1,57,52,52,66,71,123
1,0,13,38,1,3,52,16,1,57,51,52,67,73,125
1,0,14,36,1,3,51,15,0,55,50,51,65,70,121
1,8,11,34,1,4,49,15,1,63,45,46,60,78,124
0,0,12,37,0,4,57,11,1,62,49,49,60,73,122
1,0,13,37,0,3,51,15,0,55,50,50,65,70,120
1,0,11,39,1,3,56,10,0,60,50,51,60,70,121
1,0,14,38,1,4,49,16,1,55,52,53,68,71,124
2,0,11,36,1,3,53,15,1,59,47,48,62,74,122
0,0,11,44,0,4,49,11,1,54,55,55,66,65,120
0,0,13,34,1,5,56,14,1,62,47,48,61,76,124
0,0,12,40,1,5,51,12,0,56,52,53,64,68,121
1,0,14,35,0,3,56,11,1,61,49,49,60,72,121
1,0,11,37,0,2,57,13,1,61,48,48,61,74,122
1,0,13,40,1,3,49,13,1,54,53,54,66,67,121
6,0,11,35,1,3,55,12,0,64,46,47,58,76,123
1,0,12,37,1,3,51,17,1,56,49,50,66,73,123
1,9,13,34,0,4,51,8,1,66,47,47,55,74,121
1,0,13,37,0,2,52,15,0,55,50,50,65,70,120
1,0,15,38,1,3,44,21,0,48,53,54,74,69,123
1,0,11,36,1,3,57,13,0,61,47,48,60,74,122
1,0,11,36,0,2,53,17,1,57,47,47,64,74,121
2,0,11,43,1,2,49,13,1,54,54,55,67,67,122
1,0,15,35,0,6,57,11,1,65,50,50,61,76,126
3,0,12,37,1,4,52,14,0,59,49,50,63,73,123
1,0,13,40,0,4,49,14,1,55,53,53,67,69,122
1,0,13,37,0,3,48,19,0,52,50,50,69,71,121
1,0,12,40,1,4,50,14,1,56,52,53,66,70,123
1,0,9,41,1,2,51,17,1,55,50,51,67,72,123
1,0,13,34,1,5,57,10,0,63,47,48,57,73,121
1,0,10,37,0,3,56,14,1,61,47,47,61,75,122
0,0,11,40,1,4,55,13,1,60,51,52,64,73,125
1,0,12,33,1,3,58,15,0,62,45,46,60,77,123
1,0,12,36,1,2,53,16,0,56,48,49,64,72,121
0,0,14,31,1,4,63,7,1,68,45,46,52,75,121
1,0,13,35,1,5,54,12,0,60,48,49,60,72,121
2,0,13,35,1,3,55,12,1,61,48,49,60,73,122
1,0,12,37,1,3,56,12,1,61,49,50,61,73,123
1,0,11,37,1,3,56,14,0,60,48,49,62,74,123
0,0,11,39,0,0,52,18,1,53,50,50,68,71,121
1,0,14,41,1,3,48,15,1,53,55,56,70,68,124
1,0,12,35,0,4,51,20,0,56,47,47,67,76,123
1,0,12,37,0,4,55,13,1,61,49,49,62,74,123
1,0,12,34,1,3,56,14,0,60,46,47,60,74,121
1,0,12,37,0,4,54,14,1,60,49,49,63,74,123
0,0,13,38,0,5,55,11,1,61,51,51,62,72,123
1,0,13,36,1,3,61,8,0,65,49,50,57,73,123
1,0,13,36,0,4,50,19,0,55,49,49,68,74,123
2,0,13,39,1,4,47,16,0,53,52,53,68,69,122
4,0,12,34,1,3,62,6,0,69,46,47,52,75,122
1,0,13,41,0,5,47,14,1,54,54,54,68,68,122
1,0,11,40,1,6,45,22,1,53,51,52,73,75,127
1,0,14,33,0,2,53,17,1,57,47,47,64,74,121
1,0,13,41,1,4,49,13,1,55,54,55,67,68,123
1,0,14,34,1,2,55,15,0,58,48,49,63,73,122
1,0,12,36,0,5,53,16,1,60,48,48,64,76,124
1,0,13,30,0,2,60,15,1,64,43,43,58,79,122
0,0,15,36,1,2,56,10,1,59,51,52,61,69,121
2,0,12,36,0,6,55,13,1,64,48,48,61,77,125
1,0,12,40,0,4,54,11,0,59,52,52,63,70,122
1,0,13,39,1,2,52,14,1,56,52,53,66,70,123
1,0,13,39,0,4,46,19,1,52,52,52,71,71,123
1,0,12,37,1,2,56,13,0,59,49,50,62,72,122
1,0,12,39,0,0,57,12,0,58,51,51,63,70,121
0,0,12,39,0,3,51,15,1,55,51,51,66,70,121
0,0,12,39,1,2,48,19,1,51,51,52,70,70,122
1,0,14,39,1,3,53,11,1,58,53,54,64,69,123
1,0,12,36,1,4,47,23,1,53,48,49,71,76,125
4,0,12,37,0,2,54,11,0,60,49,49,60,71,120
1,0,13,35,0,5,57,12,1,64,48,48,60,76,124
1,0,11,34,1,2,57,16,0,60,45,46,61,76,122
0,0,12,32,1,3,59,14,0,62,44,45,58,76,121
1,0,10,37,1,3,55,16,0,59,47,48,63,75,123
1,0,14,38,0,3,48,19,1,53,52,52,71,72,124
1,0,9,42,0,2,53,14,1,57,51,51,65,71,122
1,0,12,36,0,4,52,17,1,58,48,48,65,75,123
1,0,11,35,0,2,55,18,1,59,46,46,64,77,123
1,0,12,38,1,3,54,13,0,58,50,51,63,71,122
1,0,13,38,1,5,50,15,0,56,51,52,66,71,123
0,0,14,33,0,3,53,17,1,57,47,47,64,74,121
0,0,13,40,1,3,49,16,1,53,53,54,69,69,123
1,0,14,34,1,5,54,16,1,61,48,49,64,77,126
1,0,14,37,0,2,56,11,1,60,51,51,62,71,122
1,0,11,38,1,4,51,18,1,57,49,50,67,75,125
1,0,13,37,1,4,47,20,1,53,50,51,70,73,124
1,0,12,40,0,3,53,12,0,57,52,52,64,69,121
0,0,11,41,0,2,49,13,4,55,52,52,65,68,120
2,0,12,36,0,3,55,12,0,60,48,48,60,72,120
0,0,10,38,0,4,56,12,1,61,48,48,60,73,121
1,0,13,37,1,5,51,17,1,58,50,51,67,75,126
1,0,14,35,0,2,51,18,1,55,49,49,67,73,122
1,0,13,38,0,3,51,17,1,56,51,51,68,73,124
1,0,14,36,0,2,55,14,0,58,50,50,64,72,122
2,0,15,34,0,3,51,14,1,57,49,49,63,71,120
1,0,15,35,1,3,49,18,0,53,50,51,68,71,122
2,0,12,38,1,3,48,16,1,54,50,51,66,70,121
1,0,13,39,0,4,55,12,1,61,52,52,64,73,125
1,0,16,37,0,5,51,13,0,57,53,53,66,70,123
1,0,11,42,1,3,49,15,0,53,53,54,68,68,122
0,0,10,45,1,3,48,14,1,52,55,56,69,66,122
1,0,11,37,0,2,51,19,0,54,48,48,67,73,121
1,0,13,32,0,0,63,12,1,65,45,45,57,77,122
1,8,12,35,0,2,45,18,1,57,47,47,65,75,122
0,0,12,39,1,2,53,13,1,56,51,52,64,69,121
1,0,12,42,0,2,47,16,0,50,54,54,70,66,120
1,0,15,38,0,1,54,12,1,57,53,53,65,69,122
1,0,12,38,0,3,56,11,0,60,50,50,61,71,121
1,0,13,37,0,3,51,18,0,55,50,50,68,73,123
1,0,12,36,0,3,57,13,0,61,48,48,61,74,122
1,0,13,38,0,2,53,13,0,56,51,51,64,69,120
1,0,11,37,0,2,53,16,1,57,48,48,64,73,121
1,0,12,42,1,4,48,14,2,55,54,55,68,69,124
0,0,11,38,0,1,52,18,1,54,49,49,67,72,121
1,0,14,36,0,4,53,12,1,59,50,50,62,71,121
1,0,12,36,1,4,46,24,1,52,48,49,72,76,125
2,0,14,39,1,4,52,9,1,59,53,54,62,68,122
2,0,11,35,0,6,54,12,0,62,46,46,58,74,120
1,0,11,38,0,0,53,15,2,56,49,49,64,71,120
1,0,13,38,1,3,42,25,0,46,51,52,76,71,123
1,0,13,36,1,2,45,24,1,49,49,50,73,73,123
1,0,12,35,1,3,59,11,1,64,47,48,58,75,123
1,0,15,37,1,4,53,11,1,59,52,53,63,70,123
1,0,11,33,0,2,60,14,1,64,44,44,58,78,122
1,0,13,35,0,4,52,15,1,58,48,48,63,73,121
2,0,11,38,0,1,52,16,1,56,49,49,65,72,121
1,0,13,36,1,4,53,15,0,58,49,50,64,73,123
1,0,14,36,0,4,49,17,0,54,50,50,67,71,121
1,0,10,37,1,6,54,12,0,61,47,48,59,73,121
2,0,12,39,1,2,54,11,1,59,51,52,62,70,122
1,0,13,38,0,2,53,14,1,57,51,51,65,71,122
1,0,10,41,0,2,54,14,1,58,51,51,65,72,123
1,0,11,38,1,4,51,17,1,57,49,50,66,74,124
1,0,13,37,1,4,48,18,1,54,50,51,68,72,123
1,0,11,36,0,4,55,15,1,61,47,47,62,76,123
1,0,12,38,0,4,54,11,1,60,50,50,61,71,121
1,0,8,39,1,3,48,23,0,52,47,48,70,75,123
0,0,13,36,1,3,58,10,0,61,49,50,59,71,121
1,0,13,34,0,5,56,12,1,63,47,47,59,75,122
1,0,12,36,0,4,53,15,0,58,48,48,63,73,121
1,0,12,34,0,5,52,16,1,59,46,46,62,75,121
1,0,14,38,1,2,51,15,0,54,52,53,67,69,122
1,0,12,35,0,3,58,13,1,63,47,47,60,76,123
2,0,11,33,0,4,56,17,1,63,44,44,61,80,124
1,0,12,38,1,4,47,17,1,53,50,51,67,70,121
1,0,12,35,1,3,53,17,0,57,47,48,64,74,122
1,0,12,40,1,2,49,16,1,53,52,53,68,69,122
1,0,10,41,1,3,51,15,1,56,51,52,66,71,123
0,0,15,36,1,5,51,15,1,57,51,52,66,72,124
1,0,14,38,0,3,53,14,1,58,52,52,66,72,124
2,0,12,34,0,5,53,14,1,61,46,46,60,75,121
1,0,12,37,0,2,56,12,0,59,49,49,61,71,120
1,0,12,32,0,4,54,18,0,59,44,44,62,77,121
1,0,12,39,0,3,53,12,1,58,51,51,63,70,121
5,0,11,36,1,3,48,17,1,57,47,48,64,74,122
3,8,13,37,0,2,43,15,0,56,50,50,65,71,121
0,0,14,37,1,3,43,23,0,46,51,52,74,69,121
1,0,11,36,0,6,47,23,1,55,47,47,70,78,125
1,0,11,36,0,5,54,17,0,60,47,47,64,77,124
1,0,14,34,1,3,53,16,1,58,48,49,64,74,123
1,0,12,36,0,2,53,17,1,57,48,48,65,74,122
1,0,12,37,1,3,53,13,1,58,49,50,62,71,121
1,0,11,35,0,3,53,20,0,57,46,46,66,77,123
0,0,12,36,1,1,52,19,1,54,48,49,67,73,122
1,0,12,39,1,5,52,11,1,59,51,52,62,70,122
1,0,14,37,0,3,56,11,0,60,51,51,62,71,122
0,0,12,38,0,3,53,14,1,57,50,50,64,71,121
1,0,14,35,1,5,50,18,0,56,49,50,67,74,124
1,0,11,38,1,3,56,12,0,60,49,50,61,72,122
1,0,14,37,0,2,51,16,0,54,51,51,67,70,121
2,0,11,39,1,3,44,23,0,49,50,51,73,72,123
1,0,12,41,0,2,54,11,0,57,53,53,64,68,121
0,0,14,31,0,3,56,15,1,60,45,45,60,75,120
1,0,12,36,1,2,54,15,1,58,48,49,63,73,122
0,0,12,40,0,2,48,17,1,51,52,52,69,68,120
1,0,12,38,1,3,53,13,0,57,50,51,63,70,121
1,0,11,38,0,3,55,14,1,60,49,49,63,74,123
0,0,11,37,1,2,52,18,1,55,48,49,66,73,122
1,0,12,36,1,2,57,13,0,60,48,49,61,73,122
1,0,12,39,1,4,58,10,1,64,51,52,61,74,126
0,0,13,36,0,5,53,13,0,58,49,49,62,71,120
1,0,14,37,0,5,52,13,1,59,51,51,64,72,123
0,0,12,42,0,4,52,13,0,56,54,54,67,69,123
0,0,12,33,1,8,53,13,1,62,45,46,58,75,121
2,0,12,37,1,4,51,15,1,58,49,50,64,73,123
1,0,13,37,1,4,52,15,1,58,50,51,65,73,124
1,0,17,40,0,5,52,7,0,58,57,57,64,65,122
2,0,9,38,1,4,53,15,1,60,47,48,62,75,123
1,0,10,37,1,4,55,13,0,60,47,48,60,73,121
0,0,12,39,0,4,53,14,1,58,51,51,65,72,123
0,0,13,36,1,4,54,14,1,59,49,50,63,73,123
1,0,12,38,1,3,44,20,2,50,50,51,70,70,121
1,0,12,37,1,5,54,14,0,60,49,50,63,74,124
1,0,13,38,1,4,45,19,0,50,51,52,70,69,121
1,0,11,42,0,4,47,16,1,53,53,53,69,69,122
1,0,10,42,0,4,46,17,1,52,52,52,69,69,121
1,0,12,32,0,4,47,25,1,53,44,44,69,78,122
1,0,12,37,0,2,44,24,1,48,49,49,73,72,121
1,0,13,31,1,3,59,15,0,63,44,45,59,78,123
1,0,13,40,1,3,51,13,1,56,53,54,66,69,123
1,0,13,32,1,3,58,12,1,63,45,46,57,75,121
1,0,11,45,0,3,52,9,0,56,56,56,65,65,121
1,0,12,38,0,4,55,13,1,61,50,50,63,74,124
1,0,14,37,1,3,56,9,1,61,51,52,60,70,122
1,0,13,36,1,3,54,12,0,58,49,50,61,70,120
1,0,10,40,0,3,48,19,1,53,50,50,69,72,122
1,0,12,39,1,3,49,17,1,54,51,52,68,71,123
0,0,12,34,0,2,58,14,0,60,46,46,60,74,120
1,0,13,33,1,4,55,16,1,61,46,47,62,77,124
1,0,11,40,0,3,53,13,1,58,51,51,64,71,122
1,0,13,39,1,4,55,8,1,61,52,53,60,69,122
1,0,14,35,0,6,54,11,1,62,49,49,60,73,122
1,0,10,40,1,2,57,11,1,61,50,51,61,72,123
1,0,14,37,1,4,45,19,1,51,51,52,70,70,122
1,0,14,35,0,4,53,16,1,59,49,49,65,75,124
1,0,12,36,0,3,46,23,1,51,48,48,71,74,122
1,0,11,43,0,3,52,11,1,57,54,54,65,68,122
0,0,13,42,0,3,39,23,1,43,55,55,78,66,121
1,0,10,35,0,4,51,21,0,56,45,45,66,77,122
1,0,14,35,0,5,54,14,1,61,49,49,63,75,124
1,0,14,37,1,5,49,18,1,56,51,52,69,74,126
1,0,15,34,0,3,55,14,1,60,49,49,63,74,123
1,0,12,36,0,4,58,12,0,63,48,48,60,75,123
1,0,11,41,0,3,50,16,0,54,52,52,68,70,122
1,0,11,37,0,3,54,14,1,59,48,48,62,73,121
1,0,14,39,1,3,50,14,0,54,53,54,67,68,122
1,0,13,39,0,5,52,14,1,59,52,52,66,73,125
1,0,12,42,1,3,49,15,0,53,54,55,69,68,123
1,0,13,35,0,3,54,15,0,58,48,48,63,73,121
1,0,13,34,0,3,60,10,0,64,47,47,57,74,121
1,0,12,40,1,5,52,13,1,59,52,53,65,72,125
1,0,12,37,1,2,52,17,1,56,49,50,66,73,123
1,0,12,35,1,4,50,17,1,56,47,48,64,73,121
1,0,14,37,0,6,49,13,1,57,51,51,64,70,121
6,0,12,36,0,2,50,14,1,59,48,48,62,73,121
1,0,13,36,0,5,57,11,1,64,49,49,60,75,124
1,0,12,38,0,3,45,21,0,49,50,50,71,70,120
1,0,11,39,0,3,50,17,1,55,50,50,67,72,122
1,0,12,35,1,2,57,13,0,60,47,48,60,73,121
1,0,15,38,1,3,48,15,0,52,53,54,68,67,121
0,0,11,43,1,5,50,14,0,55,54,55,68,69,124
1,0,13,35,0,4,52,16,0,57,48,48,64,73,121
2,0,11,38,0,3,49,16,1,55,49,49,65,71,120
0,0,13,37,1,3,53,14,0,56,50,51,64,70,121
0,0,12,38,1,4,52,15,1,57,50,51,65,72,123
1,0,13,33,0,1,55,17,1,58,46,46,63,75,121
2,0,11,38,1,4,56,9,1,63,49,50,58,72,122
4,0,12,34,1,5,59,9,0,68,46,47,55,77,124
1,0,12,37,0,4,52,16,0,57,49,49,65,73,122
1,0,13,40,0,3,45,18,1,50,53,53,71,68,121
1,0,12,32,0,4,64,8,0,69,44,44,52,77,121
1,0,13,39,1,4,51,14,1,57,52,53,66,71,124
1,0,12,33,0,3,51,21,0,55,45,45,66,76,121
1,0,12,39,0,4,50,15,0,55,51,51,66,70,121
0,0,12,35,1,2,57,15,1,60,47,48,62,75,123
1,0,13,38,1,5,51,11,1,58,51,52,62,69,121
1,0,12,41,0,3,51,14,0,55,53,53,67,69,122
0,0,12,38,0,2,49,20,1,52,50,50,70,72,122
0,0,12,39,1,4,55,13,0,59,51,52,64,72,124
1,0,12,37,1,3,52,17,0,56,49,50,66,73,123
1,0,12,37,1,3,52,17,0,56,49,50,66,73,123
1,0,12,36,0,5,53,13,1,60,48,48,61,73,121
1,0,12,35,0,2,59,13,0,62,47,47,60,75,122
2,0,12,36,1,2,52,16,1,57,48,49,64,73,122
1,0,14,35,0,2,51,17,0,54,49,49,66,71,120
1,0,13,38,1,2,55,11,1,59,51,52,62,70,122
1,0,12,37,1,4,47,20,0,52,49,50,69,72,122
1,0,12,41,0,2,49,15,1,53,53,53,68,68,121
1,0,13,39,1,3,54,12,0,58,52,53,64,70,123
0,0,12,40,1,3,59,6,0,62,52,53,58,68,121
3,0,11,38,0,4,53,14,0,60,49,49,63,74,123
1,0,13,33,0,2,53,19,0,56,46,46,65,75,121
0,0,12,39,0,0,56,13,1,57,51,51,64,70,121
0,0,15,35,0,2,52,16,1,55,50,50,66,71,121
0,0,13,36,1,4,55,12,1,60,49,50,61,72,122
1,0,14,37,1,3,46,20,1,51,51,52,71,71,123
1,0,10,41,0,3,52,13,1,57,51,51,64,70,121
0,0,12,39,1,2,54,12,1,57,51,52,63,69,121
1,0,13,34,1,2,57,13,0,60,47,48,60,73,121
1,0,13,36,1,3,54,13,1,59,49,50,62,72,122
1,0,11,37,0,4,62,6,0,67,48,48,54,73,121
0,0,15,42,0,3,45,15,0,48,57,57,72,63,120
1,0,12,40,1,3,48,17,0,52,52,53,69,69,122
0,0,12,34,0,3,52,20,1,56,46,46,66,76,122
1,0,13,39,1,3,51,16,1,56,52,53,68,72,125
6,0,10,36,1,4,53,13,1,64,46,47,59,77,124
1,0,14,39,0,3,48,14,1,53,53,53,67,67,120
0,0,13,40,0,2,48,15,2,52,53,53,68,67,120
1,0,13,39,1,5,48,18,0,54,52,53,70,72,125
0,0,10,39,0,5,52,16,0,57,49,49,65,73,122
0,0,13,32,0,3,63,9,0,66,45,45,54,75,120
2,0,12,35,1,4,52,16,0,58,47,48,63,74,122
0,0,11,35,1,2,55,17,0,57,46,47,63,74,121
1,0,12,36,0,4,56,12,1,62,48,48,60,74,122
1,0,12,39,1,1,46,21,1,49,51,52,72,70,122
1,0,13,39,1,5,51,12,1,58,52,53,64,70,123
1,0,14,37,0,3,58,7,0,62,51,51,58,69,120
1,0,12,32,0,3,60,14,1,65,44,44,58,79,123
1,0,14,38,1,4,51,15,1,57,52,53,67,72,125
1,0,12,41,1,3,48,14,1,53,53,54,67,67,121
0,0,12,36,1,4,54,14,1,59,48,49,62,73,122
1,0,15,34,0,4,52,16,0,57,49,49,65,73,122
1,0,11,34,1,2,60,11,1,64,45,46,56,75,121
1,0,13,39,0,4,50,14,0,55,52,52,66,69,121
1,0,13,38,1,4,53,12,1,59,51,52,63,71,123
1,0,11,37,1,3,56,14,0,60,48,49,62,74,123
1,0,12,35,0,3,53,17,1,58,47,47,64,75,122
1,0,14,38,0,2,52,14,1,56,52,52,66,70,122
1,0,13,35,1,4,55,15,0,60,48,49,63,75,124
1,0,13,32,0,4,63,9,1,69,45,45,54,78,123
1,0,11,37,0,3,49,20,1,54,48,48,68,74,122
1,0,12,34,1,4,60,9,0,65,46,47,55,74,121
1,0,15,33,1,2,54,17,0,57,48,49,65,74,123
2,0,10,38,0,3,50,17,0,55,48,48,65,72,120
1,0,14,35,0,4,57,12,1,63,49,49,61,75,124
1,0,14,38,1,4,50,15,1,56,52,53,67,71,124
4,0,10,34,0,3,55,15,1,63,44,44,59,78,122
2,0,11,35,1,3,55,12,3,63,46,47,58,75,122
0,0,12,34,1,4,62,10,0,66,46,47,56,76,123
1,0,14,41,0,5,46,14,0,52,55,55,69,66,121
3,0,13,36,1,4,52,12,1,60,49,50,61,72,122
0,0,13,37,1,4,55,13,1,60,50,51,63,73,124
1,0,11,41,1,3,54,10,1,59,52,53,62,69,122
0,0,15,36,0,4,53,12,1,58,51,51,63,70,121
0,0,13,36,1,5,55,14,0,60,49,50,63,74,124
1,0,15,38,1,3,53,11,1,58,53,54,64,69,123
1,0,12,41,1,4,45,16,1,51,53,54,69,67,121
0,0,12,36,1,3,55,16,1,59,48,49,64,75,124
4,0,11,33,0,5,60,10,0,69,44,44,54,79,123
1,0,13,38,1,5,47,21,0,53,51,52,72,74,126
1,0,12,32,0,5,58,13,0,64,44,44,57,77,121
1,0,14,36,1,2,58,9,0,61,50,51,59,70,121
0,0,10,40,1,4,51,18,1,56,50,51,68,74,125
1,0,11,36,1,3,58,11,1,63,47,48,58,74,122
0,0,10,36,1,3,49,13,9,61,46,47,59,74,121
1,0,12,41,1,3,53,12,1,58,53,54,65,70,124
0,0,10,40,1,2,44,24,1,47,50,51,74,71,122
0,0,14,42,0,3,45,17,0,48,56,56,73,65,121
1,0,11,40,1,1,56,12,0,58,51,52,63,70,122
1,0,16,39,1,3,51,11,1,56,55,56,66,67,123
1,0,13,32,0,2,56,15,1,60,45,45,60,75,120
1,0,12,37,0,4,52,16,1,58,49,49,65,74,123
1,0,14,41,1,3,51,11,1,56,55,56,66,67,123
0,0,17,36,1,5,51,11,1,57,53,54,64,68,122
1,0,15,37,0,4,53,10,1,59,52,52,62,69,121
1,0,13,37,0,2,52,16,0,55,50,50,66,71,121
1,0,13,36,0,4,50,17,1,56,49,49,66,73,122
1,0,13,33,1,2,59,14,1,63,46,47,60,77,124
0,0,12,40,0,3,51,14,0,54,52,52,66,68,120
0,0,10,37,0,3,58,13,1,62,47,47,60,75,122
0,0,12,40,1,2,34,25,7,43,52,53,77,68,121
1,0,14,38,1,4,52,11,1,58,52,53,63,69,122
1,0,11,37,0,3,52,17,0,56,48,48,65,73,121
1,0,12,38,1,3,51,15,0,55,50,51,65,70,121
0,0,11,37,1,3,54,15,1,58,48,49,63,73,122
1,0,12,32,0,3,58,16,1,63,44,44,60,79,123
2,0,11,37,0,3,42,27,1,48,48,48,75,75,123
0,0,11,33,1,3,65,8,1,69,44,45,52,77,122
1,0,13,35,1,2,53,16,1,57,48,49,64,73,122
1,0,9,38,0,4,62,8,0,67,47,47,55,75,122
1,0,12,36,1,4,51,18,1,57,48,49,66,75,124
0,0,13,35,1,3,56,14,0,59,48,49,62,73,122
1,0,10,41,0,4,49,16,1,55,51,51,67,71,122
1,0,13,34,1,5,47,20,1,54,47,48,67,74,122
2,0,11,38,1,1,57,11,1,61,49,50,60,72,122
1,0,11,38,1,3,52,15,1,57,49,50,64,72,122
0,0,14,35,0,4,56,12,1,61,49,49,61,73,122
1,0,11,34,1,4,62,9,1,68,45,46,54,77,123
1,0,13,35,0,3,55,15,0,59,48,48,63,74,122
1,0,12,33,1,3,60,12,1,65,45,46,57,77,123
1,0,12,36,0,3,56,13,0,60,48,48,61,73,121
1,0,12,37,0,5,54,14,1,61,49,49,63,75,124
1,0,12,41,0,0,49,18,1,51,53,53,71,69,122
0,0,13,39,1,2,53,13,0,55,52,53,65,68,121
1,0,10,38,0,4,54,15,1,60,48,48,63,75,123
2,0,12,34,0,3,57,12,1,63,46,46,58,75,121
1,0,11,39,1,4,49,17,1,55,50,51,67,72,123
0,0,15,37,1,5,54,9,0,59,52,53,61,68,121
0,0,12,39,1,4,51,17,0,55,51,52,68,72,124
1,0,12,31,1,3,54,19,1,59,43,44,62,78,122
1,0,13,42,0,3,51,13,1,56,55,55,68,69,124
6,0,10,40,0,3,50,12,1,60,50,50,62,72,122
1,0,12,36,1,7,50,14,1,59,48,49,62,73,122
1,0,15,32,1,6,61,6,1,69,47,48,53,75,123
1,0,11,38,1,3,50,19,1,55,49,50,68,74,124
5,0,10,36,1,5,55,11,1,66,46,47,57,77,124
1,0,13,36,1,3,48,20,1,53,49,50,69,73,123
1,0,12,32,0,4,66,8,0,71,44,44,52,79,123
1,0,13,33,0,5,54,16,0,60,46,46,62,76,122
1,0,14,35,0,4,53,13,2,60,49,49,62,73,122
1,0,11,35,0,3,47,23,1,52,46,46,69,75,121
1,0,13,39,1,4,55,10,0,60,52,53,62,70,123
0,0,10,39,0,5,49,20,0,54,49,49,69,74,123
1,0,12,36,0,4,51,18,1,57,48,48,66,75,123
1,0,11,38,0,3,55,13,1,60,49,49,62,73,122
1,0,10,40,0,3,55,13,1,60,50,50,63,73,123
1,0,14,36,0,5,56,10,0,62,50,50,60,72,122
1,0,11,37,1,3,48,20,1,53,48,49,68,73,122
1,0,12,37,1,3,52,15,1,57,49,50,64,72,122
0,0,11,34,0,4,52,19,1,57,45,45,64,76,121
2,0,14,37,0,3,55,11,0,60,51,51,62,71,122
1,0,14,40,0,3,54,9,0,58,54,54,63,67,121
1,0,13,35,0,3,55,14,1,60,48,48,62,74,122
1,0,13,37,0,3,52,15,1,57,50,50,65,72,122
1,0,15,38,1,3,51,12,0,55,53,54,65,67,121
2,0,12,34,0,3,58,13,1,64,46,46,59,77,123
2,0,10,41,1,4,55,10,1,62,51,52,61,72,124
1,0,11,37,0,5,55,14,0,61,48,48,62,75,123
1,0,14,39,0,3,45,19,1,50,53,53,72,69,122
1,0,12,38,1,3,55,10,0,59,50,51,60,69,120
1,0,13,43,0,4,43,16,0,48,56,56,72,64,120
1,0,12,37,0,3,53,14,1,58,49,49,63,72,121
1,0,10,37,0,3,56,13,1,61,47,47,60,74,121
1,0,12,36,1,2,45,22,3,51,48,49,70,73,122
0,0,10,37,1,4,58,14,0,62,47,48,61,76,124
1,0,13,38,1,4,58,9,0,63,51,52,60,72,124
1,0,13,44,1,2,46,14,0,49,57,58,71,63,121
1,0,11,42,0,3,49,14,0,53,53,53,67,67,120
0,0,11,33,1,6,58,12,0,64,44,45,56,76,121
1,0,13,37,0,4,53,13,0,58,50,50,63,71,121
1,0,14,32,1,5,60,8,0,66,46,47,54,74,121
1,0,11,38,0,4,55,11,1,61,49,49,60,72,121
1,0,14,35,0,4,57,11,0,62,49,49,60,73,122
1,0,11,38,0,2,57,13,1,61,49,49,62,74,123
3,0,10,40,0,3,48,18,0,54,50,50,68,72,122
1,0,9,38,0,3,60,10,1,65,47,47,57,75,122
3,0,11,33,1,3,61,10,1,68,44,45,54,78,123
1,0,13,34,1,5,55,15,1,62,47,48,62,77,125
0,0,12,37,1,3,48,20,1,52,49,50,69,72,122
1,0,12,37,0,3,50,17,1,55,49,49,66,72,121
0,12,13,32,1,3,48,12,1,64,45,46,57,76,122
1,0,14,34,1,4,56,12,1,62,48,49,60,74,123
0,0,12,37,1,3,53,14,1,57,49,50,63,71,121
1,0,12,33,0,4,59,13,0,64,45,45,58,77,122
1,0,12,37,1,2,55,14,0,58,49,50,63,72,122
1,0,13,37,0,3,58,9,0,62,50,50,59,71,121
1,0,12,36,1,0,49,23,1,51,48,49,71,74,123
1,0,11,37,0,5,57,12,0,63,48,48,60,75,123
0,0,12,38,1,4,52,16,0,56,50,51,66,72,123
1,0,11,37,0,4,49,21,0,54,48,48,69,75,123
1,0,12,32,1,3,62,11,1,67,44,45,55,78,123
0,0,12,37,0,2,57,12,1,60,49,49,61,72,121
1,0,12,39,1,4,55,10,0,60,51,52,61,70,122
1,0,13,44,1,5,49,12,0,55,57,58,69,67,125
0,0,12,36,0,2,53,17,1,56,48,48,65,73,121
1,0,10,40,1,4,53,14,1,59,50,51,64,73,124
1,0,11,37,1,3,50,20,1,55,48,49,68,75,124
1,0,11,35,1,5,51,19,1,58,46,47,65,77,124
1,0,11,37,1,3,60,10,1,65,48,49,58,75,124
0,0,12,36,1,0,55,17,1,56,48,49,65,73,122
1,0,12,37,0,3,52,16,0,56,49,49,65,72,121
1,0,13,36,0,4,54,14,1,60,49,49,63,74,123
0,0,13,44,1,2,50,12,1,53,57,58,69,65,123
0,0,12,33,1,4,58,16,1,63,45,46,61,79,125
1,0,11,35,1,2,59,12,1,63,46,47,58,75,122
1,0,13,35,0,3,57,14,1,62,48,48,62,76,124
1,0,12,39,1,5,49,19,1,56,51,52,70,75,127
4,0,11,37,0,3,57,9,1,65,48,48,57,74,122
1,0,12,37,1,3,49,20,0,53,49,50,69,73,123
0,0,11,37,0,2,51,19,0,53,48,48,67,72,120
1,0,11,39,1,3,56,10,1,61,50,51,60,71,122
1,0,10,40,0,2,54,13,0,57,50,50,63,70,120
0,0,12,36,1,0,61,10,1,62,48,49,58,72,121
1,0,13,40,1,3,48,16,0,52,53,54,69,68,122
1,0,13,36,1,3,54,14,1,59,49,50,63,73,123
1,0,13,38,0,4,49,15,1,55,51,51,66,70,121
1,0,11,35,0,3,65,7,1,70,46,46,53,77,123
1,0,13,41,0,3,47,16,0,51,54,54,70,67,121
1,0,16,39,1,4,45,15,1,51,55,56,70,66,122
1,0,12,38,1,3,47,19,2,53,50,51,69,72,123
3,0,10,36,0,2,59,10,0,64,46,46,56,74,120
0,0,14,33,1,2,57,14,0,59,47,48,61,73,121
1,0,11,39,1,5,50,18,1,57,50,51,68,75,126
0,0,13,36,0,2,58,11,1,61,49,49,60,72,121
1,0,12,38,1,3,50,18,1,55,50,51,68,73,124
1,0,12,37,1,4,54,15,1,60,49,50,64,75,125
0,0,13,39,1,3,42,18,5,50,52,53,70,68,121
1,0,11,40,1,3,49,17,0,53,51,52,68,70,122
2,0,10,41,1,4,46,18,1,53,51,52,69,71,123
1,0,13,38,0,5,50,11,2,58,51,51,62,69,120
2,0,12,36,1,3,50,18,1,56,48,49,66,74,123
1,0,12,41,0,2,52,13,1,56,53,53,66,69,122
1,0,14,37,1,3,47,20,0,51,51,52,71,71,123
1,0,12,37,0,3,55,13,0,59,49,49,62,72,121
1,0,11,33,0,4,54,17,1,60,44,44,61,77,121
1,0,13,39,1,3,54,12,1,59,52,53,64,71,124
1,0,14,38,1,3,51,12,1,56,52,53,64,68,121
1,0,14,37,0,4,49,18,1,55,51,51,69,73,124
0,0,14,37,1,3,48,19,0,51,51,52,70,70,122
1,0,14,35,1,4,54,13,1,60,49,50,62,73,123
2,0,11,41,0,3,45,19,1,51,52,52,71,70,122
0,0,12,38,1,3,56,12,1,60,50,51,62,72,123
1,0,12,36,0,3,49,20,1,54,48,48,68,74,122
1,0,11,37,0,3,54,15,1,59,48,48,63,74,122
1,0,14,33,1,2,49,23,1,53,47,48,70,76,124
1,0,13,36,0,3,53,14,1,58,49,49,63,72,121
1,0,12,35,0,3,59,12,1,64,47,47,59,76,123
1,0,13,36,0,2,54,16,0,57,49,49,65,73,122
3,0,13,36,1,4,54,10,0,61,49,50,59,71,121
1,0,13,32,0,4,49,23,1,55,45,45,68,78,123
1,0,11,44,1,3,43,19,0,47,55,56,74,66,122
0,0,14,41,0,5,51,12,0,56,55,55,67,68,123
1,13,13,37,1,3,38,16,0,55,50,51,66,71,122
3,13,9,35,0,4,42,16,1,63,44,44,60,79,123
1,0,12,38,1,3,50,18,1,55,50,51,68,73,124
1,0,14,38,0,5,52,13,0,58,52,52,65,71,123
1,0,12,37,0,2,50,18,0,53,49,49,67,71,120
1,0,12,35,0,4,58,11,1,64,47,47,58,75,122
1,0,13,32,0,2,65,8,1,69,45,45,53,77,122
4,0,11,37,1,3,60,6,1,68,48,49,54,74,123
1,0,12,37,0,3,48,19,1,53,49,49,68,72,121
1,0,13,39,0,4,50,15,1,56,52,52,67,71,123
1,0,10,36,1,3,50,23,0,54,46,47,69,77,124
1,0,12,35,0,5,59,11,1,66,47,47,58,77,124
0,0,16,36,0,3,52,15,0,55,52,52,67,70,122
1,0,12,37,1,4,56,10,0,61,49,50,59,71,121
0,0,13,33,0,4,64,6,1,69,46,46,52,75,121
1,0,13,38,0,3,57,10,1,62,51,51,61,72,123
0,0,11,37,0,3,59,12,1,63,48,48,60,75,123
1,0,13,39,1,3,48,18,1,53,52,53,70,71,124
1,0,12,37,0,4,52,15,1,58,49,49,64,73,122
1,0,11,38,0,2,50,19,0,53,49,49,68,72,121
0,0,14,36,1,4,57,11,0,61,50,51,61,72,123
1,0,14,41,1,3,42,22,1,47,55,56,77,69,125
1,0,13,37,0,4,53,14,1,59,50,50,64,73,123
1,0,11,39,1,3,52,16,1,57,50,51,66,73,124
1,0,11,37,0,3,53,16,1,58,48,48,64,74,122
1,0,13,35,0,2,57,13,1,61,48,48,61,74,122
1,0,14,36,1,5,48,19,1,55,50,51,69,74,125
2,0,11,40,1,3,50,14,1,56,51,52,65,70,122
1,0,13,34,0,3,56,14,1,61,47,47,61,75,122
1,0,11,36,0,3,53,16,0,57,47,47,63,73,120
2,0,14,32,0,3,60,10,0,65,46,46,56,75,121
0,0,12,35,0,3,54,16,1,58,47,47,63,74,121
0,0,10,44,1,3,48,15,1,52,54,55,69,67,122
1,0,14,35,0,4,59,8,0,64,49,49,57,72,121
1,0,13,37,1,4,57,9,2,64,50,51,59,73,124
0,0,13,36,0,4,52,17,0,56,49,49,66,73,122
3,0,11,40,1,4,48,13,1,56,51,52,64,69,121
0,0,15,36,1,4,47,17,0,51,51,52,68,68,120
1,0,14,35,1,2,49,20,1,53,49,50,69,73,123
1,0,12,35,1,3,49,22,0,53,47,48,69,75,123
1,0,12,38,0,3,49,17,0,53,50,50,67,70,120
1,0,12,40,0,3,52,12,0,56,52,52,64,68,120
1,0,12,37,0,3,55,14,1,60,49,49,63,74,123
1,0,9,38,1,4,55,15,0,60,47,48,62,75,123
1,0,11,43,0,4,53,10,0,58,54,54,64,68,122
1,0,15,32,1,4,60,9,1,66,47,48,56,75,123
1,0,10,38,0,2,50,20,1,54,48,48,68,74,122
0,0,12,35,1,4,58,13,0,62,47,48,60,75,123
1,0,14,34,1,4,52,19,1,58,48,49,67,77,126
1,0,13,39,0,4,48,17,1,54,52,52,69,71,123
1,0,13,37,0,3,55,11,1,60,50,50,61,71,121
0,0,13,36,1,4,45,24,1,50,49,50,73,74,124
2,0,12,37,1,4,51,15,2,59,49,50,64,74,124
1,0,10,39,1,4,49,20,1,55,49,50,69,75,125
3,0,16,34,1,2,46,18,1,52,50,51,68,70,121
0,0,12,39,1,3,47,20,0,50,51,52,71,70,122
4,0,13,41,0,2,49,11,0,55,54,54,65,66,120
1,0,16,32,0,6,53,12,0,60,48,48,60,72,120
1,0,12,34,0,2,57,14,0,60,46,46,60,74,120
0,0,10,42,1,4,51,15,1,56,52,53,67,71,124
1,0,11,36,0,4,60,8,0,65,47,47,55,73,120
1,0,13,35,1,4,55,12,0,60,48,49,60,72,121
0,0,11,38,1,4,51,18,0,55,49,50,67,73,123
1,0,13,32,1,2,56,17,1,60,45,46,62,77,123
3,0,13,39,0,4,51,11,0,58,52,52,63,69,121
1,0,12,41,0,4,49,15,1,55,53,53,68,70,123
0,0,12,37,0,2,53,16,0,55,49,49,65,71,120
1,0,14,38,1,5,50,15,1,57,52,53,67,72,125
2,0,12,38,0,2,55,10,1,60,50,50,60,70,120
1,0,10,34,1,4,59,12,0,64,44,45,56,76,121
0,0,15,37,0,3,50,16,0,53,52,52,68,69,121
1,0,13,39,0,3,52,12,1,57,52,52,64,69,121
3,0,12,37,1,2,44,22,0,49,49,50,71,71,121
0,0,12,40,0,4,52,14,0,56,52,52,66,70,122
1,0,13,37,0,3,56,11,0,60,50,50,61,71,121
0,0,12,35,0,4,60,9,0,64,47,47,56,73,120
1,0,12,40,1,3,53,11,0,57,52,53,63,68,121
1,0,11,38,1,2,49,19,1,53,49,50,68,72,122
1,0,15,37,1,4,48,18,0,53,52,53,70,71,124
0,0,11,40,0,3,45,21,1,49,51,51,72,70,121
1,0,13,40,1,5,53,9,1,60,53,54,62,69,123
2,0,11,34,0,4,58,12,1,65,45,45,57,77,122
0,0,11,38,0,4,55,15,0,59,49,49,64,74,123
0,0,10,39,0,3,49,20,0,52,49,49,69,72,121
2,0,14,39,0,2,52,11,0,56,53,53,64,67,120
1,0,13,36,0,5,55,13,0,61,49,49,62,74,123
1,0,13,37,1,2,51,17,0,54,50,51,67,71,122
1,0,14,38,0,1,55,11,1,58,52,52,63,69,121
1,0,11,32,0,5,59,15,0,65,43,43,58,80,123
1,0,13,39,0,4,53,12,0,58,52,52,64,70,122
1,0,15,38,1,3,49,15,0,53,53,54,68,68,122
1,0,11,42,1,2,46,18,1,50,53,54,71,68,122
0,0,11,41,0,3,51,14,0,54,52,52,66,68,120
1,0,14,34,0,3,58,11,1,63,48,48,59,74,122
0,0,14,37,0,4,53,15,0,57,51,51,66,72,123
0,0,11,32,1,2,62,13,0,64,43,44,56,77,121
1,0,11,37,0,3,49,20,1,54,48,48,68,74,122
4,0,10,36,1,3,57,10,0,64,46,47,56,74,121
0,0,12,36,0,3,56,13,0,59,48,48,61,72,120
1,0,11,33,0,3,64,10,1,69,44,44,54,79,123
1,0,11,37,1,4,53,16,0,58,48,49,64,74,123
0,0,11,39,0,3,52,15,1,56,50,50,65,71,121
1,0,10,36,1,4,43,28,1,49,46,47,74,77,124
1,0,13,32,1,2,64,8,1,68,45,46,53,76,122
0,0,12,40,0,3,49,17,1,53,52,52,69,70,122
0,0,11,38,1,5,57,12,0,62,49,50,61,74,124
1,0,11,40,1,3,56,11,0,60,51,52,62,71,123
1,0,13,40,0,5,51,13,1,58,53,53,66,71,124
0,0,13,36,1,2,50,18,1,53,49,50,67,71,121
1,0,12,37,0,3,51,17,1,56,49,49,66,73,122
1,0,14,37,1,1,47,21,0,49,51,52,72,70,122
1,0,13,33,1,2,58,14,1,62,46,47,60,76,123
1,0,12,36,1,2,59,10,1,63,48,49,58,73,122
2,0,12,39,1,2,51,14,0,55,51,52,65,69,121
1,0,11,37,0,6,54,15,1,62,48,48,63,77,125
1,0,11,33,0,3,53,20,1,58,44,44,64,78,122
3,0,11,34,0,3,54,16,1,61,45,45,61,77,122
1,0,12,37,0,3,58,9,0,62,49,49,58,71,120
0,0,12,35,1,3,54,17,0,57,47,48,64,74,122
3,0,11,39,1,2,52,12,1,58,50,51,62,70,121
1,0,11,35,1,4,58,11,0,63,46,47,57,74,121
1,0,14,35,0,5,44,25,1,51,49,49,74,76,125
0,0,12,42,1,4,51,13,1,56,54,55,67,69,124
0,0,13,37,0,3,59,9,1,63,50,50,59,72,122
1,0,12,37,1,5,50,16,1,57,49,50,65,73,123
1,0,15,39,1,5,48,14,1,55,54,55,68,69,124
1,0,15,40,1,3,50,12,1,55,55,56,67,67,123
1,0,12,36,0,3,48,20,1,53,48,48,68,73,121
1,0,12,38,0,3,59,9,0,63,50,50,59,72,122
1,0,11,38,1,3,53,15,1,58,49,50,64,73,123
1,0,14,37,0,3,42,25,1,47,51,51,76,72,123
1,0,10,36,0,3,44,27,1,49,46,46,73,76,122
1,0,14,38,1,3,54,11,1,59,52,53,63,70,123
1,0,12,37,1,2,51,17,0,54,49,50,66,71,121
1,0,12,36,0,2,58,11,0,61,48,48,59,72,120
1,0,11,36,1,3,59,12,0,63,47,48,59,75,123
1,0,13,39,0,5,52,13,0,58,52,52,65,71,123
1,0,12,36,1,3,59,9,0,63,48,49,57,72,121
1,0,10,40,1,3,55,13,1,60,50,51,63,73,124
2,0,12,40,0,2,50,14,1,55,52,52,66,69,121
1,0,11,35,1,3,58,12,0,62,46,47,58,74,121
0,0,12,38,1,4,47,21,0,51,50,51,71,72,123
1,0,13,38,0,4,46,21,1,52,51,51,72,73,124
1,0,13,40,0,4,48,16,1,54,53,53,69,70,123
1,0,13,36,0,4,46,21,0,51,49,49,70,72,121
1,0,11,36,1,3,54,18,0,58,47,48,65,76,124
1,0,14,34,1,2,56,13,0,59,48,49,61,72,121
1,0,13,36,0,0,51,19,1,53,49,49,68,72,121
1,0,14,38,1,5,55,10,1,62,52,53,62,72,125
1,0,12,35,1,2,50,22,0,53,47,48,69,75,123
2,0,11,34,1,2,61,9,1,66,45,46,54,75,121
1,0,13,38,1,3,56,11,1,61,51,52,62,72,124
0,0,13,32,1,3,47,25,1,51,45,46,70,76,122
1,0,12,39,1,3,51,15,0,55,51,52,66,70,122
1,0,12,40,0,3,48,17,1,53,52,52,69,70,122
1,0,9,34,1,2,53,21,0,56,43,44,64,77,121
0,0,12,38,0,3,45,22,0,48,50,50,72,70,120
1,0,14,37,1,4,57,10,1,63,51,52,61,73,125
1,0,11,36,0,3,51,19,1,56,47,47,66,75,122
2,0,11,34,0,3,50,21,1,56,45,45,66,77,122
2,0,13,39,0,4,53,11,1,60,52,52,63,71,123
1,0,11,38,1,0,60,11,1,62,49,50,60,73,123
1,0,12,39,0,3,47,19,1,52,51,51,70,71,122
1,0,12,41,0,3,49,15,1,54,53,53,68,69,122
3,0,13,32,1,4,58,13,1,66,45,46,58,79,125
2,0,11,41,1,4,50,14,0,56,52,53,66,70,123
1,0,13,36,0,3,55,13,1,60,49,49,62,73,122
0,0,13,38,0,5,49,15,0,54,51,51,66,69,120
1,0,13,38,1,4,50,17,1,56,51,52,68,73,125
1,0,13,37,0,4,48,20,1,54,50,50,70,74,124
1,0,11,39,1,3,51,15,0,55,50,51,65,70,121
1,0,13,35,0,2,58,12,0,61,48,48,60,73,121
1,0,11,38,0,3,59,9,1,64,49,49,58,73,122
1,0,12,40,1,5,58,7,1,65,52,53,59,72,125
1,0,12,35,1,2,56,15,1,60,47,48,62,75,123
1,0,13,38,0,4,51,16,1,57,51,51,67,73,124
0,0,12,38,0,5,56,13,0,61,50,50,63,74,124
0,0,14,38,0,2,53,14,0,55,52,52,66,69,121
1,0,13,37,0,4,55,10,1,61,50,50,60,71,121
1,0,16,35,0,4,53,11,1,59,51,51,62,70,121
0,0,12,39,1,3,50,16,1,54,51,52,67,70,122
1,0,12,41,1,2,52,12,1,56,53,54,65,68,122
1,0,13,37,0,3,55,13,1,60,50,50,63,73,123
1,0,13,40,1,4,42,23,1,48,53,54,76,71,125
1,0,12,37,0,3,55,13,0,59,49,49,62,72,121
0,0,12,39,1,4,54,14,0,58,51,52,65,72,124
2,0,10,36,0,5,52,15,1,60,46,46,61,75,121
3,0,12,35,1,2,50,19,0,55,47,48,66,74,122
1,0,13,40,0,3,48,16,1,53,53,53,69,69,122
1,0,14,37,1,3,54,12,1,59,51,52,63,71,123
1,0,15,39,1,2,46,18,0,49,54,55,72,67,122
1,0,11,36,0,3,53,17,1,58,47,47,64,75,122
1,0,13,37,1,5,47,20,1,54,50,51,70,74,125
1,0,16,37,0,2,53,12,0,56,53,53,65,68,121
1,0,14,35,0,4,53,14,1,59,49,49,63,73,122
1,0,15,34,0,3,54,13,1,59,49,49,62,72,121
1,0,11,39,1,3,55,13,1,60,50,51,63,73,124
1,0,13,38,0,6,47,19,0,54,51,51,70,73,124
1,0,12,33,0,4,55,16,0,60,45,45,61,76,121
0,0,13,38,1,4,52,12,1,57,51,52,63,69,121
1,0,14,38,1,3,52,13,1,57,52,53,65,70,123
1,0,13,36,0,3,55,14,0,59,49,49,63,73,122
1,0,15,39,0,3,50,13,0,54,54,54,67,67,121
1,0,13,34,1,5,58,13,0,64,47,48,60,77,125
1,0,14,37,1,3,58,8,1,63,51,52,59,71,123
0,0,12,37,0,2,54,16,1,57,49,49,65,73,122
4,0,13,33,1,3,56,12,0,63,46,47,58,75,122
1,0,12,38,1,3,56,11,1,61,50,51,61,72,123
1,0,12,35,1,2,60,10,0,63,47,48,57,73,121
1,0,11,33,0,0,50,23,3,54,44,44,67,77,121
1,0,11,41,1,3,51,14,1,56,52,53,66,70,123
1,0,13,39,1,4,52,13,0,57,52,53,65,70,123
1,0,12,40,1,2,52,14,0,55,52,53,66,69,122
0,0,12,34,0,3,57,15,0,60,46,46,61,75,121
1,0,11,38,1,3,51,17,0,55,49,50,66,72,122
1,0,12,36,0,4,59,11,0,64,48,48,59,75,123
4,0,12,37,1,4,54,11,1,63,49,50,60,74,124
1,0,14,35,0,3,51,16,1,56,49,49,65,72,121
1,0,12,39,1,5,54,11,1,61,51,52,62,72,124
1,0,12,44,1,4,45,16,0,50,56,57,72,66,123
1,0,13,35,0,3,53,15,1,58,48,48,63,73,121
1,0,16,38,1,0,46,19,1,48,54,55,73,67,122
0,0,12,37,0,3,43,25,1,47,49,49,74,72,121
1,0,12,35,0,2,58,12,1,62,47,47,59,74,121
1,0,14,39,0,4,47,16,1,53,53,53,69,69,122
0,0,9,37,1,1,61,12,1,63,46,47,58,75,122
1,0,12,38,0,3,53,13,1,58,50,50,63,71,121
1,0,11,37,0,4,51,19,0,56,48,48,67,75,123
1,0,11,44,1,2,49,13,1,53,55,56,68,66,122
0,0,11,38,1,3,53,17,0,56,49,50,66,73,123
2,0,13,36,1,2,53,14,1,58,49,50,63,72,122
1,0,13,38,1,2,46,19,1,50,51,52,70,69,121
1,0,13,36,0,2,58,11,0,61,49,49,60,72,121
1,0,12,35,1,4,58,14,1,64,47,48,61,78,126
0,0,15,34,0,3,61,8,1,65,49,49,57,73,122
5,0,14,36,1,2,48,14,2,57,50,51,64,71,122
0,0,12,33,1,5,59,13,1,65,45,46,58,78,124
0,0,12,44,0,4,46,16,0,50,56,56,72,66,122
1,0,14,37,0,2,55,11,0,58,51,51,62,69,120
1,0,10,35,1,5,61,13,1,68,45,46,58,81,127
1,0,11,38,0,0,54,17,1,56,49,49,66,73,122
1,0,13,37,0,2,54,14,1,58,50,50,64,72,122
1,0,12,37,0,4,53,16,0,58,49,49,65,74,123
1,0,12,38,1,3,48,18,2,54,50,51,68,72,123
1,0,12,36,0,3,54,14,0,58,48,48,62,72,120
1,0,12,37,1,2,51,18,1,55,49,50,67,73,123
0,0,13,41,1,3,44,14,6,53,54,55,68,67,122
1,0,14,36,0,4,56,9,1,62,50,50,59,71,121
1,0,14,39,1,3,47,17,0,51,53,54,70,68,122
1,0,13,36,1,5,49,20,0,55,49,50,69,75,125
1,0,10,42,1,3,56,8,1,61,52,53,60,69,122
0,0,11,38,1,3,48,20,1,52,49,50,69,72,122
1,0,12,36,0,5,53,13,1,60,48,48,61,73,121
1,0,13,39,1,3,56,9,1,61,52,53,61,70,123
2,0,12,42,0,2,52,9,1,57,54,54,63,66,120
1,0,11,37,1,4,56,12,1,62,48,49,60,74,123
1,0,13,36,0,4,47,20,0,52,49,49,69,72,121
1,0,12,38,0,4,52,16,1,58,50,50,66,74,124
1,7,11,36,1,3,44,19,0,55,47,48,66,74,122
1,0,11,35,1,2,52,20,0,55,46,47,66,75,122
1,0,11,40,1,3,51,15,0,55,51,52,66,70,122
1,0,12,38,1,1,47,21,1,50,50,51,71,71,122
2,0,12,41,1,4,43,17,1,50,53,54,70,67,121
2,0,11,42,1,6,48,10,1,57,53,54,63,67,121
1,0,12,40,0,2,57,10,1,61,52,52,62,71,123
1,0,14,39,0,4,53,12,0,58,53,53,65,70,123
1,0,14,34,0,3,54,14,1,59,48,48,62,73,121
5,0,12,37,1,4,56,8,1,66,49,50,57,74,124
1,0,12,39,0,4,53,15,1,59,51,51,66,74,125
1,0,12,36,1,2,55,15,1,59,48,49,63,74,123
1,0,12,40,1,5,43,21,1,50,52,53,73,71,124
1,0,15,41,0,3,38,23,0,42,56,56,79,65,121
1,0,11,35,0,4,57,15,0,62,46,46,61,77,123
1,0,13,38,1,3,53,12,0,57,51,52,63,69,121
1,0,16,37,0,4,42,23,1,48,53,53,76,71,124
1,0,12,33,0,2,58,15,1,62,45,45,60,77,122
0,0,10,40,0,3,56,12,0,59,50,50,62,71,121
1,9,13,31,1,3,53,11,1,67,44,45,55,78,123
1,0,11,41,0,3,57,9,1,62,52,52,61,71,123
1,0,11,38,1,3,49,19,1,54,49,50,68,73,123
1,0,10,37,0,3,54,16,0,58,47,47,63,74,121
1,0,11,37,1,5,60,9,0,66,48,49,57,75,124
3,0,12,33,0,3,54,16,1,61,45,45,61,77,122
1,0,13,38,0,3,56,11,0,60,51,51,62,71,122
1,0,15,42,1,6,46,11,0,53,57,58,68,64,122
1,0,11,37,0,3,55,13,1,60,48,48,61,73,121
0,0,14,42,1,3,50,11,0,53,56,57,67,64,121
1,0,11,34,1,5,57,12,1,64,45,46,57,76,122
1,0,14,36,0,4,53,15,1,59,50,50,65,74,124
0,0,13,38,0,4,51,14,1,56,51,51,65,70,121
1,0,13,40,1,3,51,13,1,56,53,54,66,69,123
0,0,10,40,0,3,54,13,1,58,50,50,63,71,121
1,0,14,34,0,4,52,16,1,58,48,48,64,74,122
0,0,12,38,1,5,54,13,1,60,50,51,63,73,124
0,0,11,43,0,3,48,15,1,52,54,54,69,67,121
1,0,12,38,0,2,54,14,1,58,50,50,64,72,122
1,0,14,41,1,3,49,12,1,54,55,56,67,66,122
0,0,12,40,0,4,54,10,1,59,52,52,62,69,121
1,0,12,33,0,2,55,17,0,58,45,45,62,75,120
1,0,11,36,0,3,58,11,0,62,47,47,58,73,120
1,0,12,39,0,2,52,15,1,56,51,51,66,71,122
1,0,13,38,0,3,53,15,0,57,51,51,66,72,123
1,0,13,36,1,3,58,10,1,63,49,50,59,73,123
1,0,11,40,1,4,53,13,1,59,51,52,64,72,124
1,0,12,38,1,3,57,10,0,61,50,51,60,71,122
1,0,11,35,0,4,63,6,0,68,46,46,52,74,120
1,0,12,31,1,3,58,16,1,63,43,44,59,79,123
1,0,10,40,1,5,49,19,1,56,50,51,69,75,126
0,0,15,36,0,2,55,12,1,58,51,51,63,70,121
0,0,11,39,1,4,52,13,1,57,50,51,63,70,121
0,0,11,39,1,3,54,15,1,58,50,51,65,73,124
1,0,11,37,0,2,51,19,0,54,48,48,67,73,121
0,0,14,39,1,6,53,11,1,60,53,54,64,71,125
1,0,12,42,1,4,48,12,2,55,54,55,66,67,122
1,0,13,39,1,3,45,20,0,49,52,53,72,69,122
1,0,14,40,1,6,48,14,1,56,54,55,68,70,125
0,0,14,40,0,4,48,17,0,52,54,54,71,69,123
1,0,14,40,1,3,45,18,0,49,54,55,72,67,122
1,0,14,36,0,2,54,13,1,58,50,50,63,71,121
1,0,13,36,1,4,58,9,0,63,49,50,58,72,122
1,0,11,40,1,4,55,12,1,61,51,52,63,73,125
1,0,12,35,0,3,61,9,1,66,47,47,56,75,122
0,0,9,42,0,4,47,18,1,52,51,51,69,70,121
0,0,13,37,1,4,52,17,1,57,50,51,67,74,125
1,0,12,35,0,3,54,15,1,59,47,47,62,74,121
1,0,14,33,0,3,55,13,1,60,47,47,60,73,120
4,0,11,39,0,4,48,17,0,56,50,50,67,73,123
1,0,11,38,1,4,55,12,1,61,49,50,61,73,123
0,0,12,37,0,4,50,19,0,54,49,49,68,73,122
1,0,14,41,0,4,50,11,0,55,55,55,66,66,121
1,0,11,40,1,2,55,12,1,59,51,52,63,71,123
0,0,12,37,1,2,55,13,1,58,49,50,62,71,121
0,0,11,35,1,3,60,13,1,64,46,47,59,77,124
1,0,13,36,0,5,50,18,0,56,49,49,67,74,123
1,0,13,36,0,3,56,12,0,60,49,49,61,72,121
1,0,11,41,0,3,53,13,1,58,52,52,65,71,123
1,0,12,38,1,2,60,8,1,64,50,51,58,72,123
1,0,15,41,0,2,47,15,0,50,56,56,71,65,121
1,0,14,42,0,3,49,13,1,54,56,56,69,67,123
1,0,15,34,0,5,56,10,0,62,49,49,59,72,121
3,0,11,40,1,3,50,15,1,57,51,52,66,72,124
1,0,11,37,1,4,50,20,1,56,48,49,68,76,125
1,0,13,38,1,4,59,9,1,65,51,52,60,74,126
1,0,12,35,1,4,49,18,1,55,47,48,65,73,121
1,0,13,36,0,2,50,17,1,54,49,49,66,71,120
1,0,10,38,1,1,56,15,0,58,48,49,63,73,122
0,0,11,36,0,5,58,12,0,63,47,47,59,75,122
1,0,13,37,1,4,47,19,1,53,50,51,69,72,123
1,0,15,35,1,3,59,9,1,64,50,51,59,73,124
8,0,12,35,1,3,53,9,0,64,47,48,56,73,121
1,0,14,35,1,4,59,10,1,65,49,50,59,75,125
1,0,14,38,1,4,51,12,1,57,52,53,64,69,122
1,0,13,39,1,5,54,9,1,61,52,53,61,70,123
1,0,12,41,0,2,49,15,1,53,53,53,68,68,121
1,0,10,43,0,3,45,18,1,50,53,53,71,68,121
1,0,13,39,1,3,48,17,0,52,52,53,69,69,122
1,0,12,35,0,4,48,21,1,54,47,47,68,75,122
1,0,13,38,0,4,49,17,1,55,51,51,68,72,123
1,0,12,41,0,1,53,13,1,56,53,53,66,69,122
1,0,13,37,1,3,55,13,1,60,50,51,63,73,124
1,0,12,39,0,3,52,12,1,57,51,51,63,69,120
1,0,14,33,0,6,53,13,0,60,47,47,60,73,120
1,0,12,35,0,3,56,13,0,60,47,47,60,73,120
1,0,13,42,1,3,49,13,0,53,55,56,68,66,122
1,0,11,40,0,2,46,22,0,49,51,51,73,71,122
0,0,11,41,0,4,51,15,1,56,52,52,67,71,123
0,0,11,37,0,4,51,19,1,56,48,48,67,75,123
1,0,12,36,0,2,56,13,1,60,48,48,61,73,121
1,0,11,41,0,4,49,13,1,55,52,52,65,68,120
1,0,13,36,0,3,55,13,0,59,49,49,62,72,121
1,0,15,38,1,4,48,17,0,53,53,54,70,70,124
1,0,12,38,1,4,54,13,1,60,50,51,63,73,124
1,0,13,41,1,5,47,16,1,54,54,55,70,70,125
1,0,12,34,0,4,59,13,1,65,46,46,59,78,124
1,0,12,39,0,4,55,10,1,61,51,51,61,71,122
2,0,12,34,0,3,61,9,0,66,46,46,55,75,121
1,0,13,33,0,2,59,12,1,63,46,46,58,75,121
1,0,14,37,1,3,39,24,2,45,51,52,75,69,121
1,0,11,40,0,5,55,8,1,62,51,51,59,70,121
1,0,10,36,0,2,52,19,0,55,46,46,65,74,120
1,0,13,35,0,4,57,10,1,63,48,48,58,73,121
1,0,14,40,1,5,49,11,0,55,54,55,65,66,121
1,0,12,40,1,3,46,19,0,50,52,53,71,69,122
0,0,12,40,1,4,54,12,1,59,52,53,64,71,124
1,0,11,37,1,3,59,10,0,63,48,49,58,73,122
0,0,13,40,0,2,52,13,1,55,53,53,66,68,121
1,0,14,39,1,5,45,17,1,52,53,54,70,69,123
1,0,13,33,1,3,56,16,0,60,46,47,62,76,123
0,0,12,38,1,4,52,16,1,57,50,51,66,73,124
1,0,11,41,0,3,45,20,0,49,52,52,72,69,121
1,0,14,29,0,3,59,14,1,64,43,43,57,78,121
1,0,11,37,0,4,56,12,1,62,48,48,60,74,122
0,0,12,40,1,2,51,16,1,54,52,53,68,70,123
1,0,14,35,1,3,59,9,0,63,49,50,58,72,122
1,0,12,36,0,3,59,10,1,64,48,48,58,74,122
2,0,11,36,0,4,59,10,0,65,47,47,57,75,122
1,0,11,36,0,5,55,13,0,61,47,47,60,74,121
2,0,11,42,1,3,49,13,1,55,53,54,66,68,122
0,0,11,42,1,4,50,16,1,55,53,54,69,71,125
1,0,14,33,0,2,57,14,0,60,47,47,61,74,121
0,0,12,39,1,3,53,14,1,57,51,52,65,71,123
1,0,13,37,0,4,53,13,1,59,50,50,63,72,122
1,0,13,39,0,4,50,13,1,56,52,52,65,69,121
0,0,13,39,0,3,50,17,1,54,52,52,69,71,123
0,0,12,32,0,4,63,12,1,68,44,44,56,80,124
1,0,11,39,0,3,50,17,0,54,50,50,67,71,121
1,0,13,37,0,4,51,17,1,57,50,50,67,74,124
0,0,12,40,1,3,53,13,0,56,52,53,65,69,122
1,0,11,36,0,3,53,18,0,57,47,47,65,75,122
1,0,10,37,1,4,57,13,0,62,47,48,60,75,123
1,0,12,37,1,4,50,16,1,56,49,50,65,72,122
1,0,9,41,0,2,40,28,1,44,50,50,78,72,122
1,0,13,37,1,4,55,11,0,60,50,51,61,71,122
1,0,13,33,0,4,50,22,0,55,46,46,68,77,123
1,0,13,39,0,2,50,15,1,54,52,52,67,69,121
1,0,14,35,1,2,54,11,3,60,49,50,60,71,121
1,0,13,39,1,4,49,16,1,55,52,53,68,71,124
1,0,14,41,1,3,49,11,1,54,55,56,66,65,121
1,0,12,38,0,3,54,13,0,58,50,50,63,71,121
1,0,16,37,0,3,42,23,1,47,53,53,76,70,123
1,0,13,34,0,1,58,13,1,61,47,47,60,74,121
0,0,12,33,1,3,55,18,0,58,45,46,63,76,122
1,0,12,38,0,4,53,12,1,59,50,50,62,71,121
0,0,12,36,0,5,56,11,1,62,48,48,59,73,121
0,0,11,32,0,2,62,13,0,64,43,43,56,77,120
1,0,12,34,1,4,51,19,1,57,46,47,65,76,123
1,0,13,42,0,3,47,16,0,51,55,55,71,67,122
3,0,12,38,1,2,49,16,0,54,50,51,66,70,121
1,0,11,36,1,4,52,17,1,58,47,48,64,75,123
1,0,10,40,1,2,47,20,1,51,50,51,70,71,122
0,0,11,34,1,3,61,12,1,65,45,46,57,77,123
0,0,11,39,0,3,53,14,1,57,50,50,64,71,121
1,0,10,33,1,3,57,16,0,61,43,44,59,77,121
1,0,14,36,1,4,46,20,0,51,50,51,70,71,122
1,0,11,39,1,3,53,13,0,57,50,51,63,70,121
1,0,14,38,1,3,44,22,0,48,52,53,74,70,123
1,0,12,39,0,2,52,15,0,55,51,51,66,70,121
1,0,11,38,1,4,56,13,0,61,49,50,62,74,124
2,0,11,38,1,3,54,12,1,60,49,50,61,72,122
1,0,13,35,1,3,59,9,1,64,48,49,57,73,122
1,0,15,37,1,0,57,10,1,59,52,53,62,69,122
1,0,14,35,1,3,55,13,1,60,49,50,62,73,123
0,0,12,37,1,3,56,12,0,59,49,50,61,71,121
2,0,12,36,1,3,54,13,1,60,48,49,61,73,122
0,0,10,40,1,3,52,17,0,55,50,51,67,72,123
0,0,12,39,1,4,46,21,0,50,51,52,72,71,123
1,0,14,35,0,4,54,12,0,59,49,49,61,71,120
1,0,13,39,1,4,54,13,1,60,52,53,65,73,126
1,0,12,41,1,3,48,16,1,53,53,54,69,69,123
1,0,12,40,1,3,51,13,1,56,52,53,65,69,122
1,0,11,40,0,4,53,11,1,59,51,51,62,70,121
1,0,12,38,0,3,55,13,1,60,50,50,63,73,123
2,0,12,37,0,4,52,13,1,59,49,49,62,72,121
0,0,13,41,1,4,46,18,0,50,54,55,72,68,123
1,0,11,42,0,3,52,12,0,56,53,53,65,68,121
0,0,13,38,1,2,49,17,1,52,51,52,68,69,121
1,0,12,34,1,3,56,14,0,60,46,47,60,74,121
0,0,16,35,0,3,50,16,1,54,51,51,67,70,121
0,0,12,34,1,4,57,14,1,62,46,47,60,76,123
1,0,14,34,1,4,55,11,1,61,48,49,59,72,121
0,0,12,32,0,3,58,15,1,62,44,44,59,77,121
1,0,12,37,0,4,56,13,1,62,49,49,62,75,124
0,0,10,39,0,3,43,25,1,47,49,49,74,72,121
1,0,13,34,1,5,53,17,1,60,47,48,64,77,125
0,0,12,35,0,4,50,21,0,54,47,47,68,75,122
1,0,13,38,1,3,54,13,1,59,51,52,64,72,124
1,0,12,36,0,4,56,12,0,61,48,48,60,73,121
1,0,11,37,0,4,54,13,0,59,48,48,61,72,120
1,0,12,40,0,2,56,10,0,59,52,52,62,69,121
0,0,12,40,1,3,49,18,1,53,52,53,70,71,124
1,0,13,38,0,3,54,11,0,58,51,51,62,69,120
0,0,11,36,0,4,58,13,1,63,47,47,60,76,123
0,0,13,40,0,3,46,19,1,50,53,53,72,69,122
1,0,13,35,0,3,54,16,1,59,48,48,64,75,123
1,0,14,35,0,2,56,13,0,59,49,49,62,72,121
1,0,13,35,0,3,55,13,0,59,48,48,61,72,120
1,0,11,41,1,3,47,19,1,52,52,53,71,71,124
1,0,11,40,0,3,54,13,1,59,51,51,64,72,123
1,0,12,33,0,3,61,11,1,66,45,45,56,77,122
0,0,12,40,0,4,42,19,3,49,52,52,71,68,120
1,0,17,40,1,3,49,11,0,53,57,58,68,64,122
1,0,13,37,0,3,43,25,1,48,50,50,75,73,123
1,0,14,35,0,2,51,16,2,56,49,49,65,72,121
1,0,11,40,1,3,49,16,1,54,51,52,67,70,122
1,0,14,35,9,3,47,14,0,51,49,58,63,65,123
1,0,15,31,0,3,50,21,0,54,46,46,67,75,121
1,0,13,39,1,3,51,14,1,56,52,53,66,70,123
1,0,12,40,1,3,57,9,1,62,52,53,61,71,124
2,0,12,36,0,4,51,18,0,57,48,48,66,75,123
1,0,12,35,0,4,54,15,1,60,47,47,62,75,122
1,0,14,34,0,3,56,12,0,60,48,48,60,72,120
0,0,11,34,0,3,54,18,1,58,45,45,63,76,121
5,0,12,38,1,3,51,12,0,59,50,51,62,71,122
1,0,13,35,1,3,54,15,1,59,48,49,63,74,123
1,0,10,37,0,4,52,19,1,58,47,47,66,77,124
1,0,13,40,0,3,56,9,0,60,53,53,62,69,122
1,0,12,39,0,4,44,24,0,49,51,51,75,73,124
1,0,11,38,1,3,56,11,1,61,49,50,60,72,122
1,0,13,39,1,2,52,12,1,56,52,53,64,68,121
1,0,12,37,0,3,58,10,1,63,49,49,59,73,122
1,0,13,35,0,3,54,16,1,59,48,48,64,75,123
1,0,11,31,0,3,52,21,2,58,42,42,63,79,121
0,0,11,37,1,4,54,14,1,59,48,49,62,73,122
1,0,12,39,0,3,47,18,1,52,51,51,69,70,121
1,0,12,38,1,4,51,16,0,56,50,51,66,72,123
1,0,17,36,0,2,53,13,0,56,53,53,66,69,122
1,0,14,35,0,5,52,13,0,58,49,49,62,71,120
1,0,12,34,0,5,60,12,0,66,46,46,58,78,124
1,0,13,35,0,2,60,10,0,63,48,48,58,73,121
0,0,15,36,0,3,54,14,1,58,51,51,65,72,123
1,0,13,38,1,0,53,16,1,55,51,52,67,71,123
1,0,13,36,0,4,49,19,1,55,49,49,68,74,123
0,0,13,42,0,2,47,16,1,50,55,55,71,66,121
2,0,10,35,1,5,57,11,0,64,45,46,56,75,121
1,0,11,38,0,4,54,14,0,59,49,49,63,73,122
1,0,11,41,0,4,49,15,1,55,52,52,67,70,122
0,0,10,38,1,4,49,21,1,54,48,49,69,75,124
1,0,10,37,0,5,49,22,1,56,47,47,69,78,125
1,0,13,35,0,4,59,10,0,64,48,48,58,74,122
1,0,11,38,0,4,46,23,0,51,49,49,72,74,123
1,0,11,40,0,3,45,21,1,50,51,51,72,71,122
2,0,12,35,0,3,56,12,1,62,47,47,59,74,121
1,0,12,36,0,5,50,21,0,56,48,48,69,77,125
1,0,16,37,1,2,47,18,0,50,53,54,71,68,122
0,0,14,35,0,3,59,9,0,62,49,49,58,71,120
1,0,11,35,1,4,57,15,1,63,46,47,61,78,125
1,0,10,36,1,3,56,16,0,60,46,47,62,76,123
1,0,14,36,0,3,57,12,0,61,50,50,62,73,123
0,0,11,38,1,2,60,9,1,63,49,50,58,72,122
2,0,10,35,0,3,57,13,0,62,45,45,58,75,120
0,0,12,39,1,5,51,12,1,57,51,52,63,69,121
1,0,11,42,1,3,49,14,1,54,53,54,67,68,122
1,8,11,37,0,2,50,11,1,62,48,48,59,73,121
1,0,14,35,1,5,56,13,0,62,49,50,62,75,125
1,0,14,39,0,3,45,19,0,49,53,53,72,68,121
1,0,11,39,1,3,55,10,1,60,50,51,60,70,121
2,0,9,40,0,2,50,16,1,55,49,49,65,71,120
1,0,12,36,1,2,63,7,0,66,48,49,55,73,122
0,0,11,42,1,3,54,11,0,57,53,54,64,68,122
1,0,14,37,0,2,55,11,1,59,51,51,62,70,121
1,0,10,38,0,4,50,21,1,56,48,48,69,77,125
2,0,12,38,1,3,52,13,1,58,50,51,63,71,122
2,0,11,39,0,2,50,16,1,55,50,50,66,71,121
3,0,12,40,1,2,55,9,1,61,52,53,61,70,123
0,0,10,42,0,0,51,17,1,52,52,52,69,69,121
0,0,12,39,0,3,50,16,1,54,51,51,67,70,121
0,0,14,43,1,2,45,16,1,48,57,58,73,64,122
1,0,14,34,1,2,56,13,1,60,48,49,61,73,122
1,0,10,41,1,3,54,10,1,59,51,52,61,69,121
1,0,14,40,2,3,49,12,0,53,54,56,66,65,121
1,0,13,40,0,2,51,14,0,54,53,53,67,68,121
0,0,13,36,0,2,60,9,1,63,49,49,58,72,121
0,0,13,36,0,4,46,21,1,51,49,49,70,72,121
0,0,14,35,0,3,43,25,2,48,49,49,74,73,122
1,0,12,36,1,2,55,13,1,59,48,49,61,72,121
1,0,15,35,0,2,59,8,1,63,50,50,58,71,121
1,0,11,38,0,2,57,11,0,60,49,49,60,71,120
1,0,12,35,1,2,52,19,1,56,47,48,66,75,123
1,0,12,31,1,3,56,18,1,61,43,44,61,79,123
1,0,15,39,0,4,46,18,0,51,54,54,72,69,123
1,0,11,35,0,3,62,11,0,66,46,46,57,77,123
0,0,13,37,1,3,52,16,1,56,50,51,66,72,123
1,0,9,38,1,3,58,11,1,63,47,48,58,74,122
0,0,12,39,0,4,48,19,1,53,51,51,70,72,123
1,0,12,37,1,3,52,15,0,56,49,50,64,71,121
1,0,10,41,0,4,53,14,0,58,51,51,65,72,123
1,0,14,36,0,4,47,19,0,52,50,50,69,71,121
0,0,13,36,1,4,54,13,1,59,49,50,62,72,122
2,0,11,37,0,3,55,14,0,60,48,48,62,74,122
0,0,14,37,1,5,48,16,1,54,51,52,67,70,122
2,0,12,41,0,5,48,15,1,56,53,53,68,71,124
0,0,13,39,0,2,48,18,1,51,52,52,70,69,121
1,0,13,33,1,5,58,14,0,64,46,47,60,78,125
1,0,13,37,0,3,53,14,1,58,50,50,64,72,122
1,0,13,33,0,3,59,13,1,64,46,46,59,77,123
0,0,12,38,0,5,52,13,0,57,50,50,63,70,120
1,0,13,36,0,4,59,8,1,65,49,49,57,73,122
0,0,13,34,0,1,56,16,0,57,47,47,63,73,120
1,0,11,41,1,4,51,13,0,56,52,53,65,69,122
4,0,13,34,1,2,55,12,1,62,47,48,59,74,122
1,0,14,40,0,4,47,14,1,53,54,54,68,67,121
1,0,13,41,0,1,54,11,1,57,54,54,65,68,122
1,0,12,37,0,4,49,13,7,61,49,49,62,74,123
1,0,12,36,0,2,48,22,1,52,48,48,70,74,122
1,0,13,41,0,3,55,9,0,59,54,54,63,68,122
1,0,12,34,1,3,57,14,1,62,46,47,60,76,123
1,0,12,35,0,3,48,23,1,53,47,47,70,76,123
1,0,12,35,0,2,54,16,0,57,47,47,63,73,120
1,0,14,37,0,4,52,14,1,58,51,51,65,72,123
1,0,12,38,1,3,50,18,0,54,50,51,68,72,123
1,0,12,34,1,5,61,10,0,67,46,47,56,77,124
1,0,12,42,0,5,46,16,0,52,54,54,70,68,122
2,0,11,37,1,5,54,15,1,62,48,49,63,77,126
2,0,9,37,1,6,54,15,0,62,46,47,61,77,124
1,0,13,37,0,4,51,16,1,57,50,50,66,73,123
0,0,9,37,0,3,58,14,1,62,46,46,60,76,122
1,0,13,35,0,2,45,26,1,49,48,48,74,75,123
0,0,14,37,0,3,55,12,1,59,51,51,63,71,122
1,0,12,39,1,2,52,14,0,55,51,52,65,69,121
2,0,11,37,1,3,58,9,1,64,48,49,57,73,122
1,0,13,39,1,2,46,20,0,49,52,53,72,69,122
0,0,13,32,0,4,60,11,0,64,45,45,56,75,120
1,0,12,38,0,4,50,15,0,55,50,50,65,70,120
1,0,12,35,0,2,58,13,1,62,47,47,60,75,122
1,0,14,35,1,4,60,9,1,66,49,50,58,75,125
0,0,12,38,0,2,55,13,0,57,50,50,63,70,120
1,0,11,37,1,3,59,10,0,63,48,49,58,73,122
1,0,12,41,0,2,50,14,1,54,53,53,67,68,121
1,0,11,34,0,2,57,17,1,61,45,45,62,78,123
2,0,15,31,1,4,58,9,1,65,46,47,55,74,121
3,0,14,37,0,4,55,9,0,62,51,51,60,71,122
0,0,14,34,0,3,52,17,1,56,48,48,65,73,121
1,0,13,36,0,3,54,14,0,58,49,49,63,72,121
2,0,12,34,1,4,58,10,0,64,46,47,56,74,121
1,0,14,35,1,2,54,15,0,57,49,50,64,72,122
1,0,13,44,0,3,48,12,1,53,57,57,69,65,122
2,0,13,38,1,2,55,10,0,59,51,52,61,69,121
1,0,13,36,1,2,53,16,0,56,49,50,65,72,122
1,0,13,35,1,2,47,21,0,50,48,49,69,71,120
1,0,12,40,0,4,44,21,1,50,52,52,73,71,123
2,0,10,39,1,4,52,15,1,59,49,50,64,74,124
1,0,15,38,0,5,46,18,0,52,53,53,71,70,123
0,0,13,37,1,3,56,11,0,59,50,51,61,70,121
0,0,11,39,0,3,52,16,1,56,50,50,66,72,122
1,0,13,38,1,4,55,12,0,60,51,52,63,72,124
1,0,13,35,0,3,53,16,1,58,48,48,64,74,122
1,0,13,36,1,4,58,12,0,63,49,50,61,75,125
0,0,12,38,2,4,50,16,0,54,50,52,66,70,122
1,0,11,35,1,3,47,25,1,52,46,47,71,77,124
1,0,11,37,0,2,54,16,1,58,48,48,64,74,122
1,0,12,40,0,6,49,16,0,56,52,52,68,72,124
1,0,11,40,0,2,50,16,1,54,51,51,67,70,121
1,0,14,34,0,5,51,18,1,58,48,48,66,76,124
1,0,11,39,0,2,57,10,1,61,50,50,60,71,121
1,0,12,36,1,3,43,27,0,47,48,49,75,74,123
1,0,14,39,1,3,52,11,1,57,53,54,64,68,122
1,0,12,36,0,4,60,9,0,65,48,48,57,74,122
0,0,11,33,0,5,63,10,1,69,44,44,54,79,123
1,0,11,39,1,4,47,18,1,53,50,51,68,71,122
1,0,14,32,0,4,55,16,0,60,46,46,62,76,122
2,0,11,38,0,2,53,14,0,57,49,49,63,71,120
2,0,16,34,0,1,53,14,0,56,50,50,64,70,120
2,0,12,38,1,2,53,13,1,58,50,51,63,71,122
0,0,13,32,0,2,63,11,1,66,45,45,56,77,122
1,0,12,40,0,4,54,12,0,59,52,52,64,71,123
0,0,16,34,0,3,53,14,1,57,50,50,64,71,121
3,0,13,37,0,3,53,11,1,60,50,50,61,71,121
1,0,14,36,0,2,55,12,1,59,50,50,62,71,121
1,0,12,36,0,2,59,11,0,62,48,48,59,73,121
1,0,15,38,1,4,48,17,0,53,53,54,70,70,124
1,0,14,37,1,4,59,6,0,64,51,52,57,70,122
1,0,15,37,0,3,50,14,2,56,52,52,66,70,122
1,0,12,36,0,5,50,16,0,56,48,48,64,72,120
1,0,12,35,0,3,59,12,1,64,47,47,59,76,123
0,0,15,43,0,4,45,15,0,49,58,58,73,64,122
1,0,12,38,1,1,51,17,1,54,50,51,67,71,122
1,0,15,36,0,2,51,16,1,55,51,51,67,71,122
1,0,12,37,1,4,52,17,0,57,49,50,66,74,124
1,0,12,39,1,3,53,13,0,57,51,52,64,70,122
1,0,11,37,0,4,61,9,0,66,48,48,57,75,123
1,0,11,35,0,5,47,23,2,55,46,46,69,78,124
2,0,15,37,0,2,51,13,1,56,52,52,65,69,121
0,0,13,38,0,4,50,16,1,55,51,51,67,71,122
1,0,15,34,1,5,49,16,0,55,49,50,65,71,121
1,0,14,43,0,4,43,17,1,49,57,57,74,66,123
3,0,10,35,0,2,54,17,1,60,45,45,62,77,122
1,0,13,39,1,3,48,16,1,53,52,53,68,69,122
1,0,12,40,1,3,52,14,0,56,52,53,66,70,123
1,0,12,42,0,4,49,15,1,55,54,54,69,70,124
1,0,12,37,0,4,51,17,1,57,49,49,66,74,123
1,0,12,37,1,3,54,13,0,58,49,50,62,71,121
0,0,14,36,0,3,52,15,0,55,50,50,65,70,120
1,0,12,41,1,2,48,15,2,53,53,54,68,68,122
1,0,13,38,1,4,48,19,1,54,51,52,70,73,125
1,0,14,39,1,5,51,13,1,58,53,54,66,71,125
0,0,10,37,0,3,58,12,1,62,47,47,59,74,121
1,0,14,39,0,1,54,11,1,57,53,53,64,68,121
1,0,11,38,1,3,47,21,1,52,49,50,70,73,123
2,0,10,36,1,5,55,15,1,63,46,47,61,78,125
0,0,12,39,0,3,55,11,0,58,51,51,62,69,120
1,0,11,33,1,4,59,13,0,64,44,45,57,77,122
0,0,15,36,1,2,54,13,0,56,51,52,64,69,121
0,0,13,38,1,3,51,16,1,55,51,52,67,71,123
3,0,12,37,1,2,48,18,0,53,49,50,67,71,121
0,0,10,41,1,2,53,13,0,55,51,52,64,68,120
0,0,13,36,0,4,59,10,1,64,49,49,59,74,123
0,0,13,36,1,3,55,14,1,59,49,50,63,73,123
1,0,15,37,0,3,49,16,0,53,52,52,68,69,121
1,0,15,33,0,3,58,11,1,63,48,48,59,74,122
0,0,12,37,1,3,53,16,0,56,49,50,65,72,122
0,0,11,39,0,5,54,14,1,60,50,50,64,74,124
1,0,11,34,1,3,57,15,1,62,45,46,60,77,123
0,0,11,39,3,3,55,11,1,59,50,53,61,70,123
1,0,13,38,0,2,55,11,0,58,51,51,62,69,120
1,0,13,35,0,3,52,16,2,58,48,48,64,74,122
1,0,10,37,1,2,63,8,1,67,47,48,55,75,123
1,0,13,38,1,6,54,13,0,61,51,52,64,74,126
5,0,13,34,1,4,55,11,0,64,47,48,58,75,123
1,0,12,39,0,2,47,18,1,51,51,51,69,69,120
1,0,12,39,0,3,54,12,0,58,51,51,63,70,121
1,0,14,35,0,3,56,13,0,60,49,49,62,73,122
0,0,13,37,1,3,53,15,1,57,50,51,65,72,123
1,0,10,36,1,4,57,16,1,63,46,47,62,79,126
1,0,11,37,0,4,49,18,1,55,48,48,66,73,121
1,0,11,35,0,6,54,17,1,62,46,46,63,79,125
1,0,11,35,1,4,54,15,0,59,46,47,61,74,121
0,0,12,39,0,4,45,21,1,50,51,51,72,71,122
1,0,14,35,1,3,53,15,1,58,49,50,64,73,123
0,0,11,38,1,2,55,14,1,58,49,50,63,72,122
1,0,13,39,1,5,45,19,1,52,52,53,71,71,124
1,0,10,35,1,4,57,17,0,62,45,46,62,79,125
1,0,13,42,0,3,49,13,1,54,55,55,68,67,122
0,0,15,36,0,4,57,10,1,62,51,51,61,72,123
1,0,11,37,1,2,56,12,0,59,48,49,60,71,120
1,0,14,38,0,6,54,8,1,62,52,52,60,70,122
1,0,14,33,1,2,56,14,1,60,47,48,61,74,122
1,0,14,35,1,4,53,17,0,58,49,50,66,75,125
1,0,12,43,1,2,49,14,1,53,55,56,69,67,123
1,0,12,37,1,4,56,11,1,62,49,50,60,73,123
1,0,13,41,1,6,48,15,0,55,54,55,69,70,125
1,0,13,33,0,3,49,24,0,53,46,46,70,77,123
1,0,14,36,1,3,53,12,1,58,50,51,62,70,121
1,0,12,38,0,3,45,21,1,50,50,50,71,71,121
1,0,12,35,0,2,56,15,0,59,47,47,62,74,121
1,0,12,39,0,3,49,17,0,53,51,51,68,70,121
1,0,11,40,0,2,55,12,0,58,51,51,63,70,121
1,0,12,38,1,0,53,16,1,55,50,51,66,71,122
1,0,13,37,1,5,54,12,0,60,50,51,62,72,123
6,0,11,41,1,2,51,9,1,60,52,53,61,69,122
1,0,10,40,0,2,57,11,1,61,50,50,61,72,122
1,0,14,36,0,4,54,13,0,59,50,50,63,72,122
1,0,12,34,0,5,57,14,1,64,46,46,60,78,124
1,0,10,37,0,3,56,14,1,61,47,47,61,75,122
1,0,12,36,1,3,57,11,1,62,48,49,59,73,122
0,0,11,40,0,3,53,15,0,56,51,51,66,71,122
0,0,13,39,1,5,53,14,1,59,52,53,66,73,126
0,0,12,40,1,3,44,21,1,48,52,53,73,69,122
1,18,13,33,1,4,42,10,1,66,46,47,56,76,123
2,0,15,37,1,5,53,8,1,61,52,53,60,69,122
1,0,13,37,0,4,52,13,0,57,50,50,63,70,120
1,0,13,40,0,4,53,11,0,58,53,53,64,69,122
1,0,13,39,0,5,49,17,0,55,52,52,69,72,124
0,0,12,41,1,2,45,19,2,49,53,54,72,68,122
1,0,12,31,1,2,61,13,1,65,43,44,56,78,122
1,0,10,37,0,2,50,20,1,54,47,47,67,74,121
1,0,12,37,0,4,55,14,0,60,49,49,63,74,123
0,0,14,34,0,4,50,20,0,54,48,48,68,74,122
0,0,12,37,0,4,57,10,0,61,49,49,59,71,120
2,0,11,40,0,2,48,17,0,52,51,51,68,69,120
0,0,13,35,0,3,59,10,1,63,48,48,58,73,121
1,0,13,37,0,3,53,14,1,58,50,50,64,72,122
1,0,15,34,0,6,59,8,1,67,49,49,57,75,124
1,0,14,36,1,3,50,15,1,55,50,51,65,70,121
0,0,13,38,0,3,50,16,1,54,51,51,67,70,121
0,0,15,36,0,2,45,22,0,47,51,51,73,69,120
1,0,16,37,0,4,48,17,1,54,53,53,70,71,124
0,0,12,39,1,2,51,15,1,54,51,52,66,69,121
1,0,12,35,0,3,61,10,1,66,47,47,57,76,123
1,0,11,38,0,3,47,21,0,51,49,49,70,72,121
0,0,11,35,1,3,52,21,0,55,46,47,67,76,123
0,0,12,34,0,3,47,24,0,50,46,46,70,74,120
1,0,12,41,1,4,52,13,1,58,53,54,66,71,125
1,0,14,36,1,3,55,11,1,60,50,51,61,71,122
1,0,14,39,1,3,53,11,0,57,53,54,64,68,122
1,0,13,38,0,5,48,15,0,54,51,51,66,69,120
1,0,13,36,1,3,54,13,1,59,49,50,62,72,122
0,0,12,35,0,3,49,20,1,53,47,47,67,73,120
0,0,13,36,0,3,49,19,1,53,49,49,68,72,121
1,0,13,37,1,4,56,11,0,61,50,51,61,72,123
1,0,15,38,0,3,54,9,0,58,53,53,62,67,120
1,0,13,37,0,2,56,11,1,60,50,50,61,71,121
3,0,11,40,0,4,44,21,0,51,51,51,72,72,123
1,0,15,35,0,2,49,19,0,52,50,50,69,71,121
1,0,12,36,0,4,52,17,1,58,48,48,65,75,123
1,0,11,41,0,2,50,15,1,54,52,52,67,69,121
1,0,13,35,0,4,53,17,1,59,48,48,65,76,124
1,0,11,34,0,5,59,13,1,66,45,45,58,79,124
0,0,13,35,0,3,56,12,1,60,48,48,60,72,120
1,0,14,44,1,5,50,8,1,57,58,59,66,65,124
2,0,12,36,0,2,52,16,1,57,48,48,64,73,121
1,0,9,40,1,3,55,14,0,59,49,50,63,73,123
1,0,14,37,1,3,54,12,0,58,51,52,63,70,122
1,0,11,35,1,3,58,13,0,62,46,47,59,75,122
1,0,12,40,0,4,45,18,0,50,52,52,70,68,120
0,0,10,40,1,5,55,13,0,60,50,51,63,73,124
1,0,18,29,1,3,62,8,1,67,47,48,55,75,123
1,0,13,41,0,2,53,10,1,57,54,54,64,67,121
0,0,10,41,0,4,48,18,1,53,51,51,69,71,122
4,0,11,35,1,4,57,12,1,66,46,47,58,78,125
3,0,14,37,0,4,42,21,1,50,51,51,72,71,122
0,0,11,41,0,3,53,12,0,56,52,52,64,68,120
1,0,12,34,1,4,53,18,0,58,46,47,64,76,123
1,0,13,35,1,3,54,14,1,59,48,49,62,73,122
1,0,10,38,0,5,54,14,0,60,48,48,62,74,122
2,0,11,38,0,4,50,17,1,57,49,49,66,74,123
0,0,13,36,1,3,60,8,1,64,49,50,57,72,122
2,0,12,38,1,4,53,11,1,60,50,51,61,71,122
1,0,10,37,1,4,57,15,1,63,47,48,62,78,126
3,0,10,40,0,3,45,20,0,51,50,50,70,71,121
1,0,13,35,0,4,57,11,0,62,48,48,59,73,121
1,0,13,35,0,3,50,20,1,55,48,48,68,75,123
1,0,14,35,0,3,62,6,1,67,49,49,55,73,122
1,0,14,38,0,4,54,10,0,59,52,52,62,69,121
1,0,10,37,0,5,55,12,1,62,47,47,59,74,121
1,0,16,38,0,2,48,15,1,52,54,54,69,67,121
0,0,10,42,1,5,52,15,0,57,52,53,67,72,125
1,0,12,32,0,3,62,11,0,66,44,44,55,77,121
1,0,11,35,0,5,54,17,1,61,46,46,63,78,124
0,0,13,35,0,2,45,25,1,48,48,48,73,73,121
1,0,13,40,1,3,45,19,1,50,53,54,72,69,123
0,0,11,37,1,3,50,19,1,54,48,49,67,73,122
1,0,11,39,1,5,54,14,0,60,50,51,64,74,125
1,0,16,35,1,3,52,13,0,56,51,52,64,69,121
0,0,13,34,1,3,57,14,1,61,47,48,61,75,123
1,0,12,34,1,3,56,16,1,61,46,47,62,77,124
1,0,12,38,0,4,53,14,1,59,50,50,64,73,123
1,0,11,38,0,4,51,16,0,56,49,49,65,72,121
1,0,13,33,1,2,59,11,1,63,46,47,57,74,121
1,0,13,42,0,4,45,16,1,51,55,55,71,67,122
0,0,13,37,0,2,49,19,1,52,50,50,69,71,121
1,0,12,37,1,0,52,19,0,53,49,50,68,72,122
1,0,12,39,1,2,55,12,1,59,51,52,63,71,123
1,0,11,34,1,4,61,11,1,67,45,46,56,78,124
1,0,15,35,0,4,52,14,1,58,50,50,64,72,122
1,0,14,38,1,5,44,19,0,50,52,53,71,69,122
1,0,14,33,0,3,58,13,0,62,47,47,60,75,122
0,0,12,36,1,3,56,14,0,59,48,49,62,73,122
1,0,13,35,1,3,55,14,1,60,48,49,62,74,123
0,0,12,36,1,3,49,21,1,53,48,49,69,74,123
1,0,13,33,1,3,54,19,0,58,46,47,65,77,124
1,0,12,43,1,3,48,14,1,53,55,56,69,67,123
1,0,14,35,1,3,57,11,1,62,49,50,60,73,123
1,0,11,38,0,4,48,18,1,54,49,49,67,72,121
1,0,12,38,0,2,59,8,1,63,50,50,58,71,121
1,0,12,35,1,2,62,8,1,66,47,48,55,74,122
0,0,12,41,0,5,53,13,0,58,53,53,66,71,124
1,0,11,34,1,2,56,17,1,60,45,46,62,77,123
1,0,12,39,1,4,51,14,0,56,51,52,65,70,122
1,0,11,40,1,4,49,19,0,54,51,52,70,73,125
2,0,13,39,0,4,52,12,0,58,52,52,64,70,122
0,9,11,34,0,3,54,9,0,66,45,45,54,75,120
0,0,10,41,1,2,50,18,1,53,51,52,69,71,123
2,0,13,38,0,2,52,13,1,57,51,51,64,70,121
1,0,13,36,1,2,54,14,1,58,49,50,63,72,122
1,0,12,38,0,4,42,24,1,48,50,50,74,72,122
1,0,12,31,1,4,57,17,1,63,43,44,60,80,124
1,0,13,40,1,4,47,17,0,52,53,54,70,69,123
0,0,9,42,1,3,51,15,1,55,51,52,66,70,122
0,0,12,38,0,3,51,16,1,55,50,50,66,71,121
1,0,15,35,6,4,52,10,1,58,50,56,60,68,124
1,0,15,40,1,5,51,13,0,57,55,56,68,70,126
3,0,12,39,0,4,52,11,1,60,51,51,62,71,122
1,0,13,33,0,4,56,15,1,62,46,46,61,77,123
1,0,14,39,1,5,51,10,1,58,53,54,63,68,122
1,0,12,40,1,3,48,18,1,53,52,53,70,71,124
2,0,12,36,0,4,54,12,1,61,48,48,60,73,121
1,0,11,42,1,2,50,16,1,54,53,54,69,70,124
0,0,11,39,1,3,46,21,2,51,50,51,71,72,123
1,0,12,37,0,5,50,16,0,56,49,49,65,72,121
1,0,11,35,0,3,48,22,1,53,46,46,68,75,121
1,0,12,35,1,4,60,11,1,66,47,48,58,77,125
1,0,14,37,1,2,50,16,0,53,51,52,67,69,121
1,0,11,35,1,2,45,24,4,52,46,47,70,76,123
0,0,13,38,0,4,48,18,1,53,51,51,69,71,122
1,0,12,39,1,4,51,15,0,56,51,52,66,71,123
0,0,9,46,1,5,48,16,1,54,55,56,71,70,126
2,0,10,37,1,3,56,12,1,62,47,48,59,74,122
1,0,10,39,0,3,48,21,1,53,49,49,70,74,123
0,0,12,37,1,4,54,14,1,59,49,50,63,73,123
1,0,11,39,1,3,55,12,1,60,50,51,62,72,123
1,0,13,36,0,4,54,14,0,59,49,49,63,73,122
1,0,10,39,0,3,59,9,1,64,49,49,58,73,122
1,0,12,39,0,2,57,10,1,61,51,51,61,71,122
1,0,13,34,1,3,58,12,0,62,47,48,59,74,122
0,0,14,38,0,4,48,16,1,53,52,52,68,69,121
1,0,13,39,0,3,48,17,0,52,52,52,69,69,121
1,0,12,35,0,4,54,17,0,59,47,47,64,76,123
1,0,12,36,0,5,54,15,0,60,48,48,63,75,123
1,0,12,39,1,3,50,15,1,55,51,52,66,70,122
1,0,13,35,0,3,54,14,1,59,48,48,62,73,121
1,0,12,38,1,4,54,14,0,59,50,51,64,73,124
1,0,10,43,1,4,52,11,1,58,53,54,64,69,123
0,0,12,39,0,2,57,10,1,60,51,51,61,70,121
1,0,12,38,0,3,53,13,1,58,50,50,63,71,121
1,0,14,39,0,3,46,18,0,50,53,53,71,68,121
1,0,12,36,1,3,50,17,1,55,48,49,65,72,121
1,0,10,34,1,3,61,11,1,66,44,45,55,77,122
0,0,14,38,0,2,57,10,1,60,52,52,62,70,122
1,0,9,41,0,5,52,14,1,59,50,50,64,73,123
1,0,14,40,0,2,44,18,1,48,54,54,72,66,120
1,0,11,32,1,3,54,19,0,58,43,44,62,77,121
1,0,15,34,1,3,48,20,0,52,49,50,69,72,122
1,0,14,40,1,3,56,9,1,61,54,55,63,70,125
1,0,12,36,0,4,50,19,1,56,48,48,67,75,123
0,0,12,35,1,4,59,11,1,64,47,48,58,75,123
1,0,12,39,0,0,55,14,1,57,51,51,65,71,122
1,0,12,40,1,3,50,16,0,54,52,53,68,70,123
1,0,11,37,0,3,54,17,1,59,48,48,65,76,124
1,0,12,35,0,3,58,14,0,62,47,47,61,76,123
1,0,14,38,0,3,51,14,0,55,52,52,66,69,121
0,0,10,38,1,4,58,13,1,63,48,49,61,76,125
1,0,13,39,1,5,51,14,1,58,52,53,66,72,125
1,0,13,37,1,0,61,9,0,62,50,51,59,71,122
0,0,13,39,1,4,51,16,0,55,52,53,68,71,124
1,0,13,34,1,4,50,20,1,56,47,48,67,76,124
1,0,14,43,0,3,49,12,0,53,57,57,69,65,122
2,0,12,35,1,3,53,17,1,59,47,48,64,76,124
1,0,10,36,1,3,54,19,1,59,46,47,65,78,125
1,0,13,34,1,8,54,10,1,64,47,48,57,74,122
0,0,15,37,0,2,57,9,0,59,52,52,61,68,120
2,0,12,36,0,5,55,14,1,63,48,48,62,77,125
1,0,14,40,1,4,53,11,0,58,54,55,65,69,124
0,0,11,37,1,3,58,12,1,62,48,49,60,74,123
1,0,11,39,0,2,53,14,0,56,50,50,64,70,120
1,0,12,37,1,4,59,8,1,65,49,50,57,73,123
2,0,12,33,1,2,56,14,0,60,45,46,59,74,120
2,0,12,38,1,4,48,17,1,55,50,51,67,72,123
0,0,14,38,1,4,53,13,0,57,52,53,65,70,123
2,0,10,35,0,3,64,6,0,69,45,45,51,75,120
1,0,14,36,0,4,51,16,1,57,50,50,66,73,123
2,0,13,38,0,2,57,8,0,61,51,51,59,69,120
1,0,10,41,1,5,55,12,1,62,51,52,63,74,126
0,0,12,41,1,4,53,11,1,58,53,54,64,69,123
1,0,11,36,0,4,54,16,1,60,47,47,63,76,123
5,0,10,33,1,3,58,10,1,67,43,44,53,77,121
1,0,11,37,1,5,60,9,0,66,48,49,57,75,124
1,0,13,36,1,3,53,16,1,58,49,50,65,74,124
0,0,12,40,1,3,56,10,1,60,52,53,62,70,123
0,0,14,37,1,2,47,20,1,50,51,52,71,70,122
1,0,12,41,0,3,47,16,1,52,53,53,69,68,121
1,0,12,37,1,2,55,12,0,58,49,50,61,70,120
0,0,12,41,1,2,50,14,0,52,53,54,67,66,120
1,0,12,38,0,4,52,15,1,58,50,50,65,73,123
1,0,12,37,1,2,49,18,1,53,49,50,67,71,121
1,0,13,45,0,2,46,13,1,50,58,58,71,63,121
1,0,11,37,1,4,49,20,1,55,48,49,68,75,124
1,0,13,32,0,6,57,12,1,65,45,45,57,77,122
1,0,13,33,1,3,61,9,1,66,46,47,55,75,122
1,0,11,42,1,4,48,17,1,54,53,54,70,71,125
1,0,13,37,0,2,54,13,1,58,50,50,63,71,121
1,0,13,34,1,5,59,11,1,66,47,48,58,77,125
2,0,12,39,0,3,45,19,1,51,51,51,70,70,121
1,0,14,38,1,0,58,9,1,60,52,53,61,69,122
2,0,13,31,1,6,56,17,1,65,44,45,61,82,127
1,0,13,37,1,3,50,18,0,54,50,51,68,72,123
1,0,11,39,1,4,49,17,1,55,50,51,67,72,123
1,0,13,37,1,3,51,17,1,56,50,51,67,73,124
0,0,10,40,0,2,51,17,1,54,50,50,67,71,121
0,0,11,34,1,2,61,12,0,63,45,46,57,75,121
0,0,13,35,0,4,55,13,1,60,48,48,61,73,121
1,0,10,39,1,3,55,13,1,60,49,50,62,73,123
0,0,12,32,1,3,61,14,0,64,44,45,58,78,123
1,0,13,36,1,3,57,10,1,62,49,50,59,72,122
1,0,15,40,0,5,48,12,0,54,55,55,67,66,121
0,0,13,31,1,5,54,16,1,60,44,45,60,76,121
0,0,13,38,1,3,49,16,1,53,51,52,67,69,121
1,0,14,36,0,3,56,10,1,61,50,50,60,71,121
0,0,15,37,0,3,52,14,1,56,52,52,66,70,122
1,0,15,36,1,3,49,18,1,54,51,52,69,72,124
0,0,14,38,1,3,50,16,1,54,52,53,68,70,123
0,0,13,38,1,5,59,8,1,65,51,52,59,73,125
1,0,15,33,1,3,58,10,1,63,48,49,58,73,122
5,0,11,35,1,4,52,14,1,62,46,47,60,76,123
1,0,13,39,1,3,50,14,1,55,52,53,66,69,122
1,0,12,37,1,3,48,20,0,52,49,50,69,72,122
1,0,13,36,1,4,48,17,1,54,49,50,66,71,121
0,0,14,38,0,6,52,12,1,59,52,52,64,71,123
0,0,14,37,1,3,56,11,0,59,51,52,62,70,122
1,0,14,37,0,4,44,20,1,50,51,51,71,70,121
1,0,12,35,0,4,56,15,1,62,47,47,62,77,124
1,0,13,36,1,3,58,11,1,63,49,50,60,74,124
1,0,13,37,0,3,49,17,1,54,50,50,67,71,121
1,0,14,39,1,4,52,11,0,57,53,54,64,68,122
1,0,12,40,1,4,46,21,0,51,52,53,73,72,125
0,0,12,36,1,3,50,20,1,54,48,49,68,74,123
1,0,11,38,1,3,51,17,1,56,49,50,66,73,123
1,0,12,38,0,3,52,15,1,57,50,50,65,72,122
0,0,9,43,0,3,53,12,1,57,52,52,64,69,121
1,0,13,38,0,4,48,18,1,54,51,51,69,72,123
0,0,13,38,0,2,53,15,0,55,51,51,66,70,121
1,0,16,36,1,5,49,14,1,56,52,53,66,70,123
0,0,11,35,0,2,60,12,1,63,46,46,58,75,121
2,0,11,37,1,3,55,13,1,61,48,49,61,74,123
0,0,13,39,1,4,49,14,1,54,52,53,66,68,121
1,0,12,34,1,3,53,17,1,58,46,47,63,75,122
1,0,14,38,0,5,53,9,0,59,52,52,61,68,120
1,0,13,34,1,5,46,24,2,54,47,48,71,78,126
0,0,12,36,1,3,56,13,1,60,48,49,61,73,122
4,0,11,36,1,3,55,13,0,62,47,48,60,75,123
1,0,17,32,1,5,51,17,1,58,49,50,66,75,125
1,0,12,42,1,4,51,13,0,56,54,55,67,69,124
1,0,15,36,0,4,54,11,1,60,51,51,62,71,122
1,0,13,38,1,3,48,19,0,52,51,52,70,71,123
1,0,11,39,1,4,53,14,0,58,50,51,64,72,123
1,0,11,38,1,2,49,19,0,52,49,50,68,71,121
1,0,12,31,0,4,60,12,1,66,43,43,55,78,121
1,0,13,42,0,5,54,8,1,61,55,55,63,69,124
2,0,12,34,0,4,59,9,1,66,46,46,55,75,121
1,0,11,35,0,2,52,20,0,55,46,46,66,75,121
1,0,14,39,1,5,44,21,1,51,53,54,74,72,126
1,0,13,39,0,4,54,10,1,60,52,52,62,70,122
1,0,13,37,1,2,46,19,1,50,50,51,69,69,120
1,0,12,36,0,2,57,12,1,61,48,48,60,73,121
1,0,14,38,1,3,54,10,0,58,52,53,62,68,121
0,0,11,41,0,3,53,12,1,57,52,52,64,69,121
0,0,13,36,0,3,52,18,1,56,49,49,67,74,123
1,0,12,39,0,4,49,15,1,55,51,51,66,70,121
3,0,15,37,0,3,54,9,1,61,52,52,61,70,122
1,0,12,33,0,5,50,22,1,57,45,45,67,79,124
1,0,14,38,0,2,50,16,1,54,52,52,68,70,122
1,0,11,43,1,4,45,17,0,50,54,55,71,67,122
1,0,13,36,1,4,57,12,1,63,49,50,61,75,125
1,0,13,37,1,4,49,16,1,55,50,51,66,71,122
0,0,11,38,0,3,53,16,0,56,49,49,65,72,121
1,0,12,39,1,4,55,11,1,61,51,52,62,72,124
1,0,13,41,0,2,53,10,1,57,54,54,64,67,121
1,0,12,41,1,4,54,11,1,60,53,54,64,71,125
0,0,12,41,0,2,46,20,0,48,53,53,73,68,121
1,0,13,35,0,3,55,15,0,59,48,48,63,74,122
1,0,12,35,0,3,61,10,0,65,47,47,57,75,122
1,0,13,36,1,1,50,20,0,52,49,50,69,72,122
1,0,15,37,1,3,51,14,0,55,52,53,66,69,122
1,0,11,35,0,2,55,18,0,58,46,46,64,76,122
1,0,10,38,0,5,59,11,0,65,48,48,59,76,124
1,0,15,38,1,2,53,11,0,56,53,54,64,67,121
1,0,10,36,1,3,54,16,1,59,46,47,62,75,122
1,0,10,35,0,4,47,26,0,52,45,45,71,78,123
2,0,11,40,1,2,53,12,0,57,51,52,63,69,121
5,0,10,39,0,6,51,14,0,62,49,49,63,76,125
1,0,11,37,0,3,53,16,0,57,48,48,64,73,121
2,0,13,39,1,4,49,14,1,56,52,53,66,70,123
1,0,14,36,1,6,53,11,1,61,50,51,61,72,123
1,0,12,37,0,0,49,21,1,51,49,49,70,72,121
2,0,11,36,1,4,54,15,0,60,47,48,62,75,123
0,0,12,36,1,4,58,13,1,63,48,49,61,76,125
1,7,12,35,1,5,47,14,1,61,47,48,61,75,123
1,0,12,37,1,3,51,16,1,56,49,50,65,72,122
1,0,11,35,1,3,62,8,1,67,46,47,54,75,122
0,0,11,34,1,3,58,14,1,62,45,46,59,76,122
1,0,11,36,0,3,45,27,0,49,47,47,74,76,123
1,0,13,32,0,4,58,12,1,64,45,45,57,76,121
1,0,13,38,1,3,50,17,1,55,51,52,68,72,124
1,0,13,33,1,4,54,18,1,60,46,47,64,78,125
1,0,12,34,1,3,51,20,1,56,46,47,66,76,123
1,0,13,38,1,2,39,26,1,43,51,52,77,69,121
1,0,11,35,0,4,58,12,0,63,46,46,58,75,121
1,0,13,32,1,4,59,12,1,65,45,46,57,77,123
1,0,10,36,1,4,45,26,1,51,46,47,72,77,124
1,0,11,31,0,3,58,16,0,62,42,42,58,78,120
1,0,13,32,0,4,49,23,0,54,45,45,68,77,122
1,0,13,41,1,1,47,17,1,50,54,55,71,67,122
1,0,13,38,0,3,50,17,1,55,51,51,68,72,123
2,0,12,36,0,3,54,14,1,60,48,48,62,74,122
1,0,14,38,1,3,51,13,1,56,52,53,65,69,122
0,0,12,41,0,0,47,20,0,47,53,53,73,67,120
1,0,13,38,0,2,52,15,0,55,51,51,66,70,121
1,0,14,31,1,4,54,17,1,60,45,46,62,77,123
0,0,13,39,1,0,38,23,7,45,52,53,75,68,121
1,0,11,42,1,2,47,18,1,51,53,54,71,69,123
2,0,13,35,0,0,59,11,0,61,48,48,59,72,120
2,0,13,42,0,4,47,13,1,54,55,55,68,67,122
0,0,11,37,0,4,54,15,1,59,48,48,63,74,122
1,0,14,35,0,4,56,13,1,62,49,49,62,75,124
1,0,10,34,1,4,55,18,1,61,44,45,62,79,124
0,0,12,40,1,1,59,8,0,60,52,53,60,68,121
1,0,11,44,1,4,46,15,0,51,55,56,70,66,122
1,0,12,30,0,4,59,15,0,64,42,42,57,79,121
1,0,13,35,0,2,58,11,0,61,48,48,59,72,120
1,0,12,36,1,2,49,21,1,53,48,49,69,74,123
1,0,12,39,0,2,56,11,1,60,51,51,62,71,122
2,0,13,34,0,4,53,15,1,60,47,47,62,75,122
1,0,13,43,1,4,48,13,1,54,56,57,69,67,124
2,0,10,38,1,4,55,13,0,61,48,49,61,74,123
0,0,12,38,0,3,57,11,0,60,50,50,61,71,121
1,0,13,35,0,5,57,11,1,64,48,48,59,75,123
1,0,12,35,0,3,61,9,0,65,47,47,56,74,121
1,0,14,37,0,4,53,15,1,59,51,51,66,74,125
1,0,11,41,0,3,44,20,1,49,52,52,72,69,121
2,0,11,40,0,3,41,23,0,46,51,51,74,69,120
0,0,13,35,0,4,56,12,1,61,48,48,60,73,121
1,0,12,40,0,3,52,13,1,57,52,52,65,70,122
1,0,13,38,0,2,52,13,2,57,51,51,64,70,121
1,0,11,33,1,3,61,10,1,66,44,45,54,76,121
1,0,16,38,1,4,47,15,0,52,54,55,69,67,122
1,0,11,39,1,4,48,18,1,54,50,51,68,72,123
0,0,12,37,1,3,55,13,1,59,49,50,62,72,122
1,0,11,37,1,3,55,14,1,60,48,49,62,74,123
1,0,11,33,1,4,60,12,1,66,44,45,56,78,123
1,0,12,41,1,3,48,17,1,53,53,54,70,70,124
1,0,12,35,1,4,53,16,1,59,47,48,63,75,123
1,0,13,36,0,4,49,20,0,54,49,49,69,74,123
1,0,11,40,1,5,54,11,1,61,51,52,62,72,124
1,0,12,41,0,3,51,13,0,55,53,53,66,68,121
1,0,11,43,1,3,47,16,0,51,54,55,70,67,122
0,0,13,37,0,5,55,10,0,60,50,50,60,70,120
1,0,12,36,0,3,52,18,0,56,48,48,66,74,122
1,0,12,40,1,5,50,15,0,56,52,53,67,71,124
1,0,12,36,0,4,54,15,0,59,48,48,63,74,122
0,0,11,41,1,2,53,13,0,55,52,53,65,68,121
0,0,11,40,1,4,56,10,1,61,51,52,61,71,123
1,0,11,36,1,3,57,13,1,62,47,48,60,75,123
0,0,15,39,1,3,51,11,1,55,54,55,65,66,121
1,0,12,36,1,3,55,14,1,60,48,49,62,74,123
1,0,11,35,0,4,52,19,0,57,46,46,65,76,122
1,0,12,34,1,3,63,8,0,67,46,47,54,75,122
0,0,12,39,0,2,56,11,0,58,51,51,62,69,120
0,0,14,38,0,3,51,15,1,55,52,52,67,70,122
0,0,14,35,1,2,57,12,1,60,49,50,61,72,122
0,0,13,41,1,5,49,15,0,54,54,55,69,69,124
1,0,14,30,0,2,60,14,1,64,44,44,58,78,122
0,0,14,39,1,2,45,20,1,48,53,54,73,68,122
1,6,12,36,0,3,53,8,2,65,48,48,56,73,121
3,0,14,33,1,3,47,21,1,54,47,48,68,75,123
1,0,11,37,0,2,59,11,1,63,48,48,59,74,122
1,0,12,35,1,4,49,19,0,54,47,48,66,73,121
1,0,12,41,1,3,51,13,1,56,53,54,66,69,123
0,0,10,37,1,4,48,24,1,53,47,48,71,77,125
1,0,12,37,0,3,53,17,1,58,49,49,66,75,124
1,0,13,34,1,2,45,27,1,49,47,48,74,76,124
1,0,13,35,0,2,52,17,1,56,48,48,65,73,121
1,0,11,32,1,3,62,12,1,67,43,44,55,79,123
2,0,12,36,1,3,57,11,1,63,48,49,59,74,123
1,0,12,39,0,2,48,19,1,52,51,51,70,71,122
0,0,13,40,0,4,50,14,1,55,53,53,67,69,122
1,0,12,38,1,3,53,14,1,58,50,51,64,72,123
0,0,12,35,1,5,52,19,0,57,47,48,66,76,124
2,0,13,37,0,3,54,11,1,60,50,50,61,71,121
1,0,14,36,0,2,58,9,0,61,50,50,59,70,120
0,0,13,36,1,3,55,14,1,59,49,50,63,73,123
1,0,11,41,0,3,57,7,1,62,52,52,59,69,121
1,0,12,37,0,5,53,16,1,60,49,49,65,76,125
1,0,13,37,0,3,53,15,1,58,50,50,65,73,123
0,0,13,33,1,3,57,15,0,60,46,47,61,75,122
1,10,14,33,1,2,47,13,1,61,47,48,60,74,122
1,0,13,36,0,4,50,20,0,55,49,49,69,75,124
2,0,16,36,1,3,44,18,1,50,52,53,70,68,121
0,0,11,40,0,5,50,17,1,56,51,51,68,73,124
0,0,14,39,0,3,56,10,0,59,53,53,63,69,122
1,0,10,40,1,2,57,10,1,61,50,51,60,71,122
1,0,13,38,0,4,57,9,0,62,51,51,60,71,122
1,0,12,33,0,2,53,19,1,57,45,45,64,76,121
1,0,13,37,1,4,56,10,1,62,50,51,60,72,123
1,0,14,33,1,3,58,12,0,62,47,48,59,74,122
1,0,15,34,0,3,45,23,1,50,49,49,72,73,122
0,0,13,41,1,2,49,15,0,51,54,55,69,66,121
8,0,9,31,1,3,55,14,0,66,40,41,54,80,121
0,9,12,34,0,3,50,12,0,62,46,46,58,74,120
1,0,12,33,1,2,59,12,1,63,45,46,57,75,121
1,0,12,40,0,3,49,16,1,54,52,52,68,70,122
1,0,14,34,1,5,53,13,1,60,48,49,61,73,122
1,0,14,39,0,5,46,19,1,53,53,53,72,72,125
1,0,12,36,1,4,55,14,1,61,48,49,62,75,124
1,0,12,39,0,4,48,19,1,54,51,51,70,73,124
1,0,11,41,1,1,43,24,0,45,52,53,76,69,122
0,0,11,42,1,4,50,15,1,55,53,54,68,70,124
1,0,13,38,0,5,56,10,1,63,51,51,61,73,124
0,0,14,38,0,5,53,11,1,59,52,52,63,70,122
1,0,13,36,1,2,56,12,1,60,49,50,61,72,122
1,0,11,37,1,4,54,13,1,60,48,49,61,73,122
1,0,9,41,1,4,55,12,0,60,50,51,62,72,123
1,0,11,35,1,5,58,10,0,64,46,47,56,74,121
1,0,12,39,0,2,57,10,0,60,51,51,61,70,121
1,0,13,33,1,2,61,11,1,65,46,47,57,76,123
1,0,10,35,0,4,47,25,1,53,45,45,70,78,123
1,0,13,35,1,3,59,9,0,63,48,49,57,72,121
1,0,12,42,0,4,44,20,0,49,54,54,74,69,123
1,0,12,35,0,4,55,13,1,61,47,47,60,74,121
2,0,11,34,1,4,56,16,1,63,45,46,61,79,125
1,0,10,35,1,2,56,18,1,60,45,46,63,78,124
1,22,11,30,1,5,46,7,0,74,41,42,48,81,123
0,0,12,37,1,4,50,19,1,55,49,50,68,74,124
2,0,16,31,1,4,58,11,1,65,47,48,58,76,124
1,0,11,37,1,4,53,18,0,58,48,49,66,76,125
1,0,10,41,1,3,48,18,1,53,51,52,69,71,123
1,0,13,37,1,3,49,17,1,54,50,51,67,71,122
1,0,13,38,0,2,51,15,1,55,51,51,66,70,121
1,0,12,39,1,3,52,14,1,57,51,52,65,71,123
1,0,12,37,0,5,55,14,0,61,49,49,63,75,124
1,0,12,40,0,4,45,21,0,50,52,52,73,71,123
1,0,13,37,0,4,52,13,0,57,50,50,63,70,120
1,0,11,38,0,3,57,10,1,62,49,49,59,72,121
1,0,14,38,0,4,51,13,1,57,52,52,65,70,122
1,0,11,42,0,3,44,21,1,49,53,53,74,70,123
0,0,13,36,0,4,55,12,0,59,49,49,61,71,120
2,0,14,39,0,3,45,17,0,50,53,53,70,67,120
1,0,13,40,0,3,48,17,1,53,53,53,70,70,123
2,0,12,41,1,2,48,15,0,52,53,54,68,67,121
0,0,12,38,0,2,44,25,0,46,50,50,75,71,121
2,0,12,40,0,2,48,16,0,52,52,52,68,68,120
2,0,12,37,1,3,55,12,1,61,49,50,61,73,123
1,0,13,37,0,3,53,15,0,57,50,50,65,72,122
1,0,12,36,0,4,54,16,0,59,48,48,64,75,123
1,0,12,37,1,5,54,13,0,60,49,50,62,73,123
1,0,12,40,1,2,48,15,2,53,52,53,67,68,121
1,0,12,34,0,3,59,13,1,64,46,46,59,77,123
0,0,12,34,0,4,56,14,1,61,46,46,60,75,121
1,0,10,38,0,4,54,16,0,59,48,48,64,75,123
1,0,12,38,0,4,51,17,1,57,50,50,67,74,124
2,0,13,36,0,4,50,16,0,56,49,49,65,72,121
1,0,10,40,1,4,55,10,1,61,50,51,60,71,122
1,0,14,42,0,4,49,13,1,55,56,56,69,68,124
1,0,14,35,0,4,55,12,1,61,49,49,61,73,122
0,0,11,40,0,2,41,27,1,44,51,51,78,71,122
0,0,12,39,0,5,45,22,0,50,51,51,73,72,123
2,0,14,37,0,4,55,8,0,61,51,51,59,69,120
1,0,11,36,1,2,60,10,1,64,47,48,57,74,122
1,0,12,41,0,5,45,18,2,53,53,53,71,71,124
1,0,15,34,1,3,52,14,1,57,49,50,63,71,121
1,0,14,38,0,4,54,11,0,59,52,52,63,70,122
1,0,12,39,1,4,55,9,1,61,51,52,60,70,122
1,0,12,34,0,3,56,15,1,61,46,46,61,76,122
1,0,11,38,0,3,53,14,0,57,49,49,63,71,120
1,0,11,36,0,3,59,12,0,63,47,47,59,75,122
1,0,14,37,1,3,50,14,2,56,51,52,65,70,122
1,0,13,37,1,2,50,18,1,54,50,51,68,72,123
0,0,13,36,0,3,54,14,0,57,49,49,63,71,120
1,0,14,37,0,2,55,10,1,59,51,51,61,69,120
1,0,14,33,1,3,55,16,1,60,47,48,63,76,124
1,0,14,32,0,3,65,6,1,70,46,46,52,76,122
0,0,11,38,0,3,53,15,1,57,49,49,64,72,121
1,0,13,37,0,5,52,14,0,58,50,50,64,72,122
1,0,13,37,0,2,53,13,1,57,50,50,63,70,120
4,0,12,35,0,2,54,13,1,61,47,47,60,74,121
1,0,11,36,1,5,49,20,1,56,47,48,67,76,124
0,0,12,35,1,3,56,14,1,60,47,48,61,74,122
1,0,15,42,0,0,47,16,0,48,57,57,73,64,121
1,0,12,35,1,3,58,12,0,62,47,48,59,74,122
1,0,15,34,0,5,53,15,1,60,49,49,64,75,124
1,0,13,39,1,3,48,17,1,53,52,53,69,70,123
0,0,12,41,1,5,45,19,0,50,53,54,72,69,123
1,0,14,41,1,2,49,15,1,53,55,56,70,68,124
1,7,10,38,1,4,50,10,1,63,48,49,58,73,122
1,0,11,38,1,3,49,19,0,53,49,50,68,72,122
2,0,11,34,0,3,60,11,0,65,45,45,56,76,121
1,0,13,37,1,2,51,18,0,54,50,51,68,72,123
1,0,12,40,1,5,53,11,0,59,52,53,63,70,123
1,0,14,40,2,2,48,14,1,52,54,56,68,66,122
1,0,11,38,1,2,53,15,1,57,49,50,64,72,122
3,0,14,39,1,6,53,8,0,62,53,54,61,70,124
1,0,11,43,0,3,45,19,1,50,54,54,73,69,123
0,0,13,39,0,3,48,14,3,54,52,52,66,68,120
1,0,11,37,0,2,63,7,0,66,48,48,55,73,121
1,0,13,43,0,3,45,16,1,50,56,56,72,66,122
2,0,12,33,1,3,60,11,1,66,45,46,56,77,123
1,0,10,44,1,4,49,14,1,55,54,55,68,69,124
1,0,12,42,1,5,41,22,1,48,54,55,76,70,125
1,0,12,39,0,6,51,16,0,58,51,51,67,74,125
0,0,14,38,1,4,55,10,1,60,52,53,62,70,123
1,0,13,35,1,3,60,8,0,64,48,49,56,72,121
1,0,13,37,0,4,50,15,1,56,50,50,65,71,121
1,0,12,37,0,2,52,17,0,55,49,49,66,72,121
1,0,11,40,0,4,55,11,1,61,51,51,62,72,123
1,0,13,39,0,3,53,12,1,58,52,52,64,70,122
1,0,12,33,0,4,54,19,1,60,45,45,64,79,124
0,0,11,39,0,4,53,16,0,57,50,50,66,73,123
1,0,12,40,0,3,53,13,0,57,52,52,65,70,122
1,0,14,38,1,2,50,14,1,54,52,53,66,68,121
1,0,14,39,1,3,47,17,0,51,53,54,70,68,122
1,0,10,35,1,3,51,20,1,56,45,46,65,76,122
0,0,9,36,0,4,58,16,1,63,45,45,61,79,124
1,0,13,38,0,5,51,16,0,57,51,51,67,73,124
1,0,14,32,0,4,59,12,1,65,46,46,58,77,123
1,0,13,37,0,4,49,19,0,54,50,50,69,73,123
1,0,12,38,0,2,53,14,0,56,50,50,64,70,120
0,0,10,40,0,5,54,13,1,60,50,50,63,73,123
1,0,12,37,1,3,51,16,0,55,49,50,65,71,121
1,0,14,36,0,4,56,13,0,61,50,50,63,74,124
1,0,12,37,0,1,56,13,1,59,49,49,62,72,121
1,0,16,35,0,4,49,16,0,54,51,51,67,70,121
1,0,10,39,1,3,50,17,1,55,49,50,66,72,122
2,0,13,39,0,2,44,20,0,48,52,52,72,68,120
1,0,13,36,1,3,52,16,0,56,49,50,65,72,122
1,0,11,37,1,2,53,16,0,56,48,49,64,72,121
1,0,11,41,1,0,49,18,0,50,52,53,70,68,121
0,0,14,35,0,4,53,16,0,57,49,49,65,73,122
1,0,12,39,0,5,54,12,1,61,51,51,63,73,124
1,0,12,35,1,4,56,14,0,61,47,48,61,75,123
1,0,13,38,0,4,43,23,1,49,51,51,74,72,123
1,0,14,38,1,2,57,8,0,60,52,53,60,68,121
1,0,9,44,1,2,46,18,1,50,53,54,71,68,122
1,0,12,38,1,4,42,25,0,47,50,51,75,72,123
0,0,15,36,0,5,54,9,1,60,51,51,60,69,120
1,0,15,35,0,3,52,14,1,57,50,50,64,71,121
2,0,10,34,0,5,53,18,1,61,44,44,62,79,123
1,0,15,37,0,4,56,8,0,61,52,52,60,69,121
1,0,11,43,1,4,45,17,0,50,54,55,71,67,122
1,0,12,40,0,0,59,9,0,60,52,52,61,69,121
2,0,11,37,0,5,54,14,0,61,48,48,62,75,123
0,0,13,37,0,6,46,18,1,53,50,50,68,71,121
1,0,13,38,0,3,53,13,0,57,51,51,64,70,121
0,0,11,34,0,4,57,17,1,62,45,45,62,79,124
1,0,14,35,0,3,53,17,0,57,49,49,66,74,123
2,0,10,40,1,2,51,16,1,56,50,51,66,72,123
1,0,11,37,1,5,55,14,0,61,48,49,62,75,124
1,0,12,44,1,4,51,11,1,57,56,57,67,68,125
1,0,13,38,0,3,56,10,1,61,51,51,61,71,122
1,0,13,38,0,2,52,15,0,55,51,51,66,70,121
1,0,11,38,0,3,56,12,1,61,49,49,61,73,122
1,0,10,38,0,2,52,17,1,56,48,48,65,73,121
0,0,11,43,0,2,50,14,1,53,54,54,68,67,121
0,0,11,36,0,4,56,14,1,61,47,47,61,75,122
1,0,11,36,0,3,47,23,2,53,47,47,70,76,123
1,0,11,35,1,6,61,12,1,69,46,47,58,81,128
1,0,12,35,0,3,45,23,1,50,47,47,70,73,120
1,0,15,40,1,3,53,9,0,57,55,56,64,66,122
1,0,13,40,0,2,53,11,1,57,53,53,64,68,121
1,0,12,36,1,3,52,18,0,56,48,49,66,74,123
1,0,13,34,1,4,54,16,0,59,47,48,63,75,123
1,0,13,36,0,2,57,11,1,61,49,49,60,72,121
1,0,12,40,0,2,52,13,0,55,52,52,65,68,120
1,0,13,38,1,5,52,13,0,58,51,52,64,71,123
1,0,14,34,1,3,56,13,1,61,48,49,61,74,123
1,0,11,33,1,3,63,10,1,68,44,45,54,78,123
1,0,13,35,1,5,56,14,0,62,48,49,62,76,125
0,0,10,34,0,4,57,11,6,67,44,44,55,78,122
1,0,14,37,0,4,56,10,1,62,51,51,61,72,123
1,0,13,36,1,5,50,18,1,57,49,50,67,75,125
0,0,15,36,0,5,52,14,1,58,51,51,65,72,123
0,0,11,39,0,3,52,17,0,55,50,50,67,72,122
1,0,12,38,0,2,53,14,1,57,50,50,64,71,121
1,0,13,35,1,3,58,11,1,63,48,49,59,74,123
0,0,13,35,1,3,52,16,1,56,48,49,64,72,121
1,0,16,38,0,4,45,17,1,51,54,54,71,68,122
1,0,11,36,1,2,54,15,1,58,47,48,62,73,121
1,0,11,40,1,4,43,22,1,49,51,52,73,71,123
1,0,14,39,0,4,45,17,3,53,53,53,70,70,123
1,0,12,45,0,3,42,17,1,47,57,57,74,64,121
0,0,13,36,1,3,52,18,0,55,49,50,67,73,123
1,0,12,36,0,3,54,16,0,58,48,48,64,74,122
1,0,11,36,0,3,53,18,1,58,47,47,65,76,123
1,0,12,36,1,4,52,16,1,58,48,49,64,74,123
1,0,11,39,0,5,51,15,1,58,50,50,65,73,123
1,0,12,40,0,3,52,14,1,57,52,52,66,71,123
1,0,12,38,0,3,56,12,1,61,50,50,62,73,123
0,0,13,34,0,6,59,8,1,66,47,47,55,74,121
2,0,14,39,1,2,46,16,1,51,53,54,69,67,121
1,0,9,45,0,3,41,23,0,45,54,54,77,68,122
0,0,13,39,0,3,50,15,1,54,52,52,67,69,121
0,0,17,33,0,2,54,14,1,57,50,50,64,71,121
1,0,14,33,1,5,50,21,1,57,47,48,68,78,126
1,0,15,38,0,2,51,15,1,55,53,53,68,70,123
0,0,10,39,1,2,51,18,1,54,49,50,67,72,122
1,0,11,33,1,4,59,14,0,64,44,45,58,78,123
0,0,12,40,0,3,49,17,1,53,52,52,69,70,122
1,0,16,39,1,4,47,14,1,53,55,56,69,67,123
2,0,11,42,0,3,46,16,1,52,53,53,69,68,121
1,0,13,34,1,3,49,20,1,54,47,48,67,74,122
3,0,11,36,1,2,53,12,3,61,47,48,59,73,121
1,0,14,37,0,4,51,16,0,56,51,51,67,72,123
0,0,12,45,1,3,44,18,0,47,57,58,75,65,123
1,0,11,37,0,4,51,18,0,56,48,48,66,74,122
1,0,12,36,0,1,52,18,1,55,48,48,66,73,121
1,0,11,37,0,4,58,9,1,64,48,48,57,73,121
1,0,12,39,0,3,52,16,1,57,51,51,67,73,124
1,0,15,39,1,5,50,10,0,56,54,55,64,66,121
1,0,16,34,0,4,50,16,1,56,50,50,66,72,122
0,0,12,38,1,4,52,16,0,56,50,51,66,72,123
2,0,12,33,1,3,56,13,1,62,45,46,58,75,121
5,0,8,39,1,3,51,14,0,59,47,48,61,73,121
1,0,12,37,1,2,56,13,1,60,49,50,62,73,123
1,0,13,40,1,3,47,17,1,52,53,54,70,69,123
1,0,14,40,0,3,48,14,0,52,54,54,68,66,120
1,0,15,33,1,4,59,9,1,65,48,49,57,74,123
1,0,16,31,1,5,60,9,1,67,47,48,56,76,124
1,0,13,36,0,4,57,13,1,63,49,49,62,76,125
0,0,11,38,0,0,62,9,0,62,49,49,58,71,120
7,0,12,38,0,2,54,7,1,64,50,50,57,71,121
1,0,13,35,1,3,53,15,1,58,48,49,63,73,122
1,0,11,37,1,4,45,25,0,50,48,49,73,75,124
1,0,9,43,0,5,46,20,0,52,52,52,72,72,124
2,0,11,37,0,3,47,21,1,53,48,48,69,74,122
1,0,13,39,0,2,53,13,1,57,52,52,65,70,122
1,0,12,36,1,3,60,9,1,65,48,49,57,74,123
3,0,12,38,1,4,49,15,0,56,50,51,65,71,122
1,0,14,38,1,2,52,13,1,56,52,53,65,69,122
0,0,12,41,1,4,48,15,1,53,53,54,68,68,122
1,0,13,35,0,6,54,12,1,62,48,48,60,74,122
1,0,13,38,1,5,58,9,1,65,51,52,60,74,126
1,0,13,36,0,2,51,18,1,55,49,49,67,73,122
1,0,12,35,0,2,60,10,1,64,47,47,57,74,121
1,0,14,35,0,4,55,11,1,61,49,49,60,72,121
1,0,13,37,0,5,49,19,1,56,50,50,69,75,125
0,0,15,36,0,3,51,17,0,54,51,51,68,71,122
0,0,10,37,0,4,56,14,0,60,47,47,61,74,121
1,0,11,35,0,4,51,21,0,56,46,46,67,77,123
1,0,14,38,1,3,56,10,1,61,52,53,62,71,124
5,0,12,32,0,2,56,12,1,64,44,44,56,76,120
1,0,14,39,1,4,49,14,0,54,53,54,67,68,122
1,0,12,40,1,4,51,16,1,57,52,53,68,73,126
1,0,12,37,2,3,49,16,1,54,49,51,65,70,121
0,0,12,37,1,4,57,11,1,62,49,50,60,73,123
1,0,14,40,1,0,49,16,1,51,54,55,70,67,122
1,0,14,39,1,6,46,14,1,54,53,54,67,68,122
1,0,10,37,0,4,54,14,1,60,47,47,61,74,121
0,0,11,38,0,3,53,16,1,57,49,49,65,73,122
1,0,11,36,1,3,53,18,0,57,47,48,65,75,123
0,0,14,33,1,4,45,25,1,50,47,48,72,75,123
1,0,13,43,0,3,46,15,1,51,56,56,71,66,122
1,0,8,39,1,4,49,23,1,55,47,48,70,78,126
1,0,14,34,1,3,53,15,1,58,48,49,63,73,122
1,0,12,39,0,3,54,13,0,58,51,51,64,71,122
1,0,13,36,0,3,55,13,0,59,49,49,62,72,121
0,0,12,35,0,3,54,16,1,58,47,47,63,74,121
2,0,12,41,1,4,46,16,0,52,53,54,69,68,122
1,0,10,38,0,3,52,18,0,56,48,48,66,74,122
1,0,14,30,0,3,58,14,0,62,44,44,58,76,120
1,0,10,40,1,4,51,14,1,57,50,51,64,71,122
0,0,13,33,0,3,48,24,0,51,46,46,70,75,121
1,0,11,43,1,3,50,13,0,54,54,55,67,67,122
1,0,15,38,0,2,50,14,1,54,53,53,67,68,121
1,0,14,39,0,3,45,18,1,50,53,53,71,68,121
1,0,11,40,1,2,46,21,1,50,51,52,72,71,123
4,0,14,37,0,2,45,18,1,52,51,51,69,70,121
0,0,9,35,0,3,62,11,1,66,44,44,55,77,121
1,0,12,37,0,2,54,15,1,58,49,49,64,73,122
1,0,12,43,1,4,43,18,0,48,55,56,73,66,122
1,0,13,38,0,3,47,20,0,51,51,51,71,71,122
1,0,13,33,1,2,52,19,1,56,46,47,65,75,122
1,0,15,36,0,4,49,17,1,55,51,51,68,72,123
1,0,10,38,0,3,56,12,1,61,48,48,60,73,121
1,0,14,43,0,3,48,12,0,52,57,57,69,64,121
0,0,12,37,0,1,58,12,0,59,49,49,61,71,120
1,0,11,39,1,3,53,16,0,57,50,51,66,73,124
2,0,13,34,1,3,52,16,0,57,47,48,63,73,121
1,0,13,39,0,4,53,10,2,60,52,52,62,70,122
2,0,15,37,0,1,49,16,1,53,52,52,68,69,121
0,0,13,34,1,2,56,15,1,59,47,48,62,74,122
1,0,13,40,1,4,48,18,0,53,53,54,71,71,125
1,0,14,38,1,2,54,12,0,57,52,53,64,69,122
1,0,13,43,1,4,47,14,1,53,56,57,70,67,124
1,0,11,37,0,3,55,15,0,59,48,48,63,74,122
1,0,11,40,1,4,54,10,1,60,51,52,61,70,122
0,0,13,33,1,3,57,16,1,61,46,47,62,77,124
1,0,13,38,0,4,52,13,1,58,51,51,64,71,122
1,0,11,39,0,4,44,25,1,50,50,50,75,75,125
0,0,13,37,0,3,58,10,1,62,50,50,60,72,122
1,0,12,37,0,1,47,22,0,49,49,49,71,71,120
1,0,14,38,0,2,52,11,3,58,52,52,63,69,121
1,0,16,33,0,6,54,11,0,61,49,49,60,72,121
0,0,9,41,1,3,53,15,1,57,50,51,65,72,123
1,0,13,33,0,0,61,12,1,63,46,46,58,75,121
1,0,14,37,0,2,57,9,1,61,51,51,60,70,121
0,0,12,38,0,3,54,13,1,58,50,50,63,71,121
1,0,13,33,0,2,55,14,2,60,46,46,60,74,120
1,0,13,38,0,4,48,18,1,54,51,51,69,72,123
1,0,11,37,1,4,52,17,0,57,48,49,65,74,123
0,0,12,40,1,4,45,19,1,50,52,53,71,69,122
1,0,12,38,0,5,51,13,0,57,50,50,63,70,120
2,0,9,37,0,4,52,18,1,59,46,46,64,77,123
1,0,16,36,0,3,48,18,1,53,52,52,70,71,123
1,0,12,40,1,4,48,17,1,54,52,53,69,71,124
1,0,11,34,1,6,53,18,1,61,45,46,63,79,125
1,0,15,35,0,5,43,25,1,50,50,50,75,75,125
1,0,13,38,1,5,55,12,1,62,51,52,63,74,126
1,0,10,36,1,2,60,11,0,63,46,47,57,74,121
1,0,13,35,0,3,59,10,0,63,48,48,58,73,121
1,0,13,34,1,3,59,10,1,64,47,48,57,74,122
0,0,12,37,1,3,56,11,1,60,49,50,60,71,121
1,0,14,35,1,4,57,11,1,63,49,50,60,74,124
0,0,14,36,1,3,52,16,0,55,50,51,66,71,122
1,0,13,36,1,6,58,11,0,65,49,50,60,76,126
1,0,12,43,0,3,48,14,0,52,55,55,69,66,121
0,0,10,37,0,3,48,19,5,56,47,47,66,75,122
1,0,13,37,1,2,52,16,0,55,50,51,66,71,122
1,0,11,42,0,4,53,9,0,58,53,53,62,67,120
1,0,12,34,1,4,51,17,1,57,46,47,63,74,121
1,0,14,37,0,2,54,12,1,58,51,51,63,70,121
1,0,10,36,1,4,49,16,3,57,46,47,62,73,120
1,0,11,36,1,4,52,17,0,57,47,48,64,74,122
1,0,13,33,1,4,46,25,1,52,46,47,71,77,124
1,0,11,44,0,3,41,22,1,46,55,55,77,68,123
1,0,11,41,0,4,53,9,1,59,52,52,61,68,120
0,0,11,42,1,3,50,14,1,54,53,54,67,68,122
0,0,9,45,1,3,49,14,1,53,54,55,68,67,122
1,0,11,40,1,1,51,17,1,54,51,52,68,71,123
1,0,12,36,1,4,52,16,0,57,48,49,64,73,122
1,0,11,37,0,3,53,16,0,57,48,48,64,73,121
0,0,10,41,0,5,50,18,1,56,51,51,69,74,125
1,0,11,37,1,1,51,20,0,53,48,49,68,73,122
1,0,15,35,1,4,54,12,0,59,50,51,62,71,122
1,0,14,38,1,3,53,11,1,58,52,53,63,69,122
1,0,12,35,1,3,56,13,1,61,47,48,60,74,122
0,0,13,38,1,6,51,12,0,57,51,52,63,69,121
1,0,14,35,0,4,55,13,0,60,49,49,62,73,122
0,0,13,44,0,2,50,11,0,52,57,57,68,63,120
1,0,13,39,1,4,54,9,1,60,52,53,61,69,122
1,0,18,32,1,4,56,10,0,61,50,51,60,71,122
1,0,10,43,1,4,49,15,0,54,53,54,68,69,123
1,0,9,35,0,4,49,24,1,55,44,44,68,79,123
1,0,11,34,1,2,50,23,1,54,45,46,68,77,123
1,0,13,36,1,2,58,10,0,61,49,50,59,71,121
0,0,12,40,0,5,50,15,1,56,52,52,67,71,123
1,0,15,40,0,4,50,12,1,56,55,55,67,68,123
1,0,12,37,1,3,55,12,1,60,49,50,61,72,122
1,0,13,40,1,3,44,20,1,49,53,54,73,69,123
1,0,14,38,0,1,56,10,1,59,52,52,62,69,121
1,0,13,36,1,3,58,9,1,63,49,50,58,72,122
1,0,12,39,0,3,51,17,0,55,51,51,68,72,123
1,0,12,38,1,4,58,9,0,63,50,51,59,72,123
1,0,12,38,1,3,54,12,1,59,50,51,62,71,122
1,0,14,37,0,3,47,18,1,52,51,51,69,70,121
1,0,14,34,1,3,53,16,1,58,48,49,64,74,123
1,0,14,38,0,4,49,15,1,55,52,52,67,70,122
1,0,12,38,1,5,53,14,0,59,50,51,64,73,124
1,0,14,33,1,4,54,17,1,60,47,48,64,77,125
0,0,11,37,1,5,58,12,0,63,48,49,60,75,124
1,0,13,40,0,3,52,11,0,56,53,53,64,67,120
1,0,11,43,1,3,51,13,0,55,54,55,67,68,123
1,0,14,41,1,2,48,14,0,51,55,56,69,65,121
1,0,10,37,1,3,56,14,0,60,47,48,61,74,122
1,0,8,41,1,4,50,16,1,56,49,50,65,72,122
2,0,11,39,0,3,48,19,0,53,50,50,69,72,122
0,0,11,38,0,3,46,22,1,50,49,49,71,72,121
1,0,15,34,1,3,60,9,0,64,49,50,58,73,123
1,0,12,32,1,4,60,11,0,65,44,45,55,76,121
0,8,12,34,0,5,47,17,0,60,46,46,63,77,123
2,0,14,34,1,3,58,10,1,64,48,49,58,74,123
1,0,11,36,0,2,53,18,1,57,47,47,65,75,122
1,0,13,36,0,3,53,16,0,57,49,49,65,73,122
1,0,13,37,1,3,47,20,1,52,50,51,70,72,123
1,0,10,42,0,2,45,20,0,48,52,52,72,68,120
1,0,13,33,0,4,53,18,0,58,46,46,64,76,122
1,0,14,33,1,4,54,15,1,60,47,48,62,75,123
1,0,12,37,1,4,50,16,1,56,49,50,65,72,122
0,0,10,39,1,3,47,22,1,51,49,50,71,73,123
1,0,13,37,1,4,52,17,0,57,50,51,67,74,125
1,0,11,37,1,3,48,21,1,53,48,49,69,74,123
4,0,14,34,0,4,56,10,1,65,48,48,58,75,123
3,0,12,37,1,3,49,16,1,56,49,50,65,72,122
1,0,13,38,0,5,53,14,1,60,51,51,65,74,125
1,0,9,42,0,3,51,15,1,56,51,51,66,71,122
1,0,15,38,1,3,51,13,1,56,53,54,66,69,123
1,0,12,34,0,3,58,12,1,63,46,46,58,75,121
1,0,12,41,1,5,52,12,0,58,53,54,65,70,124
1,0,13,36,0,3,57,12,1,62,49,49,61,74,123
1,0,12,39,0,2,51,16,1,55,51,51,67,71,122
1,0,13,38,0,3,47,19,0,51,51,51,70,70,121
1,0,13,36,1,2,53,15,0,56,49,50,64,71,121
0,0,11,40,0,3,51,16,1,55,51,51,67,71,122
1,0,11,37,0,4,51,17,1,57,48,48,65,74,122
1,0,13,39,1,5,53,9,1,60,52,53,61,69,122
1,0,10,36,1,2,54,17,1,58,46,47,63,75,122
1,0,12,39,0,3,59,9,1,64,51,51,60,73,124
1,0,12,35,1,3,57,15,0,61,47,48,62,76,124
1,0,10,39,1,4,52,15,1,58,49,50,64,73,123
0,0,13,36,0,2,51,18,1,54,49,49,67,72,121
0,0,12,40,1,4,48,17,1,53,52,53,69,70,123
1,0,11,38,1,4,45,23,1,51,49,50,72,74,124
2,0,13,42,1,2,47,14,0,51,55,56,69,65,121
1,0,12,36,0,4,54,16,0,59,48,48,64,75,123
0,0,15,35,1,3,53,14,1,57,50,51,64,71,122
1,0,10,39,0,2,52,16,1,56,49,49,65,72,121
1,0,14,35,0,4,56,13,1,62,49,49,62,75,124
1,0,12,35,0,4,59,9,1,65,47,47,56,74,121
1,0,12,33,0,4,56,16,1,62,45,45,61,78,123
1,0,11,35,1,5,58,12,1,65,46,47,58,77,124
1,0,10,41,1,5,52,12,1,59,51,52,63,71,123
1,0,13,37,1,3,47,20,1,52,50,51,70,72,123
2,0,12,38,0,3,56,9,1,62,50,50,59,71,121
1,0,12,37,0,5,53,15,0,59,49,49,64,74,123
1,0,11,36,1,4,46,24,1,52,47,48,71,76,124
0,0,13,37,1,2,54,14,1,57,50,51,64,71,122
1,0,14,39,0,5,54,8,0,60,53,53,61,68,121
0,0,14,39,1,0,49,18,0,49,53,54,71,67,121
1,0,11,38,1,4,46,21,0,51,49,50,70,72,122
1,0,14,36,0,3,53,14,1,58,50,50,64,72,122
1,0,12,34,0,4,48,17,7,60,46,46,63,77,123
1,0,11,35,1,1,52,20,1,55,46,47,66,75,122
1,0,12,36,0,5,58,11,1,65,48,48,59,76,124
1,0,11,37,1,2,46,23,1,50,48,49,71,73,122
1,0,13,39,1,2,46,20,1,50,52,53,72,70,123
0,0,13,40,0,4,54,11,0,58,53,53,64,69,122
0,0,10,41,1,3,48,18,0,51,51,52,69,69,121
1,0,13,40,0,3,49,14,0,53,53,53,67,67,120
1,0,11,39,0,2,49,19,1,53,50,50,69,72,122
1,0,11,42,0,3,54,10,0,58,53,53,63,68,121
1,0,13,40,0,2,45,19,1,49,53,53,72,68,121
1,0,13,41,0,3,48,16,0,52,54,54,70,68,122
4,0,10,33,1,4,57,12,1,66,43,44,55,78,122
1,0,13,34,1,3,49,16,5,58,47,48,63,74,122
1,0,12,34,0,4,52,19,0,57,46,46,65,76,122
1,0,10,33,1,3,57,16,1,62,43,44,59,78,122
2,0,12,39,0,4,49,15,1,56,51,51,66,71,122
1,0,13,38,0,1,45,21,1,48,51,51,72,69,120
1,0,11,37,1,3,55,15,1,60,48,49,63,75,124
1,0,11,38,1,3,53,15,0,57,49,50,64,72,122
1,0,12,38,0,4,55,12,0,60,50,50,62,72,122
0,0,13,39,1,2,45,20,1,48,52,53,72,68,121
1,0,8,40,0,5,55,11,0,61,48,48,59,72,120
1,0,15,36,0,5,52,12,0,58,51,51,63,70,121
1,0,14,38,1,2,55,11,0,58,52,53,63,69,122
1,0,15,35,0,5,53,12,1,60,50,50,62,72,122
0,0,12,36,1,2,55,15,1,58,48,49,63,73,122
1,0,14,36,0,4,48,19,1,54,50,50,69,73,123
1,0,11,38,0,3,43,25,1,48,49,49,74,73,122
1,0,13,33,1,4,56,13,0,61,46,47,59,74,121
3,0,10,34,0,4,59,10,0,66,44,44,54,76,120
1,0,13,41,0,3,49,13,1,54,54,54,67,67,121
1,0,10,43,1,5,49,13,1,56,53,54,66,69,123
2,0,13,37,1,3,58,7,0,63,50,51,57,70,121
1,0,10,32,1,2,54,22,1,58,42,43,64,80,123
1,0,11,36,1,4,57,14,1,63,47,48,61,77,125
1,0,11,35,1,4,60,12,0,65,46,47,58,77,124
1,0,10,41,1,3,53,12,1,58,51,52,63,70,122
1,0,13,37,0,4,60,9,0,65,50,50,59,74,124
1,0,10,34,1,3,58,16,1,63,44,45,60,79,124
0,0,11,40,0,3,57,10,1,61,51,51,61,71,122
1,0,14,36,1,2,55,13,0,58,50,51,63,71,122
1,0,12,39,0,3,57,8,0,61,51,51,59,69,120
1,0,13,38,0,4,48,18,1,54,51,51,69,72,123
1,0,12,36,1,5,48,21,1,55,48,49,69,76,125
1,0,10,41,1,2,50,17,1,54,51,52,68,71,123
1,0,11,39,0,3,42,26,1,47,50,50,76,73,123
1,0,13,36,1,3,54,13,1,59,49,50,62,72,122
1,0,12,36,0,3,53,16,1,58,48,48,64,74,122
1,0,11,33,1,2,58,16,0,61,44,45,60,77,122
1,0,13,36,1,4,56,13,1,62,49,50,62,75,125
1,0,12,40,1,3,47,18,1,52,52,53,70,70,123
1,0,15,36,0,5,50,16,1,57,51,51,67,73,124
1,0,14,34,0,3,60,10,0,64,48,48,58,74,122
1,0,13,37,1,3,53,12,1,58,50,51,62,70,121
2,0,15,38,0,5,48,15,1,56,53,53,68,71,124
1,0,15,39,1,3,48,17,0,52,54,55,71,69,124
1,0,12,36,1,5,56,10,0,62,48,49,58,72,121
1,0,13,43,1,2,51,10,0,54,56,57,66,64,121
2,0,14,33,1,4,56,12,1,63,47,48,59,75,123
1,0,12,39,0,2,53,13,0,56,51,51,64,69,120
1,0,13,40,1,4,47,17,1,53,53,54,70,70,124
0,0,14,41,0,3,52,12,0,55,55,55,67,67,122
1,0,14,36,0,5,48,20,1,55,50,50,70,75,125
1,0,14,41,0,1,43,21,0,45,55,55,76,66,121
1,0,12,38,1,3,58,8,0,62,50,51,58,70,121
1,7,12,33,0,4,55,9,0,67,45,45,54,76,121
1,0,10,39,1,3,51,17,1,56,49,50,66,73,123
1,0,12,40,0,2,52,12,1,56,52,52,64,68,120
0,0,14,37,0,2,50,17,1,53,51,51,68,70,121
1,0,11,38,0,4,58,8,0,63,49,49,57,71,120
0,0,13,38,1,2,47,19,1,50,51,52,70,69,121
1,0,11,38,0,5,54,14,1,61,49,49,63,75,124
1,0,12,37,0,3,49,20,0,53,49,49,69,73,122
1,0,13,40,0,4,51,13,1,57,53,53,66,70,123
1,0,12,38,0,1,50,19,0,52,50,50,69,71,121
1,0,15,36,0,3,48,19,0,52,51,51,70,71,122
1,0,11,37,1,4,60,9,0,65,48,49,57,74,123
1,0,14,36,0,2,50,16,1,54,50,50,66,70,120
0,0,11,42,0,4,52,12,0,56,53,53,65,68,121
1,0,12,38,0,4,54,11,1,60,50,50,61,71,121
1,0,12,37,1,3,58,10,0,62,49,50,59,72,122
1,0,10,37,1,3,53,16,0,57,47,48,63,73,121
1,0,12,35,0,1,50,21,0,52,47,47,68,73,120
1,0,12,37,1,2,54,15,0,57,49,50,64,72,122
1,0,15,35,0,3,52,15,2,58,50,50,65,73,123
0,0,15,42,0,2,49,11,1,52,57,57,68,63,120
0,0,10,39,0,4,54,13,0,58,49,49,62,71,120
0,0,13,37,1,2,58,11,0,60,50,51,61,71,122
1,0,12,37,0,5,59,8,0,65,49,49,57,73,122
0,0,13,38,1,3,48,19,1,52,51,52,70,71,123
2,0,12,37,1,2,55,12,0,59,49,50,61,71,121
1,0,11,38,1,2,48,21,1,52,49,50,70,73,123
2,0,12,39,0,2,53,13,0,57,51,51,64,70,121
1,0,13,39,1,3,44,21,0,48,52,53,73,69,122
1,0,13,39,1,2,51,14,1,55,52,53,66,69,122
1,0,12,40,0,3,53,12,1,58,52,52,64,70,122
1,0,13,37,0,4,50,16,0,55,50,50,66,71,121
2,0,12,40,1,3,48,15,1,54,52,53,67,69,122
1,0,12,31,1,3,56,18,1,61,43,44,61,79,123
1,0,10,34,1,4,54,20,1,60,44,45,64,80,125
1,0,14,33,1,3,58,11,1,63,47,48,58,74,122
1,0,11,43,0,3,50,13,0,54,54,54,67,67,121
0,0,13,43,0,4,50,10,1,55,56,56,66,65,121
1,0,12,38,1,3,50,17,0,54,50,51,67,71,122
1,0,11,39,1,0,57,13,0,58,50,51,63,71,122
1,0,11,41,0,3,47,16,1,52,52,52,68,68,120
1,0,13,39,1,4,53,13,1,59,52,53,65,72,125
1,0,10,36,1,3,51,21,0,55,46,47,67,76,123
1,0,13,43,1,3,46,14,0,50,56,57,70,64,121
1,0,13,34,1,3,54,18,1,59,47,48,65,77,125
1,0,12,38,1,3,55,11,0,59,50,51,61,70,121
1,0,14,36,0,3,55,12,0,59,50,50,62,71,121
3,0,14,33,1,3,48,21,1,55,47,48,68,76,124
1,0,12,34,1,3,56,17,1,61,46,47,63,78,125
1,0,12,36,1,3,55,12,1,60,48,49,60,72,121
1,0,12,35,0,3,55,16,1,60,47,47,63,76,123
1,0,13,34,1,6,54,13,1,62,47,48,60,75,123
1,0,13,40,0,3,57,6,1,62,53,53,59,68,121
1,0,13,42,0,3,50,11,1,55,55,55,66,66,121
2,0,12,39,1,4,52,12,0,58,51,52,63,70,122
1,0,12,32,1,2,62,11,0,65,44,45,55,76,121
1,0,13,36,0,5,53,12,1,60,49,49,61,72,121
1,0,11,39,0,5,54,12,1,61,50,50,62,73,123
1,0,12,36,1,4,55,12,1,61,48,49,60,73,122
0,0,11,40,0,4,48,19,1,53,51,51,70,72,123
1,0,14,36,0,4,55,11,1,61,50,50,61,72,122
0,0,12,39,0,3,55,12,1,59,51,51,63,71,122
0,0,12,37,0,3,52,16,0,55,49,49,65,71,120
2,0,11,35,0,3,60,11,1,66,46,46,57,77,123
1,0,12,37,1,3,55,13,0,59,49,50,62,72,122
1,0,12,38,1,3,49,17,0,53,50,51,67,70,121
1,0,9,38,1,3,54,16,1,59,47,48,63,75,123
0,0,12,39,1,2,52,15,0,54,51,52,66,69,121
1,0,11,37,1,5,51,16,0,57,48,49,64,73,122
1,0,11,39,1,3,53,14,1,58,50,51,64,72,123
0,0,12,39,0,3,51,16,1,55,51,51,67,71,122
0,0,12,39,0,4,52,14,0,56,51,51,65,70,121
1,0,10,37,1,1,53,19,1,56,47,48,66,75,123
1,0,13,36,0,2,53,15,1,57,49,49,64,72,121
1,0,11,38,0,4,51,19,0,56,49,49,68,75,124
0,0,10,35,0,2,54,19,1,57,45,45,64,76,121
2,0,11,36,1,2,55,15,1,60,47,48,62,75,123
1,0,13,39,0,4,45,21,0,50,52,52,73,71,123
0,0,14,36,1,5,49,17,1,55,50,51,67,72,123
1,0,12,39,1,5,50,13,1,57,51,52,64,70,122
0,0,14,36,0,0,53,17,0,53,50,50,67,70,120
1,0,12,41,0,3,45,18,1,50,53,53,71,68,121
1,0,13,39,1,5,48,17,0,54,52,53,69,71,124
1,0,14,41,1,3,45,17,0,49,55,56,72,66,122
0,0,9,36,0,3,53,21,1,57,45,45,66,78,123
0,0,13,32,0,4,64,7,1,69,45,45,52,76,121
1,0,13,36,1,2,54,14,1,58,49,50,63,72,122
1,0,15,35,1,3,52,14,1,57,50,51,64,71,122
1,0,12,36,0,4,58,11,1,64,48,48,59,75,123
1,0,14,34,0,4,53,18,1,59,48,48,66,77,125
1,0,14,39,0,4,51,13,0,56,53,53,66,69,122
2,0,14,38,1,3,52,11,0,57,52,53,63,68,121
1,0,16,35,1,3,44,20,4,52,51,52,71,72,124
3,0,12,35,0,6,51,13,1,61,47,47,60,74,121
1,0,11,36,1,2,51,19,0,54,47,48,66,73,121
1,0,12,37,0,4,59,10,1,65,49,49,59,75,124
1,0,14,43,0,3,48,13,1,53,57,57,70,66,123
1,0,10,34,0,3,59,14,1,64,44,44,58,78,122
0,0,14,36,0,3,56,12,1,60,50,50,62,72,122
1,0,11,42,0,4,51,12,1,57,53,53,65,69,122
0,0,12,42,0,4,53,10,1,58,54,54,64,68,122
1,0,13,37,1,3,56,11,0,60,50,51,61,71,122
1,0,14,37,1,4,45,18,1,51,51,52,69,69,121
1,0,12,37,0,4,55,11,0,60,49,49,60,71,120
1,0,11,34,1,4,58,16,1,64,45,46,61,80,126
1,0,13,34,0,2,57,13,0,60,47,47,60,73,120
1,0,14,37,1,3,51,14,1,56,51,52,65,70,122
1,0,12,36,0,1,50,20,1,53,48,48,68,73,121
0,0,12,36,1,2,46,25,0,48,48,49,73,73,122
0,0,14,38,1,5,54,12,0,59,52,53,64,71,124
2,0,13,38,0,3,48,16,1,54,51,51,67,70,121
1,0,12,36,1,3,52,17,1,57,48,49,65,74,123
1,0,12,36,1,3,50,21,1,55,48,49,69,76,125
1,0,15,37,0,3,48,18,1,53,52,52,70,71,123
0,0,12,36,1,3,57,12,0,60,48,49,60,72,121
2,0,12,37,0,3,49,18,0,54,49,49,67,72,121
1,0,12,33,2,3,54,15,1,59,45,47,60,74,121
1,0,14,37,0,4,49,16,0,54,51,51,67,70,121
1,0,13,32,1,3,61,11,1,66,45,46,56,77,123
1,0,12,36,1,3,51,19,0,55,48,49,67,74,123
1,0,12,38,1,3,56,10,0,60,50,51,60,70,121
1,0,14,36,0,3,58,8,0,62,50,50,58,70,120
1,0,12,43,0,0,51,13,0,52,55,55,68,65,120
4,0,12,34,0,5,54,11,1,64,46,46,57,75,121
3,0,14,34,0,4,57,10,0,64,48,48,58,74,122
1,0,11,39,0,2,54,14,1,58,50,50,64,72,122
1,0,13,39,1,3,52,14,0,56,52,53,66,70,123
0,0,10,39,0,4,58,11,1,63,49,49,60,74,123
1,0,13,38,0,3,50,16,1,55,51,51,67,71,122
1,0,14,39,1,5,54,11,1,61,53,54,64,72,126
1,0,13,34,0,4,46,22,1,52,47,47,69,74,121
1,0,11,41,0,5,52,10,0,58,52,52,62,68,120
1,0,13,41,1,2,49,15,0,52,54,55,69,67,122
1,0,14,40,0,4,50,12,1,56,54,54,66,68,122
1,0,13,37,1,3,52,14,0,56,50,51,64,70,121
2,0,13,37,0,4,54,12,0,60,50,50,62,72,122
1,0,13,39,1,2,45,21,1,49,52,53,73,70,123
1,0,9,41,1,3,51,17,1,56,50,51,67,73,124
1,0,11,36,1,0,58,15,1,60,47,48,62,75,123
1,0,10,39,1,4,53,14,1,59,49,50,63,73,123
1,0,13,35,1,5,58,11,1,65,48,49,59,76,125
2,0,11,32,0,3,60,13,1,66,43,43,56,79,122
1,0,11,36,0,3,57,14,1,62,47,47,61,76,123
2,0,14,32,0,4,60,10,0,66,46,46,56,76,122
1,0,16,38,1,5,49,16,0,55,54,55,70,71,126
0,0,12,41,1,3,54,10,0,57,53,54,63,67,121
0,0,11,37,0,4,58,12,0,62,48,48,60,74,122
1,0,14,34,1,3,55,15,1,60,48,49,63,75,124
0,0,12,35,1,4,58,12,1,63,47,48,59,75,123
1,0,10,36,0,5,58,14,1,65,46,46,60,79,125
1,0,12,38,1,3,49,20,0,53,50,51,70,73,124
1,0,13,43,0,3,50,10,1,55,56,56,66,65,121
3,9,14,32,0,2,52,8,1,67,46,46,54,75,121
3,0,9,37,1,2,54,14,1,60,46,47,60,74,121
0,0,12,38,0,2,57,11,0,59,50,50,61,70,120
1,0,13,37,1,3,47,20,1,52,50,51,70,72,123
1,0,15,35,0,3,55,11,3,62,50,50,61,73,123
1,0,15,32,1,3,51,20,0,55,47,48,67,75,123
1,0,13,36,1,3,56,12,0,60,49,50,61,72,122
1,0,12,32,0,4,60,14,1,66,44,44,58,80,124
1,0,11,39,1,3,56,10,1,61,50,51,60,71,122
1,0,13,37,0,4,56,12,0,61,50,50,62,73,123
1,0,12,34,0,4,61,10,0,66,46,46,56,76,122
2,0,11,36,1,2,60,9,1,65,47,48,56,74,122
1,0,13,33,0,3,55,17,1,60,46,46,63,77,123
1,0,13,36,0,6,46,19,0,53,49,49,68,72,121
1,0,11,39,0,3,56,12,0,60,50,50,62,72,122
1,0,14,32,1,4,55,14,1,61,46,47,60,75,122
0,0,14,36,0,3,50,17,1,54,50,50,67,71,121
1,0,13,35,1,5,60,9,1,67,48,49,57,76,125
1,0,13,39,0,3,46,20,1,51,52,52,72,71,123
1,0,14,37,1,2,52,14,1,56,51,52,65,70,122
1,0,11,36,0,3,50,21,0,54,47,47,68,75,122
1,0,14,31,1,3,55,16,1,60,45,46,61,76,122
1,0,14,37,0,5,50,18,1,57,51,51,69,75,126
1,0,12,36,1,4,46,21,1,52,48,49,69,73,122
1,0,14,37,0,5,51,14,0,57,51,51,65,71,122
1,0,12,38,0,3,52,15,1,57,50,50,65,72,122
0,0,13,38,1,4,55,11,1,60,51,52,62,71,123
1,0,12,39,0,3,45,21,0,49,51,51,72,70,121
3,0,15,35,0,5,56,9,0,64,50,50,59,73,123
1,0,13,39,0,3,53,12,0,57,52,52,64,69,121
1,0,13,35,1,4,60,9,0,65,48,49,57,74,123
3,10,9,34,0,3,51,11,1,68,43,43,54,79,122
1,0,11,43,0,3,49,14,1,54,54,54,68,68,122
0,0,12,37,1,4,55,14,1,60,49,50,63,74,124
3,0,11,34,1,3,60,9,1,67,45,46,54,76,122
1,0,14,34,0,2,53,16,0,56,48,48,64,72,120
1,0,11,36,0,4,57,11,0,62,47,47,58,73,120
2,0,14,31,1,4,59,10,0,65,45,46,55,75,121
1,0,11,32,0,2,62,13,0,65,43,43,56,78,121
1,0,14,37,1,4,54,12,1,60,51,52,63,72,124
3,0,10,40,1,2,49,16,1,55,50,51,66,71,122
1,0,13,38,1,4,48,17,1,54,51,52,68,71,123
1,0,11,36,0,4,51,17,1,57,47,47,64,74,121
0,0,10,39,1,4,53,16,0,57,49,50,65,73,123
0,0,10,39,1,3,54,13,1,58,49,50,62,71,121
1,0,13,36,0,6,44,21,1,52,49,49,70,73,122
1,0,13,37,0,5,55,9,1,62,50,50,59,71,121
0,0,13,40,1,5,49,13,0,54,53,54,66,67,121
1,0,14,42,0,6,50,10,1,58,56,56,66,68,124
0,0,15,37,0,2,52,14,0,54,52,52,66,68,120
0,0,14,38,1,4,54,12,1,59,52,53,64,71,124
0,0,14,34,0,3,59,10,1,63,48,48,58,73,121
0,0,11,36,1,5,61,11,0,66,47,48,58,77,125
0,0,13,35,1,3,54,16,1,58,48,49,64,74,123
1,0,13,37,1,3,53,13,1,58,50,51,63,71,122
2,0,11,41,1,6,51,12,1,60,52,53,64,72,125
0,0,12,42,1,4,44,20,0,48,54,55,74,68,123
1,0,12,35,0,5,53,15,1,60,47,47,62,75,122
0,0,11,35,0,5,59,12,0,64,46,46,58,76,122
0,0,10,35,1,4,60,11,1,65,45,46,56,76,122
1,0,11,38,1,3,51,19,0,55,49,50,68,74,124
1,0,11,34,1,6,57,16,0,64,45,46,61,80,126
1,0,12,44,0,4,45,16,1,51,56,56,72,67,123
1,0,11,36,0,5,58,11,0,64,47,47,58,75,122
1,0,13,43,0,2,54,8,1,58,56,56,64,66,122
1,0,11,41,1,2,52,13,0,55,52,53,65,68,121
2,0,11,35,0,4,57,13,1,64,46,46,59,77,123
1,0,12,39,0,4,58,9,1,64,51,51,60,73,124
0,0,13,36,0,3,54,16,1,58,49,49,65,74,123
1,0,15,30,1,2,59,12,0,62,45,46,57,74,120
1,0,15,36,1,3,51,14,0,55,51,52,65,69,121
1,0,12,36,0,4,58,11,0,63,48,48,59,74,122
1,0,11,41,1,3,49,17,0,53,52,53,69,70,123
1,0,12,44,0,2,43,19,0,46,56,56,75,65,121
1,0,11,39,1,3,60,8,0,64,50,51,58,72,123
1,0,13,35,0,2,50,18,1,54,48,48,66,72,120
1,0,11,30,1,4,60,14,0,65,41,42,55,79,121
0,0,12,36,0,3,54,15,1,58,48,48,63,73,121
0,0,13,39,0,3,49,18,0,52,52,52,70,70,122
1,0,15,39,0,2,42,22,0,45,54,54,76,67,121
1,0,12,38,1,4,57,11,1,63,50,51,61,74,125
2,0,12,36,1,4,54,12,0,60,48,49,60,72,121
1,0,11,34,1,3,54,19,0,58,45,46,64,77,123
1,0,11,37,1,2,59,11,1,63,48,49,59,74,123
1,0,12,36,0,3,56,12,1,61,48,48,60,73,121
1,0,12,38,0,2,59,9,1,63,50,50,59,72,122
2,0,13,38,0,5,43,23,1,51,51,51,74,74,125
1,0,12,38,0,6,48,16,1,56,50,50,66,72,122
1,0,14,41,1,2,49,11,2,54,55,56,66,65,121
4,0,9,31,1,4,63,12,0,71,40,41,52,83,124
1,0,13,34,0,3,56,14,1,61,47,47,61,75,122
1,0,15,39,1,2,49,13,1,53,54,55,67,66,121
1,0,12,36,0,4,58,12,0,63,48,48,60,75,123
1,0,13,34,0,3,56,13,0,60,47,47,60,73,120
1,0,12,36,1,4,54,15,0,59,48,49,63,74,123
0,0,10,36,1,3,55,17,1,59,46,47,63,76,123
2,0,12,37,1,3,44,23,1,50,49,50,72,73,123
1,0,13,34,1,2,61,11,0,64,47,48,58,75,123
1,0,12,38,0,3,51,17,0,55,50,50,67,72,122
1,0,12,35,1,4,62,8,0,67,47,48,55,75,123
1,0,14,34,0,3,55,13,1,60,48,48,61,73,121
2,0,13,32,1,3,60,11,0,65,45,46,56,76,122
0,0,14,38,1,2,50,16,1,53,52,53,68,69,122
1,0,9,34,1,3,59,14,0,63,43,44,57,77,121
2,0,12,38,1,5,55,10,0,62,50,51,60,72,123
0,0,11,39,1,4,54,14,1,59,50,51,64,73,124
1,0,11,42,1,5,51,13,0,57,53,54,66,70,124
1,0,11,35,0,4,55,15,1,61,46,46,61,76,122
0,0,13,38,0,2,54,13,1,57,51,51,64,70,121
1,0,11,36,1,2,53,18,1,57,47,48,65,75,123
0,0,12,38,1,2,50,18,0,52,50,51,68,70,121
0,0,11,35,1,8,50,15,0,58,46,47,61,73,120
1,0,17,35,0,4,52,13,1,58,52,52,65,71,123
0,0,13,40,0,3,48,16,1,52,53,53,69,68,121
1,0,15,38,1,2,53,12,0,56,53,54,65,68,122
0,9,12,33,0,4,47,17,0,60,45,45,62,77,122
1,0,10,38,0,4,49,18,0,54,48,48,66,72,120
2,0,11,33,0,3,54,18,1,60,44,44,62,78,122
1,0,11,38,1,3,48,21,0,52,49,50,70,73,123
1,0,10,37,0,4,58,10,0,63,47,47,57,73,120
3,0,10,33,0,4,55,17,1,63,43,43,60,80,123
0,0,13,35,0,0,52,20,0,52,48,48,68,72,120
1,0,14,36,1,3,59,7,1,64,50,51,57,71,122
1,0,11,40,1,4,49,19,1,55,51,52,70,74,126
0,0,15,37,0,4,52,12,1,57,52,52,64,69,121
0,0,11,40,1,3,48,19,0,51,51,52,70,70,122
0,0,12,35,1,3,53,18,0,56,47,48,65,74,122
1,0,12,35,1,3,56,14,0,60,47,48,61,74,122
1,0,10,39,0,2,57,12,0,60,49,49,61,72,121
2,0,12,36,1,2,56,13,0,60,48,49,61,73,122
1,0,13,40,0,3,52,12,1,57,53,53,65,69,122
0,0,14,36,0,2,53,14,1,56,50,50,64,70,120
1,0,14,40,0,1,48,16,1,51,54,54,70,67,121
1,0,12,36,1,4,49,21,1,55,48,49,69,76,125
1,0,13,35,1,5,61,9,1,68,48,49,57,77,126
1,0,14,36,1,4,51,14,1,57,50,51,64,71,122
1,0,14,37,0,5,50,13,1,57,51,51,64,70,121
1,0,12,40,0,2,42,23,1,46,52,52,75,69,121
1,0,12,38,0,3,54,14,1,59,50,50,64,73,123
1,0,11,39,0,4,52,12,2,59,50,50,62,71,121
1,0,11,35,0,3,56,16,0,60,46,46,62,76,122
1,0,11,36,1,3,60,12,0,64,47,48,59,76,124
0,0,13,38,1,2,50,16,1,53,51,52,67,69,121
1,0,14,36,0,5,53,14,1,60,50,50,64,74,124
2,0,11,40,0,4,52,13,0,58,51,51,64,71,122
1,0,14,41,1,4,51,10,0,56,55,56,65,66,122
1,0,13,42,1,4,51,11,1,57,55,56,66,68,124
1,0,14,37,1,2,49,17,1,53,51,52,68,70,122
0,0,12,42,0,0,51,15,1,52,54,54,69,67,121
0,0,14,37,1,3,55,11,0,58,51,52,62,69,121
1,0,12,37,1,4,54,14,1,60,49,50,63,74,124
1,0,13,36,1,4,48,19,1,54,49,50,68,73,123
1,0,11,38,1,3,61,8,1,66,49,50,57,74,124
1,0,14,40,1,4,48,15,1,54,54,55,69,69,124
1,0,14,37,1,1,50,18,0,52,51,52,69,70,122
1,0,10,37,0,4,56,13,1,62,47,47,60,75,122
1,0,14,39,1,3,48,16,0,52,53,54,69,68,122
1,0,13,33,0,4,56,15,0,61,46,46,61,76,122
1,0,11,34,0,4,62,9,1,68,45,45,54,77,122
1,0,14,36,1,2,53,15,1,57,50,51,65,72,123
1,0,13,35,0,3,56,13,1,61,48,48,61,74,122
1,0,13,35,0,2,52,17,0,55,48,48,65,72,120
0,0,12,35,0,4,54,18,0,58,47,47,65,76,123
1,0,12,40,1,3,50,15,0,54,52,53,67,69,122
1,0,14,35,1,2,52,18,0,55,49,50,67,73,123
0,0,13,38,0,4,59,6,1,64,51,51,57,70,121
1,0,14,33,0,2,41,29,1,45,47,47,76,74,121
1,0,13,36,0,2,48,21,0,51,49,49,70,72,121
1,0,14,35,0,6,55,9,1,63,49,49,58,72,121
1,0,11,38,1,4,57,13,0,62,49,50,62,75,125
1,0,13,37,1,2,47,20,1,51,50,51,70,71,122
1,0,11,37,1,2,45,24,0,48,48,49,72,72,121
0,0,13,36,1,5,56,14,0,61,49,50,63,75,125
1,0,12,40,1,5,51,15,1,58,52,53,67,73,126
1,0,12,38,1,3,48,18,1,53,50,51,68,71,122
0,0,14,37,0,5,54,12,1,60,51,51,63,72,123
1,0,12,36,1,2,55,14,0,58,48,49,62,72,121
1,0,12,37,0,3,51,17,1,56,49,49,66,73,122
1,0,12,38,0,6,54,9,1,62,50,50,59,71,121
1,0,14,35,1,4,55,13,1,61,49,50,62,74,124
0,0,12,37,0,6,54,14,0,60,49,49,63,74,123
0,0,14,37,0,3,52,14,1,56,51,51,65,70,121
1,0,10,36,1,3,62,8,0,66,46,47,54,74,121
0,0,13,40,1,3,43,20,1,47,53,54,73,67,121
1,0,13,39,1,3,55,12,0,59,52,53,64,71,124
0,0,12,39,1,4,46,21,1,51,51,52,72,72,124
1,0,12,34,0,1,51,20,2,55,46,46,66,75,121
1,0,14,36,0,0,45,24,1,47,50,50,74,71,121
1,0,12,37,0,3,42,28,1,47,49,49,77,75,124
0,0,13,40,1,4,41,22,0,45,53,54,75,67,121
1,0,11,34,1,5,53,20,1,60,45,46,65,80,126
1,0,11,33,0,8,56,12,1,66,44,44,56,78,122
1,0,10,40,0,2,56,12,0,59,50,50,62,71,121
1,0,12,36,2,3,54,14,1,59,48,50,62,73,123
1,0,11,40,1,4,55,9,1,61,51,52,60,70,122
0,0,13,39,0,3,51,14,0,54,52,52,66,68,120
1,0,13,35,1,3,55,16,0,59,48,49,64,75,124
1,0,12,36,0,3,52,16,1,57,48,48,64,73,121
1,0,12,39,1,4,51,15,0,56,51,52,66,71,123
1,0,14,35,0,5,61,7,1,68,49,49,56,75,124
2,0,12,39,1,5,50,12,1,58,51,52,63,70,122
1,0,14,33,1,2,60,10,0,63,47,48,57,73,121
0,0,10,36,1,3,62,9,1,66,46,47,55,75,122
1,0,10,33,0,4,56,20,1,62,43,43,63,82,125
1,0,12,40,0,4,50,17,0,55,52,52,69,72,124
1,0,12,37,2,4,57,6,1,63,49,51,55,69,120
0,0,13,37,0,3,54,13,1,58,50,50,63,71,121
1,0,12,40,1,3,52,14,0,56,52,53,66,70,123
0,0,12,34,0,4,51,21,1,56,46,46,67,77,123
1,0,10,38,0,2,49,21,1,53,48,48,69,74,122
1,0,12,39,1,2,54,12,1,58,51,52,63,70,122
1,0,12,38,1,3,46,21,1,51,50,51,71,72,123
1,0,11,36,0,5,57,12,1,64,47,47,59,76,123
1,0,13,36,0,4,51,19,1,57,49,49,68,76,125
3,0,12,33,0,4,58,13,1,66,45,45,58,79,124
1,0,10,45,1,5,46,13,1,53,55,56,68,66,122
2,0,12,34,1,3,60,11,0,65,46,47,57,76,123
1,0,12,36,1,5,55,15,0,61,48,49,63,76,125
1,0,12,34,0,4,60,11,0,65,46,46,57,76,122
1,0,12,42,1,3,42,20,1,47,54,55,74,67,122
0,0,13,35,1,7,55,10,1,63,48,49,58,73,122
1,0,14,34,1,2,51,19,1,55,48,49,67,74,123
1,0,13,40,1,3,51,13,0,55,53,54,66,68,122
0,0,13,38,0,2,48,19,1,51,51,51,70,70,121
0,0,10,33,0,3,50,18,7,60,43,43,61,78,121
1,0,13,30,0,3,52,22,1,57,43,43,65,79,122
1,0,14,36,0,3,54,14,1,59,50,50,64,73,123
0,0,12,38,1,3,54,13,0,57,50,51,63,70,121
1,0,12,36,1,3,56,13,0,60,48,49,61,73,122
0,0,14,40,1,2,44,19,1,47,54,55,73,66,121
1,0,13,40,0,4,52,11,1,58,53,53,64,69,122
1,0,12,38,1,3,47,18,2,53,50,51,68,71,122
1,0,13,40,1,3,46,18,0,50,53,54,71,68,122
1,0,10,39,1,3,57,10,0,61,49,50,59,71,121
1,0,12,30,0,2,64,12,1,68,42,42,54,80,122
1,0,12,38,0,2,55,13,1,59,50,50,63,72,122
0,0,11,42,0,4,47,16,1,52,53,53,69,68,121
1,0,13,35,1,3,56,13,1,61,48,49,61,74,123
1,0,10,38,0,3,53,16,1,58,48,48,64,74,122
1,0,12,40,0,6,53,11,1,61,52,52,63,72,124
1,0,14,37,0,4,53,13,1,59,51,51,64,72,123
0,0,13,40,1,3,45,18,1,49,53,54,71,67,121
1,0,11,40,1,4,47,18,1,53,51,52,69,71,123
1,0,19,32,1,2,56,11,1,60,51,52,62,71,123
1,0,15,34,0,4,56,11,1,62,49,49,60,73,122
1,0,11,35,1,2,53,18,1,57,46,47,64,75,122
1,0,12,37,1,4,51,19,0,56,49,50,68,75,125
3,0,14,38,0,2,50,12,1,56,52,52,64,68,120
1,0,12,44,0,2,44,18,1,48,56,56,74,66,122
1,0,13,39,1,3,55,10,1,60,52,53,62,70,123
3,0,13,38,1,3,49,16,0,55,51,52,67,71,123
1,0,11,39,1,2,49,19,0,52,50,51,69,71,122
1,0,15,32,0,2,52,20,1,56,47,47,67,76,123
1,0,12,40,1,4,46,19,1,52,52,53,71,71,124
0,0,12,37,1,3,55,13,1,59,49,50,62,72,122
1,0,10,36,1,4,58,13,0,63,46,47,59,76,123
1,0,11,35,1,2,49,22,0,52,46,47,68,74,121
2,0,13,39,1,3,46,18,1,52,52,53,70,70,123
1,0,13,37,0,3,57,11,1,62,50,50,61,73,123
1,0,14,34,1,3,57,11,1,62,48,49,59,73,122
1,0,13,39,1,3,50,15,1,55,52,53,67,70,123
1,0,11,37,1,4,52,15,1,58,48,49,63,73,122
1,0,11,41,1,5,49,13,1,56,52,53,65,69,122
1,0,11,33,1,4,66,6,0,71,44,45,50,77,122
1,0,11,37,0,4,55,16,0,60,48,48,64,76,124
1,0,15,38,1,3,54,10,0,58,53,54,63,68,122
2,0,12,36,0,4,58,8,0,64,48,48,56,72,120
1,0,13,32,1,3,52,19,0,56,45,46,64,75,121
0,0,10,36,1,5,60,9,1,66,46,47,55,75,122
3,0,12,37,1,4,51,16,1,59,49,50,65,75,125
0,0,15,35,1,3,58,11,0,61,50,51,61,72,123
1,0,12,38,0,5,49,18,1,56,50,50,68,74,124
0,0,13,37,0,5,53,12,1,59,50,50,62,71,121
1,0,12,42,1,2,46,17,0,49,54,55,71,66,121
1,0,11,39,1,3,56,11,0,60,50,51,61,71,122
1,0,12,39,0,3,52,14,0,56,51,51,65,70,121
0,0,11,35,1,3,62,10,1,66,46,47,56,76,123
1,0,11,37,0,2,54,15,0,57,48,48,63,72,120
1,0,11,38,1,5,57,12,0,63,49,50,61,75,125
0,0,14,33,1,2,63,8,1,66,47,48,55,74,122
2,0,13,35,0,2,57,12,1,62,48,48,60,74,122
1,0,10,42,0,3,45,19,1,50,52,52,71,69,121
1,0,12,34,1,3,56,15,0,60,46,47,61,75,122
1,0,12,41,0,4,48,14,1,54,53,53,67,68,121
1,0,12,36,1,3,53,15,1,58,48,49,63,73,122
1,0,14,41,0,4,52,10,1,58,55,55,65,68,123
1,0,13,35,0,4,46,20,1,52,48,48,68,72,120
0,0,13,35,0,3,51,19,1,55,48,48,67,74,122
2,0,10,36,1,3,56,13,1,62,46,47,59,75,122
1,0,14,39,1,4,41,20,1,47,53,54,73,67,121
1,0,14,37,0,4,45,22,0,50,51,51,73,72,123
1,0,8,41,1,2,45,25,1,49,49,50,74,74,124
2,0,11,36,1,4,55,11,0,61,47,48,58,72,120
1,0,10,41,1,6,50,12,0,57,51,52,63,69,121
1,0,12,34,0,4,55,16,0,60,46,46,62,76,122
1,0,11,37,1,3,48,20,0,52,48,49,68,72,121
1,0,12,39,0,6,52,9,1,60,51,51,60,69,120
1,0,12,37,0,2,50,19,1,54,49,49,68,73,122
1,0,12,39,1,5,54,13,0,60,51,52,64,73,125
0,0,13,37,1,4,52,12,2,58,50,51,62,70,121
1,0,10,39,1,3,57,12,0,61,49,50,61,73,123
2,0,11,37,1,2,41,28,0,45,48,49,76,73,122
2,0,15,33,1,3,56,12,1,62,48,49,60,74,123
0,0,13,39,1,4,50,15,1,55,52,53,67,70,123
0,0,12,39,0,4,47,18,2,53,51,51,69,71,122
0,0,13,41,0,3,46,18,0,49,54,54,72,67,121
0,0,15,40,0,4,52,9,1,57,55,55,64,66,121
1,0,13,36,1,3,59,10,0,63,49,50,59,73,123
1,0,14,35,0,4,56,9,1,62,49,49,58,71,120
1,0,14,37,0,5,52,13,0,58,51,51,64,71,122
1,0,13,39,1,2,48,19,1,52,52,53,71,71,124
1,0,11,40,1,4,50,15,0,55,51,52,66,70,122
0,0,16,39,0,2,47,16,0,49,55,55,71,65,120
3,0,12,35,0,3,54,13,1,61,47,47,60,74,121
1,0,12,38,1,3,48,18,1,53,50,51,68,71,122
1,0,13,37,1,2,59,9,1,63,50,51,59,72,123
1,0,12,40,1,3,51,15,1,56,52,53,67,71,124
1,0,12,38,1,4,47,20,1,53,50,51,70,73,124
1,0,14,42,0,4,49,10,0,54,56,56,66,64,120
1,0,14,27,1,4,59,16,0,64,41,42,57,80,122
1,0,12,35,1,4,56,12,1,62,47,48,59,74,122
1,0,13,37,1,5,57,11,0,63,50,51,61,74,125
1,0,11,39,1,2,52,15,1,56,50,51,65,71,122
1,0,14,33,0,2,61,10,1,65,47,47,57,75,122
0,0,11,34,0,4,62,10,1,67,45,45,55,77,122
1,0,12,38,1,3,54,13,1,59,50,51,63,72,123
2,0,12,34,1,4,50,19,1,57,46,47,65,76,123
2,0,13,36,0,1,60,8,0,63,49,49,57,71,120
0,0,13,38,1,3,55,12,1,59,51,52,63,71,123
1,0,15,40,0,4,48,12,1,54,55,55,67,66,121
0,0,12,38,1,5,51,14,0,56,50,51,64,70,121
1,0,11,36,1,3,53,17,1,58,47,48,64,75,123
1,0,13,35,1,3,52,17,1,57,48,49,65,74,123
2,0,12,39,1,1,56,10,1,60,51,52,61,70,122
1,0,12,37,0,3,42,24,1,47,49,49,73,71,120
1,0,15,36,0,3,45,21,2,51,51,51,72,72,123
0,0,12,34,0,3,55,16,0,58,46,46,62,74,120
1,0,13,28,1,5,66,11,1,73,41,42,52,84,126
1,0,13,34,0,2,54,14,2,59,47,47,61,73,120
1,0,12,42,0,5,49,11,1,56,54,54,65,67,121
2,0,11,37,1,6,56,12,1,65,48,49,60,77,126
1,0,13,37,0,5,55,13,0,61,50,50,63,74,124
5,0,10,38,1,3,53,13,1,62,48,49,61,75,124
1,0,12,37,1,2,49,20,1,53,49,50,69,73,123
1,0,12,35,0,3,52,20,1,57,47,47,67,77,124
0,0,12,40,0,4,55,12,0,59,52,52,64,71,123
1,0,8,42,0,2,55,12,0,58,50,50,62,70,120
1,0,11,42,0,2,53,11,1,57,53,53,64,68,121
1,0,12,33,1,5,53,16,0,59,45,46,61,75,121
1,0,15,32,1,3,59,13,1,64,47,48,60,77,125
1,0,13,37,0,2,54,15,0,57,50,50,65,72,122
0,0,14,37,0,2,56,11,0,58,51,51,62,69,120
1,0,15,36,0,1,55,13,0,57,51,51,64,70,121
1,0,12,41,0,4,49,16,0,54,53,53,69,70,123
0,0,12,36,0,4,49,21,0,53,48,48,69,74,122
0,0,12,42,0,5,47,14,0,52,54,54,68,66,120
1,0,13,38,1,5,49,12,2,57,51,52,63,69,121
1,0,13,31,0,5,45,24,1,52,44,44,68,76,120
1,0,14,33,0,3,58,11,0,62,47,47,58,73,120
1,0,12,39,0,3,45,22,1,50,51,51,73,72,123
1,0,13,34,0,2,52,15,4,59,47,47,62,74,121
1,0,13,38,1,3,53,14,1,58,51,52,65,72,124
1,0,13,34,1,3,59,13,1,64,47,48,60,77,125
1,0,11,39,1,3,45,21,0,49,50,51,71,70,121
1,0,11,36,1,4,55,14,1,61,47,48,61,75,123
1,0,14,34,1,3,53,18,0,57,48,49,66,75,124
1,0,16,33,1,4,49,17,1,55,49,50,66,72,122
1,0,12,34,1,3,62,10,0,66,46,47,56,76,123
2,0,12,35,0,4,49,18,1,56,47,47,65,74,121
0,0,10,38,1,3,57,12,1,61,48,49,60,73,122
1,0,12,39,1,4,51,16,0,56,51,52,67,72,124
2,0,11,36,0,4,54,14,1,61,47,47,61,75,122
6,0,13,40,1,3,41,17,0,50,53,54,70,67,121
0,0,13,41,1,2,48,16,0,50,54,55,70,66,121
0,0,12,36,1,3,54,15,1,58,48,49,63,73,122
1,0,14,35,0,3,56,12,0,60,49,49,61,72,121
1,0,13,41,1,4,48,15,0,53,54,55,69,68,123
0,0,13,42,0,4,47,17,0,51,55,55,72,68,123
1,0,12,35,0,1,54,17,0,56,47,47,64,73,120
1,0,13,39,0,4,48,15,0,53,52,52,67,68,120
1,0,13,35,1,5,57,10,0,63,48,49,58,73,122
1,0,12,36,1,4,51,19,0,56,48,49,67,75,124
1,0,13,38,0,2,53,12,1,57,51,51,63,69,120
1,0,10,39,1,2,55,13,1,59,49,50,62,72,122
1,0,14,37,0,2,42,25,1,46,51,51,76,71,122
1,0,13,39,1,3,49,14,1,54,52,53,66,68,121
1,0,11,38,0,4,53,14,1,59,49,49,63,73,122
1,0,12,34,1,5,48,22,1,55,46,47,68,77,124
1,0,10,39,1,4,56,12,1,62,49,50,61,74,124
1,0,13,33,1,2,55,15,1,59,46,47,61,74,121
2,0,10,37,0,4,50,19,0,56,47,47,66,75,122
1,0,14,34,1,4,60,8,1,66,48,49,56,74,123
1,0,12,40,1,2,46,20,0,49,52,53,72,69,122
1,0,12,37,0,1,51,19,1,54,49,49,68,73,122
2,0,13,40,1,2,49,13,2,55,53,54,66,68,122
1,0,13,37,0,4,53,15,0,58,50,50,65,73,123
1,0,11,34,0,4,55,16,0,60,45,45,61,76,121
1,0,14,35,1,0,58,13,0,59,49,50,62,72,122
0,0,11,37,1,3,50,19,1,54,48,49,67,73,122
0,0,13,34,1,2,60,11,0,62,47,48,58,73,121
1,0,14,32,1,4,53,17,1,59,46,47,63,76,123
1,0,10,36,0,2,51,20,0,54,46,46,66,74,120
1,0,13,41,0,2,54,9,1,58,54,54,63,67,121
1,0,10,34,0,3,61,11,0,65,44,44,55,76,120
2,0,11,34,1,3,51,19,1,57,45,46,64,76,122
1,0,13,36,1,3,55,13,1,60,49,50,62,73,123
1,0,15,38,0,5,51,12,0,57,53,53,65,69,122
1,0,11,33,0,3,56,16,1,61,44,44,60,77,121
1,0,10,40,1,4,44,22,1,50,50,51,72,72,123
1,0,9,39,1,2,57,12,0,60,48,49,60,72,121
1,0,12,36,1,4,58,12,1,64,48,49,60,76,125
6,0,10,35,1,3,55,12,1,65,45,46,57,77,123
0,0,11,34,0,3,58,15,0,61,45,45,60,76,121
3,0,13,34,0,4,59,8,1,67,47,47,55,75,122
0,0,13,42,1,3,48,14,1,52,55,56,69,66,122
0,0,14,33,0,3,58,13,1,62,47,47,60,75,122
0,0,15,35,0,4,54,14,0,58,50,50,64,72,122
1,0,10,39,0,0,52,18,1,54,49,49,67,72,121
1,0,13,34,1,4,57,13,1,63,47,48,60,76,124
1,0,10,35,0,3,60,12,1,65,45,45,57,77,122
1,0,13,33,1,4,61,10,0,66,46,47,56,76,123
1,0,14,34,0,5,56,13,1,63,48,48,61,76,124
1,0,11,39,0,4,51,15,1,57,50,50,65,72,122
2,0,10,37,0,3,58,11,1,64,47,47,58,75,122
1,0,11,40,0,4,48,15,1,54,51,51,66,69,120
1,0,13,39,0,3,53,13,0,57,52,52,65,70,122
2,0,11,40,1,3,51,14,1,57,51,52,65,71,123
1,0,13,37,0,2,52,15,1,56,50,50,65,71,121
1,0,15,32,0,5,54,16,0,60,47,47,63,76,123
0,0,11,38,1,4,45,24,1,50,49,50,73,74,124
1,0,14,36,1,5,57,11,1,64,50,51,61,75,126
4,0,10,37,0,4,58,7,0,66,47,47,54,73,120
1,0,12,41,0,4,46,20,1,52,53,53,73,72,125
0,0,12,34,1,3,54,18,1,58,46,47,64,76,123
4,0,12,37,0,3,54,12,0,61,49,49,61,73,122
2,0,12,37,0,4,55,13,0,61,49,49,62,74,123
2,0,13,32,0,3,53,17,1,59,45,45,62,76,121
1,0,14,39,0,4,50,12,1,56,53,53,65,68,121
1,0,12,34,0,3,52,19,0,56,46,46,65,75,121
1,0,11,36,0,3,53,18,0,57,47,47,65,75,122
1,0,12,39,0,4,51,15,0,56,51,51,66,71,122
1,0,12,45,0,5,49,8,0,55,57,57,65,63,120
2,0,11,37,0,2,54,15,0,58,48,48,63,73,121
1,0,11,33,0,5,61,12,0,67,44,44,56,79,123
0,0,12,34,1,2,54,13,6,62,46,47,59,75,122
1,0,12,40,0,2,52,14,0,55,52,52,66,69,121
1,0,13,38,0,5,50,13,0,56,51,51,64,69,120
2,0,12,43,0,4,49,11,0,55,55,55,66,66,121
1,0,11,42,1,6,44,16,1,52,53,54,69,68,122
1,0,11,40,0,4,47,17,1,53,51,51,68,70,121
1,0,12,37,1,4,56,12,0,61,49,50,61,73,123
0,0,13,36,0,4,54,14,0,58,49,49,63,72,121
1,0,13,35,0,3,55,14,1,60,48,48,62,74,122
1,0,11,36,0,1,52,20,0,54,47,47,67,74,121
1,0,13,38,1,4,55,10,0,60,51,52,61,70,122
0,0,13,37,1,2,59,9,0,61,50,51,59,70,121
1,0,12,39,1,6,56,11,1,64,51,52,62,75,127
1,0,15,35,0,4,58,10,0,63,50,50,60,73,123
1,0,9,33,1,3,51,22,1,56,42,43,64,78,121
1,0,15,36,1,3,55,12,0,59,51,52,63,71,123
0,0,14,41,1,5,45,17,1,51,55,56,72,68,124
1,0,11,40,0,4,48,19,1,54,51,51,70,73,124
1,0,10,36,1,3,58,12,1,63,46,47,58,75,122
1,0,13,37,0,3,50,16,1,55,50,50,66,71,121
0,0,12,37,1,2,57,12,0,59,49,50,61,71,121
0,0,13,38,0,3,52,14,0,55,51,51,65,69,120
1,0,14,38,0,2,56,10,0,59,52,52,62,69,121
1,0,11,33,0,4,55,17,1,61,44,44,61,78,122
1,0,13,36,1,4,57,12,0,62,49,50,61,74,124
2,0,13,38,1,4,51,12,1,58,51,52,63,70,122
1,0,14,38,0,3,52,12,1,57,52,52,64,69,121
2,0,13,37,0,2,54,13,0,58,50,50,63,71,121
1,0,11,35,0,3,51,22,1,56,46,46,68,78,124
1,0,12,35,1,4,53,15,1,59,47,48,62,74,122
1,0,12,36,1,6,54,17,0,61,48,49,65,78,127
1,0,13,38,1,3,51,15,1,56,51,52,66,71,123
1,0,10,38,1,4,52,18,1,58,48,49,66,76,125
1,0,13,40,1,3,49,15,1,54,53,54,68,69,123
1,0,11,35,1,3,60,12,1,65,46,47,58,77,124
0,0,13,32,0,5,41,26,3,49,45,45,71,75,120
1,0,15,39,0,3,52,10,1,57,54,54,64,67,121
1,0,12,39,1,2,54,13,0,57,51,52,64,70,122
0,0,13,38,1,2,56,11,1,59,51,52,62,70,122
1,0,11,35,1,3,58,14,0,62,46,47,60,76,123
1,0,10,34,0,2,56,18,1,60,44,44,62,78,122
0,0,11,38,0,2,50,19,1,53,49,49,68,72,121
1,0,12,34,0,3,54,17,1,59,46,46,63,76,122
1,0,14,34,0,5,55,12,0,61,48,48,60,73,121
1,0,14,38,1,4,52,14,0,57,52,53,66,71,124
0,0,14,35,0,2,56,13,1,59,49,49,62,72,121
3,0,11,39,1,2,44,21,0,49,50,51,71,70,121
0,0,13,40,0,3,49,15,0,52,53,53,68,67,120
1,0,13,34,0,2,54,17,0,57,47,47,64,74,121
0,0,11,32,1,4,54,21,1,59,43,44,64,80,124
1,0,11,38,1,5,52,14,1,59,49,50,63,73,123
1,0,11,42,0,3,52,13,0,56,53,53,66,69,122
0,0,14,36,1,2,48,19,1,51,50,51,69,70,121
1,0,13,32,0,3,59,14,0,63,45,45,59,77,122
1,0,13,38,1,0,59,10,0,60,51,52,61,70,122
1,0,11,36,0,2,55,16,0,58,47,47,63,74,121
1,0,11,36,1,2,61,9,0,64,47,48,56,73,121
1,0,13,41,0,3,50,13,0,54,54,54,67,67,121
1,0,13,41,1,1,52,11,1,55,54,55,65,66,121
1,0,13,37,1,3,57,9,1,62,50,51,59,71,122
1,0,13,34,1,2,59,11,0,62,47,48,58,73,121
1,0,12,33,1,4,61,12,0,66,45,46,57,78,124
0,0,12,38,0,4,53,13,1,58,50,50,63,71,121
1,0,10,37,0,3,56,16,1,61,47,47,63,77,124
4,0,9,38,1,2,48,20,1,55,47,48,67,75,123
3,0,9,38,0,4,50,17,1,58,47,47,64,75,122
1,0,10,37,0,1,55,15,1,58,47,47,62,73,120
1,0,13,35,0,2,59,12,0,62,48,48,60,74,122
1,0,14,42,0,4,49,11,1,55,56,56,67,66,122
0,0,11,38,0,4,54,14,1,59,49,49,63,73,122
1,0,14,35,0,3,55,14,0,59,49,49,63,73,122
1,0,12,36,0,3,53,16,0,57,48,48,64,73,121
1,0,13,35,0,7,53,10,1,62,48,48,58,72,120
1,0,11,36,1,3,51,19,0,55,47,48,66,74,122
1,0,13,39,1,3,52,12,1,57,52,53,64,69,122
1,10,12,31,1,4,49,14,1,65,43,44,57,79,123
1,0,10,38,1,3,56,12,1,61,48,49,60,73,122
1,0,10,39,1,4,56,10,0,61,49,50,59,71,121
1,0,14,38,0,3,48,17,1,53,52,52,69,70,122
0,0,10,41,0,5,48,16,1,54,51,51,67,70,121
1,0,14,37,1,4,51,14,1,57,51,52,65,71,123
1,0,13,36,1,4,50,19,1,56,49,50,68,75,125
1,0,10,43,0,5,52,14,1,59,53,53,67,73,126
0,0,11,33,1,0,57,19,1,58,44,45,63,77,122
1,0,13,39,0,3,47,17,0,51,52,52,69,68,120
1,0,11,36,0,3,54,16,0,58,47,47,63,74,121
1,0,12,30,0,3,60,14,0,64,42,42,56,78,120
0,0,12,41,0,4,49,15,0,53,53,53,68,68,121
1,0,15,36,1,4,49,16,1,55,51,52,67,71,123
1,0,11,37,1,2,57,12,0,60,48,49,60,72,121
1,0,14,37,1,3,54,11,1,59,51,52,62,70,122
1,0,9,39,1,4,50,21,1,56,48,49,69,77,126
0,0,15,34,0,3,58,12,1,62,49,49,61,74,123
0,0,13,38,0,5,55,11,1,61,51,51,62,72,123
1,0,11,36,0,4,52,18,1,58,47,47,65,76,123
1,0,12,38,1,4,56,12,1,62,50,51,62,74,125
3,0,12,37,1,3,55,11,0,61,49,50,60,72,122
1,0,14,40,1,2,50,12,1,54,54,55,66,66,121
1,0,13,41,1,3,44,18,1,49,54,55,72,67,122
0,0,13,36,0,2,59,10,1,62,49,49,59,72,121
0,0,13,36,1,4,57,10,0,61,49,50,59,71,121
