"ACT","Conservative","Green","Labour","Mana","Maori","National","NZ_First","United Future","NatCoal","LabGreen","LabGreenMaori","LabGreenNZFirst","NatCoalNZFirst","Total"
1,0,8,43,0,2,54,12,0,57,51,53,63,69,120
1,0,7,46,1,3,52,12,0,56,53,56,65,68,122
1,0,8,42,1,3,53,16,0,57,50,53,66,73,124
1,0,9,43,1,3,50,16,0,54,52,55,68,70,123
1,0,7,44,0,3,48,17,0,52,51,54,68,69,120
1,0,0,52,1,4,55,11,0,60,52,56,63,71,124
0,0,12,38,0,4,53,14,0,57,50,54,64,71,121
1,0,9,41,1,4,50,16,0,55,50,54,66,71,122
0,0,8,40,1,3,55,15,0,58,48,51,63,73,122
1,0,7,41,0,2,57,13,0,60,48,50,61,73,121
1,0,10,40,0,2,52,16,0,55,50,52,66,71,121
1,0,9,44,0,3,52,13,0,56,53,56,66,69,122
1,0,8,42,1,3,56,13,0,60,50,53,63,73,124
1,0,8,45,0,3,49,14,0,53,53,56,67,67,120
1,0,9,37,1,3,56,15,0,60,46,49,61,75,122
1,0,0,50,0,4,50,18,0,55,50,54,68,73,123
1,0,10,44,1,6,47,18,0,54,54,60,72,72,127
1,0,10,44,0,0,52,13,0,53,54,54,67,66,120
0,0,8,48,1,4,51,12,0,55,56,60,68,67,124
0,0,11,38,1,4,54,15,0,58,49,53,64,73,123
1,0,12,41,1,4,51,13,0,56,53,57,66,69,123
2,0,0,46,1,3,58,12,0,63,46,49,58,75,122
0,0,8,42,0,3,54,13,0,57,50,53,63,70,120
1,0,6,45,0,4,56,10,0,61,51,55,61,71,122
1,0,6,45,1,2,53,14,0,56,51,53,65,70,122
3,0,8,41,1,3,52,13,0,58,49,52,62,71,121
1,0,9,43,1,3,56,11,0,60,52,55,63,71,124
1,0,6,44,0,4,55,12,0,60,50,54,62,72,122
1,0,8,41,1,5,54,14,0,60,49,54,63,74,124
4,0,0,44,0,2,56,14,0,62,44,46,58,76,120
0,0,10,39,0,2,57,12,0,59,49,51,61,71,120
1,0,9,37,0,4,58,14,0,63,46,50,60,77,123
1,0,8,45,1,3,52,13,0,56,53,56,66,69,123
1,0,0,51,0,3,54,13,0,58,51,54,64,71,122
0,0,0,49,1,4,53,15,0,57,49,53,64,72,122
1,0,6,45,1,3,55,12,0,59,51,54,63,71,123
0,0,8,40,0,3,59,12,0,62,48,51,60,74,122
0,0,0,43,0,3,58,16,0,61,43,46,59,77,120
1,0,8,47,1,3,51,11,0,55,55,58,66,66,122
1,0,9,39,0,6,54,13,0,61,48,54,61,74,122
1,0,9,41,1,4,57,11,0,62,50,54,61,73,124
2,0,9,42,1,4,55,11,0,61,51,55,62,72,124
1,0,10,38,1,2,60,8,0,63,48,50,56,71,120
1,0,7,45,1,2,51,14,0,54,52,54,66,68,121
1,0,8,44,0,2,54,12,0,57,52,54,64,69,121
4,0,7,35,1,4,61,11,0,69,42,46,53,80,123
1,0,6,49,1,2,50,13,0,53,55,57,68,66,122
1,0,0,48,1,2,54,16,0,57,48,50,64,73,122
0,0,9,40,1,0,53,18,0,53,49,49,67,71,121
1,0,10,38,1,1,53,17,0,55,48,49,65,72,121
1,0,8,45,0,2,51,15,0,54,53,55,68,69,122
3,0,7,38,1,3,60,11,0,66,45,48,56,77,123
1,0,7,42,0,3,53,16,0,57,49,52,65,73,122
1,0,7,38,0,3,54,18,0,58,45,48,63,76,121
2,0,8,46,1,6,50,13,0,58,54,60,67,71,126
1,0,7,44,1,3,50,18,0,54,51,54,69,72,124
1,0,10,38,0,3,58,11,0,62,48,51,59,73,121
1,0,8,44,0,5,51,15,0,57,52,57,67,72,124
0,0,9,44,1,4,52,13,0,56,53,57,66,69,123
1,0,8,49,0,4,44,14,0,49,57,61,71,63,120
1,0,8,46,0,2,55,11,0,58,54,56,65,69,123
1,0,9,38,1,4,53,18,0,58,47,51,65,76,124
2,0,8,41,1,4,55,11,0,61,49,53,60,72,122
1,0,10,40,1,3,53,14,0,57,50,53,64,71,122
0,0,7,44,0,3,55,11,0,58,51,54,62,69,120
2,0,8,40,0,3,56,12,0,61,48,51,60,73,121
1,0,7,43,1,4,52,15,0,57,50,54,65,72,123
1,0,9,40,1,4,53,14,0,58,49,53,63,72,122
1,0,0,48,0,3,58,13,0,62,48,51,61,75,123
1,0,7,45,1,4,53,14,0,58,52,56,66,72,125
1,0,7,39,0,3,59,13,0,63,46,49,59,76,122
1,0,0,52,1,2,56,10,0,59,52,54,62,69,122
1,0,8,44,0,3,50,16,0,54,52,55,68,70,122
1,0,7,43,1,2,55,14,0,58,50,52,64,72,123
1,0,9,44,1,3,52,12,0,56,53,56,65,68,122
1,0,0,48,0,4,57,13,0,62,48,52,61,75,123
5,0,7,41,1,2,55,11,0,62,48,50,59,73,122
1,0,8,41,0,3,56,12,0,60,49,52,61,72,121
1,0,7,42,1,4,58,10,0,63,49,53,59,73,123
1,0,10,38,1,3,56,14,0,60,48,51,62,74,123
0,0,10,43,1,4,47,18,0,51,53,57,71,69,123
1,0,6,45,0,2,57,10,0,60,51,53,61,70,121
1,0,8,43,1,3,55,10,0,59,51,54,61,69,121
1,0,8,44,1,2,55,11,0,58,52,54,63,69,122
1,0,8,44,1,3,49,15,0,53,52,55,67,68,121
3,0,9,43,0,3,50,12,0,56,52,55,64,68,120
1,0,8,43,1,4,52,15,0,57,51,55,66,72,124
0,0,9,44,0,3,50,14,0,53,53,56,67,67,120
1,0,6,43,1,5,57,13,0,63,49,54,62,76,126
0,0,9,43,0,2,54,13,0,56,52,54,65,69,121
1,0,9,38,1,3,56,15,0,60,47,50,62,75,123
2,0,7,39,0,2,52,18,0,56,46,48,64,74,120
1,0,7,42,0,3,56,13,0,60,49,52,62,73,122
0,0,10,41,0,2,55,13,0,57,51,53,64,70,121
1,0,6,45,1,4,53,15,0,58,51,55,66,73,125
0,0,0,47,1,3,59,13,0,62,47,50,60,75,123
1,0,9,44,1,4,50,16,0,55,53,57,69,71,125
1,0,7,43,0,4,50,17,0,55,50,54,67,72,122
1,0,8,41,1,2,57,12,0,60,49,51,61,72,122
0,0,8,44,2,3,49,14,0,52,52,55,66,66,120
1,0,12,41,1,3,51,13,0,55,53,56,66,68,122
1,0,7,47,0,3,48,14,0,52,54,57,68,66,120
1,0,8,47,0,2,50,14,0,53,55,57,69,67,122
1,0,9,43,1,0,57,10,0,58,52,52,62,68,121
1,0,8,46,1,4,51,12,0,56,54,58,66,68,123
1,0,7,41,0,4,58,12,0,63,48,52,60,75,123
1,0,10,45,1,0,51,14,0,52,55,55,69,66,122
3,0,7,42,1,5,53,12,0,61,49,54,61,73,123
2,0,8,41,0,4,58,10,0,64,49,53,59,74,123
0,0,8,41,1,3,56,14,0,59,49,52,63,73,123
3,0,9,41,1,4,50,13,0,57,50,54,63,70,121
1,0,7,44,1,3,48,18,0,52,51,54,69,70,122
2,0,0,46,0,2,59,12,0,63,46,48,58,75,121
1,0,8,43,0,3,54,13,0,58,51,54,64,71,122
2,0,8,42,1,3,52,15,0,57,50,53,65,72,123
0,0,8,40,1,2,52,18,0,54,48,50,66,72,121
1,0,10,40,0,4,55,13,0,60,50,54,63,73,123
1,0,7,45,1,3,49,17,0,53,52,55,69,70,123
1,0,8,44,0,4,53,12,0,58,52,56,64,70,122
1,0,10,42,1,2,51,15,0,54,52,54,67,69,122
0,0,8,47,0,4,48,15,0,52,55,59,70,67,122
1,0,9,41,1,4,54,14,0,59,50,54,64,73,124
1,0,10,42,0,4,53,11,0,58,52,56,63,69,121
1,0,6,46,1,4,52,13,0,57,52,56,65,70,123
1,0,8,38,0,3,60,12,0,64,46,49,58,76,122
2,0,7,47,0,3,47,15,0,52,54,57,69,67,121
1,0,10,46,0,4,50,11,0,55,56,60,67,66,122
1,0,8,44,1,2,56,11,0,59,52,54,63,70,123
1,0,9,41,0,4,56,12,0,61,50,54,62,73,123
1,0,8,42,1,2,54,13,0,57,50,52,63,70,121
1,0,7,42,1,3,55,14,0,59,49,52,63,73,123
1,0,7,48,0,3,49,12,0,53,55,58,67,65,120
1,0,9,39,0,2,57,12,0,60,48,50,60,72,120
2,0,7,42,0,3,56,12,0,61,49,52,61,73,122
0,0,12,41,0,3,50,14,0,53,53,56,67,67,120
1,0,7,42,0,3,52,18,0,56,49,52,67,74,123
2,0,0,50,0,4,54,12,0,60,50,54,62,72,122
1,0,8,43,1,4,56,11,0,61,51,55,62,72,124
1,0,0,47,1,3,59,10,0,63,47,50,57,73,121
1,0,11,36,1,4,57,14,0,62,47,51,61,76,124
3,0,7,39,1,4,55,15,0,62,46,50,61,77,124
1,0,7,44,0,4,51,15,0,56,51,55,66,71,122
1,0,6,48,1,3,50,11,0,54,54,57,65,65,120
1,0,9,44,1,1,52,13,0,54,53,54,66,67,121
0,0,10,41,1,3,52,14,0,55,51,54,65,69,121
3,0,7,45,0,2,48,15,0,53,52,54,67,68,120
2,0,9,38,0,3,58,10,0,63,47,50,57,73,120
3,0,6,50,1,3,47,12,0,53,56,59,68,65,122
0,0,0,48,0,5,55,16,0,60,48,53,64,76,124
0,0,8,39,1,3,55,16,0,58,47,50,63,74,122
1,0,9,41,0,5,51,17,0,57,50,55,67,74,124
2,0,8,43,1,4,49,14,0,55,51,55,65,69,121
1,0,10,42,1,2,48,18,0,51,52,54,70,69,122
0,0,8,44,0,4,54,13,0,58,52,56,65,71,123
1,0,9,46,0,3,47,15,0,51,55,58,70,66,121
1,0,8,48,0,4,48,12,0,53,56,60,68,65,121
1,0,9,40,1,2,57,11,0,60,49,51,60,71,121
1,0,9,43,1,3,50,15,0,54,52,55,67,69,122
1,0,8,45,1,3,47,19,0,51,53,56,72,70,124
1,0,8,44,1,2,49,17,0,52,52,54,69,69,122
1,0,0,49,1,2,52,17,0,55,49,51,66,72,122
1,0,9,39,0,3,54,15,0,58,48,51,63,73,121
4,0,9,43,1,3,48,15,0,55,52,55,67,70,123
0,0,0,46,1,3,54,18,0,57,46,49,64,75,122
2,0,6,44,1,2,54,12,0,58,50,52,62,70,121
1,0,9,37,0,0,60,14,0,61,46,46,60,75,121
1,0,11,40,0,5,55,11,0,61,51,56,62,72,123
1,0,7,48,1,4,53,11,0,58,55,59,66,69,125
1,0,10,46,1,3,53,9,0,57,56,59,65,66,123
0,0,8,45,0,3,54,12,0,57,53,56,65,69,122
1,0,7,44,0,3,51,16,0,55,51,54,67,71,122
1,0,12,45,0,2,51,10,0,54,57,59,67,64,121
1,0,8,37,1,2,57,16,0,60,45,47,61,76,122
1,0,7,42,1,3,57,13,0,61,49,52,62,74,124
1,0,10,43,1,4,55,10,0,60,53,57,63,70,124
1,0,8,46,0,5,48,16,0,54,54,59,70,70,124
1,0,6,45,1,4,55,13,0,60,51,55,64,73,125
1,0,7,44,0,4,53,12,0,58,51,55,63,70,121
1,0,9,36,1,2,57,16,0,60,45,47,61,76,122
2,0,6,46,0,2,55,10,0,59,52,54,62,69,121
1,0,8,40,0,4,56,14,0,61,48,52,62,75,123
0,0,8,40,1,4,60,11,0,64,48,52,59,75,124
0,0,8,46,1,2,53,12,0,55,54,56,66,67,122
1,0,8,40,1,3,55,14,0,59,48,51,62,73,122
1,0,8,40,1,3,56,14,0,60,48,51,62,74,123
0,0,7,44,1,2,55,13,0,57,51,53,64,70,122
1,0,6,41,1,3,60,10,0,64,47,50,57,74,122
1,0,7,44,1,3,49,18,0,53,51,54,69,71,123
1,0,8,41,1,4,52,15,0,57,49,53,64,72,122
1,0,11,41,0,2,54,12,0,57,52,54,64,69,121
1,0,9,38,0,4,52,19,0,57,47,51,66,76,123
1,0,0,49,0,2,57,11,0,60,49,51,60,71,120
1,0,10,42,0,2,51,14,0,54,52,54,66,68,120
2,0,12,38,1,3,49,16,0,54,50,53,66,70,121
1,0,9,44,1,3,52,11,0,56,53,56,64,67,121
1,0,8,47,0,2,47,17,0,50,55,57,72,67,122
1,0,8,42,0,2,55,13,0,58,50,52,63,71,121
1,0,9,44,0,3,49,15,0,53,53,56,68,68,121
1,0,6,45,0,3,52,15,0,56,51,54,66,71,122
1,0,8,44,1,5,52,11,0,58,52,57,63,69,122
1,0,0,47,0,3,57,12,0,61,47,50,59,73,120
1,0,0,48,1,3,53,17,0,57,48,51,65,74,123
0,0,10,38,0,4,58,13,0,62,48,52,61,75,123
1,0,9,42,0,1,50,18,0,52,51,52,69,70,121
1,0,8,39,1,4,56,14,0,61,47,51,61,75,123
1,0,7,44,1,4,54,12,0,59,51,55,63,71,123
1,0,11,42,1,2,52,14,0,55,53,55,67,69,123
1,0,7,45,1,2,50,17,0,53,52,54,69,70,123
1,0,0,53,0,4,53,12,0,58,53,57,65,70,123
0,0,7,44,0,2,56,13,0,58,51,53,64,71,122
1,0,0,52,1,2,53,13,0,56,52,54,65,69,122
1,0,6,41,0,3,57,13,0,61,47,50,60,74,121
1,0,0,47,1,3,53,19,0,57,47,50,66,76,124
1,0,8,49,1,2,47,13,0,50,57,59,70,63,121
0,0,10,43,1,4,51,13,0,55,53,57,66,68,122
2,0,0,50,0,2,55,11,0,59,50,52,61,70,120
1,0,10,42,0,4,49,14,0,54,52,56,66,68,120
0,0,0,47,0,4,61,11,0,65,47,51,58,76,123
1,0,8,47,0,2,47,16,0,50,55,57,71,66,121
1,0,12,37,1,3,54,14,0,58,49,52,63,72,122
1,0,7,46,1,3,49,15,0,53,53,56,68,68,122
0,0,9,44,0,2,48,17,0,50,53,55,70,67,120
0,0,0,49,1,2,56,13,0,58,49,51,62,71,121
0,0,8,47,1,3,51,13,0,54,55,58,68,67,123
1,0,12,40,1,2,51,14,0,54,52,54,66,68,121
1,0,7,42,1,4,55,13,0,60,49,53,62,73,123
1,0,7,42,1,3,61,8,0,65,49,52,57,73,123
1,0,10,42,0,3,54,10,0,58,52,55,62,68,120
1,0,7,44,0,2,53,15,0,56,51,53,66,71,122
1,0,9,43,1,3,49,16,0,53,52,55,68,69,122
1,0,8,41,0,3,54,13,0,58,49,52,62,71,120
1,0,7,42,0,4,53,16,0,58,49,53,65,74,123
1,0,7,46,1,3,50,15,0,54,53,56,68,69,123
1,0,9,41,1,2,51,18,0,54,50,52,68,72,123
1,0,10,40,0,2,54,13,0,57,50,52,63,70,120
0,0,9,43,1,5,52,13,0,57,52,57,65,70,123
1,0,7,39,1,3,58,14,0,62,46,49,60,76,123
1,0,7,44,0,2,50,17,0,53,51,53,68,70,121
1,0,8,41,1,3,57,12,0,61,49,52,61,73,123
1,0,7,44,1,4,56,12,0,61,51,55,63,73,125
1,0,7,44,0,2,53,14,0,56,51,53,65,70,121
2,0,9,43,1,2,52,13,0,56,52,54,65,69,122
1,0,9,41,1,3,55,13,0,59,50,53,63,72,123
1,0,10,43,1,2,52,13,0,55,53,55,66,68,122
1,0,8,50,0,6,44,13,0,51,58,64,71,64,122
0,0,0,49,0,2,55,15,0,57,49,51,64,72,121
1,0,0,50,0,5,54,13,0,60,50,55,63,73,123
1,0,7,45,0,4,50,13,0,55,52,56,65,68,120
0,0,7,46,1,4,56,10,0,60,53,57,63,70,124
1,0,8,41,0,2,56,13,0,59,49,51,62,72,121
0,0,9,38,1,3,56,15,0,59,47,50,62,74,122
1,0,8,40,0,2,60,9,0,63,48,50,57,72,120
1,0,9,40,1,3,52,18,0,56,49,52,67,74,124
1,0,10,45,0,3,49,12,0,53,55,58,67,65,120
1,0,8,45,0,3,49,17,0,53,53,56,70,70,123
1,0,9,41,1,3,52,15,0,56,50,53,65,71,122
1,0,0,45,1,4,53,17,0,58,45,49,62,75,121
1,0,11,42,0,4,50,15,0,55,53,57,68,70,123
1,0,7,47,1,4,51,14,0,56,54,58,68,70,125
2,0,10,43,1,2,51,12,0,55,53,55,65,67,121
0,0,9,42,0,5,55,12,0,60,51,56,63,72,123
1,0,8,41,1,4,56,13,0,61,49,53,62,74,124
3,0,6,41,0,3,57,10,0,63,47,50,57,73,120
1,0,7,44,1,5,48,20,0,54,51,56,71,74,126
1,0,9,39,0,3,54,17,0,58,48,51,65,75,123
1,0,6,48,1,4,50,14,0,55,54,58,68,69,124
0,0,7,40,0,2,58,14,0,60,47,49,61,74,121
0,0,9,44,1,2,52,13,0,54,53,55,66,67,121
1,0,6,47,0,3,52,11,0,56,53,56,64,67,120
1,0,0,50,0,3,52,14,0,56,50,53,64,70,120
1,0,0,48,0,3,52,18,0,56,48,51,66,74,122
1,0,7,45,0,4,52,15,0,57,52,56,67,72,124
0,0,8,43,0,0,54,15,0,54,51,51,66,69,120
3,0,13,35,1,3,55,12,0,61,48,51,60,73,122
1,0,9,40,1,4,52,18,0,57,49,53,67,75,125
0,0,8,45,1,3,50,15,0,53,53,56,68,68,122
1,0,6,40,0,2,60,11,0,63,46,48,57,74,120
1,0,6,42,1,3,53,16,0,57,48,51,64,73,122
1,0,8,44,0,5,49,17,0,55,52,57,69,72,124
1,0,6,46,1,5,54,12,0,60,52,57,64,72,125
2,0,9,42,0,2,51,15,0,55,51,53,66,70,121
1,0,8,44,1,4,54,12,0,59,52,56,64,71,124
1,0,8,45,0,3,53,12,0,57,53,56,65,69,122
1,0,0,49,1,3,55,12,0,59,49,52,61,71,121
1,0,11,43,0,3,48,15,0,52,54,57,69,67,121
1,0,0,52,1,0,56,12,0,57,52,52,64,69,122
0,0,8,48,1,4,50,13,0,54,56,60,69,67,124
1,0,0,47,1,3,60,11,0,64,47,50,58,75,123
1,0,12,39,1,3,56,10,0,60,51,54,61,70,122
1,0,0,45,0,1,63,10,0,65,45,46,55,75,120
1,0,7,40,0,3,60,11,0,64,47,50,58,75,122
1,0,8,38,1,4,58,12,0,63,46,50,58,75,122
1,0,7,42,1,2,53,16,0,56,49,51,65,72,122
1,0,9,43,0,2,49,18,0,52,52,54,70,70,122
1,0,8,39,0,4,55,17,0,60,47,51,64,77,124
1,0,0,50,0,3,53,13,0,57,50,53,63,70,120
1,0,0,47,0,2,58,13,0,61,47,49,60,74,121
1,0,14,39,1,2,51,14,0,54,53,55,67,68,122
1,0,8,46,1,3,51,11,0,55,54,57,65,66,121
0,0,8,41,0,3,54,14,0,57,49,52,63,71,120
1,0,8,49,0,3,47,14,0,51,57,60,71,65,122
0,0,8,43,1,2,54,13,0,56,51,53,64,69,121
1,0,6,43,1,4,57,12,0,62,49,53,61,74,124
3,0,10,38,1,3,56,10,0,62,48,51,58,72,121
2,0,7,41,1,3,62,7,0,67,48,51,55,74,123
1,0,7,42,1,3,52,16,0,56,49,52,65,72,122
0,0,10,44,1,4,51,13,0,55,54,58,67,68,123
1,0,9,39,0,2,58,11,0,61,48,50,59,72,120
1,0,8,40,1,3,50,21,0,54,48,51,69,75,124
1,0,6,46,0,2,52,14,0,55,52,54,66,69,121
1,0,7,49,1,5,49,13,0,55,56,61,69,68,125
1,0,9,40,0,3,52,16,0,56,49,52,65,72,121
1,0,6,48,1,4,52,10,0,57,54,58,64,67,122
1,0,7,48,1,4,50,14,0,55,55,59,69,69,125
1,0,8,45,1,4,51,14,0,56,53,57,67,70,124
2,0,8,43,1,4,51,12,0,57,51,55,63,69,121
1,0,0,51,0,3,54,12,0,58,51,54,63,70,121
1,0,8,41,0,4,55,14,0,60,49,53,63,74,123
1,0,7,48,0,2,52,11,0,55,55,57,66,66,121
1,0,9,44,0,2,51,14,0,54,53,55,67,68,121
1,0,9,42,1,4,50,15,0,55,51,55,66,70,122
2,0,0,47,0,1,59,11,0,62,47,48,58,73,120
1,0,9,37,0,4,57,14,0,62,46,50,60,76,122
0,0,6,43,0,4,54,15,0,58,49,53,64,73,122
1,0,7,42,1,3,55,11,0,59,49,52,60,70,120
2,0,0,46,1,2,53,17,0,57,46,48,63,74,121
0,0,13,38,1,3,54,13,0,57,51,54,64,70,122
2,0,10,44,0,3,51,11,0,56,54,57,65,67,121
0,0,0,47,1,4,57,16,0,61,47,51,63,77,125
1,0,6,45,0,4,53,14,0,58,51,55,65,72,123
1,0,7,44,0,3,49,17,0,53,51,54,68,70,121
1,0,9,44,0,3,51,14,0,55,53,56,67,69,122
1,0,12,40,1,4,55,10,0,60,52,56,62,70,123
1,0,9,41,1,2,54,13,0,57,50,52,63,70,121
1,0,8,47,1,3,51,12,0,55,55,58,67,67,123
1,0,10,46,1,4,48,14,0,53,56,60,70,67,124
1,0,8,44,0,4,46,19,0,51,52,56,71,70,122
1,0,8,44,0,5,51,15,0,57,52,57,67,72,124
0,0,7,43,0,3,55,13,0,58,50,53,63,71,121
1,0,0,46,1,2,58,13,0,61,46,48,59,74,121
1,0,7,45,0,5,52,14,0,58,52,57,66,72,124
0,0,6,46,1,4,55,10,0,59,52,56,62,69,122
1,0,7,40,1,3,59,13,0,63,47,50,60,76,124
1,0,8,39,1,3,57,14,0,61,47,50,61,75,123
1,0,10,37,0,4,56,14,0,61,47,51,61,75,122
1,0,10,39,0,3,54,14,0,58,49,52,63,72,121
1,0,9,38,0,4,58,13,0,63,47,51,60,76,123
0,0,10,41,0,2,52,16,0,54,51,53,67,70,121
0,0,8,40,0,4,56,15,0,60,48,52,63,75,123
1,0,10,38,0,2,56,14,0,59,48,50,62,73,121
1,0,9,41,0,4,54,14,0,59,50,54,64,73,123
1,0,9,44,0,2,51,15,0,54,53,55,68,69,122
2,0,7,41,0,3,54,13,0,59,48,51,61,72,120
2,0,7,46,0,3,50,13,0,55,53,56,66,68,121
1,0,6,49,1,2,53,10,0,56,55,57,65,66,122
8,0,9,38,0,2,52,12,0,62,47,49,59,74,121
1,0,7,48,0,4,48,16,0,53,55,59,71,69,124
1,0,0,49,0,2,59,10,0,62,49,51,59,72,121
0,0,10,43,1,4,52,12,0,56,53,57,65,68,122
1,0,0,47,1,2,58,14,0,61,47,49,61,75,123
1,0,0,47,1,4,51,18,0,56,47,51,65,74,122
1,0,7,44,0,3,57,10,0,61,51,54,61,71,122
0,0,7,50,0,4,44,15,0,48,57,61,72,63,120
1,0,0,51,1,3,54,11,0,58,51,54,62,69,121
1,0,7,41,0,5,53,17,0,59,48,53,65,76,124
1,0,7,45,1,3,54,13,0,58,52,55,65,71,124
0,0,10,43,1,3,49,15,0,52,53,56,68,67,121
1,0,7,40,1,3,56,14,0,60,47,50,61,74,122
1,0,8,38,1,4,51,19,0,56,46,50,65,75,122
1,0,8,44,0,2,53,13,0,56,52,54,65,69,121
0,0,9,41,1,4,56,12,0,60,50,54,62,72,123
1,0,12,37,0,4,57,11,0,62,49,53,60,73,122
1,0,7,45,1,2,52,13,0,55,52,54,65,68,121
0,0,0,51,1,2,58,10,0,60,51,53,61,70,122
1,0,8,42,1,3,55,12,0,59,50,53,62,71,122
1,0,10,41,1,4,50,15,0,55,51,55,66,70,122
1,0,9,40,1,2,50,18,0,53,49,51,67,71,121
1,0,7,42,0,3,54,15,0,58,49,52,64,73,122
1,0,10,41,0,4,51,16,0,56,51,55,67,72,123
1,0,11,42,0,4,52,11,0,57,53,57,64,68,121
1,0,0,48,1,4,53,14,0,58,48,52,62,72,121
1,0,8,42,1,3,52,15,0,56,50,53,65,71,122
1,0,7,46,0,3,54,11,0,58,53,56,64,69,122
3,0,0,43,0,2,58,14,0,63,43,45,57,77,120
0,0,8,44,0,2,50,16,0,52,52,54,68,68,120
1,0,7,39,1,1,60,13,0,62,46,47,59,75,122
1,0,0,47,0,5,57,13,0,63,47,52,60,76,123
1,0,10,41,0,2,59,8,0,62,51,53,59,70,121
0,0,7,43,1,5,58,10,0,63,50,55,60,73,124
1,0,8,45,0,2,52,13,0,55,53,55,66,68,121
1,0,9,41,0,4,54,12,0,59,50,54,62,71,121
0,0,0,52,0,3,57,9,0,60,52,55,61,69,121
0,0,0,51,1,5,55,11,0,60,51,56,62,71,123
1,0,0,47,1,4,55,13,0,60,47,51,60,73,121
1,0,9,41,3,3,52,13,0,56,50,53,63,69,122
1,0,8,41,1,2,53,16,0,56,49,51,65,72,122
1,0,8,42,1,5,50,16,0,56,50,55,66,72,123
0,0,0,49,1,4,55,14,0,59,49,53,63,73,123
1,0,8,39,1,3,60,11,0,64,47,50,58,75,123
2,0,9,41,0,2,54,13,0,58,50,52,63,71,121
1,0,8,41,1,4,52,16,0,57,49,53,65,73,123
2,0,13,31,1,2,59,13,0,63,44,46,57,76,121
1,0,7,45,0,2,54,12,0,57,52,54,64,69,121
1,0,0,46,1,3,61,10,0,65,46,49,56,75,122
1,0,8,44,0,2,51,15,0,54,52,54,67,69,121
1,0,10,44,1,4,50,13,0,55,54,58,67,68,123
2,0,8,40,0,4,54,13,0,60,48,52,61,73,121
1,0,7,45,1,2,51,15,0,54,52,54,67,69,122
1,0,6,47,1,3,54,10,0,58,53,56,63,68,122
5,0,9,40,0,4,52,13,0,61,49,53,62,74,123
0,0,6,45,1,3,56,10,0,59,51,54,61,69,121
0,0,6,46,0,4,52,14,0,56,52,56,66,70,122
1,0,7,47,0,3,53,12,0,57,54,57,66,69,123
3,0,9,43,0,5,50,12,0,58,52,57,64,70,122
1,0,8,44,1,2,54,11,0,57,52,54,63,68,121
1,0,14,35,0,2,56,12,0,59,49,51,61,71,120
0,0,10,33,1,4,58,16,0,62,43,47,59,78,122
1,0,8,40,0,5,55,13,0,61,48,53,61,74,122
0,0,8,42,1,4,56,13,0,60,50,54,63,73,124
0,0,9,39,1,2,55,15,0,57,48,50,63,72,121
1,0,7,42,0,2,53,16,0,56,49,51,65,72,121
1,0,8,41,0,5,59,10,0,65,49,54,59,75,124
1,0,7,46,0,4,50,15,0,55,53,57,68,70,123
1,0,8,40,0,4,58,12,0,63,48,52,60,75,123
1,0,9,42,1,3,55,12,0,59,51,54,63,71,123
1,0,8,41,0,4,53,15,0,58,49,53,64,73,122
0,0,6,46,0,4,53,12,0,57,52,56,64,69,121
1,0,7,45,1,5,50,15,0,56,52,57,67,71,124
1,0,9,41,0,3,59,9,0,63,50,53,59,72,122
1,0,8,45,0,4,48,17,0,53,53,57,70,70,123
1,0,7,39,0,3,54,17,0,58,46,49,63,75,121
1,0,8,45,1,2,52,12,0,55,53,55,65,67,121
1,0,7,46,0,3,52,13,0,56,53,56,66,69,122
1,0,7,43,0,4,54,13,0,59,50,54,63,72,122
1,0,9,45,1,3,52,12,0,56,54,57,66,68,123
1,0,9,41,0,4,56,10,0,61,50,54,60,71,121
1,0,10,40,1,3,51,16,0,55,50,53,66,71,122
1,0,7,42,1,3,53,15,0,57,49,52,64,72,122
1,0,12,38,1,2,54,14,0,57,50,52,64,71,122
1,0,8,43,1,3,51,17,0,55,51,54,68,72,124
1,0,11,39,0,3,55,11,0,59,50,53,61,70,120
1,0,7,43,0,4,54,13,0,59,50,54,63,72,122
1,0,10,39,1,4,54,16,0,59,49,53,65,75,125
1,0,10,39,1,1,57,12,0,59,49,50,61,71,121
1,0,9,42,0,4,50,17,0,55,51,55,68,72,123
2,0,7,43,0,2,54,13,0,58,50,52,63,71,121
0,0,7,44,0,4,55,13,0,59,51,55,64,72,123
1,0,7,48,0,2,49,15,0,52,55,57,70,67,122
2,0,8,44,1,4,51,13,0,57,52,56,65,70,123
1,0,10,38,0,2,55,16,0,58,48,50,64,74,122
0,0,0,46,0,4,61,11,0,65,46,50,57,76,122
1,0,8,41,0,3,51,18,0,55,49,52,67,73,122
1,0,9,46,1,3,50,12,0,54,55,58,67,66,122
0,0,10,43,1,3,51,14,0,54,53,56,67,68,122
1,0,9,40,1,5,55,14,0,61,49,54,63,75,125
1,0,9,45,1,3,54,9,0,58,54,57,63,67,122
1,0,8,39,1,2,56,16,0,59,47,49,63,75,123
1,0,8,42,0,3,47,20,0,51,50,53,70,71,121
1,0,10,41,1,2,48,19,0,51,51,53,70,70,122
0,0,8,42,0,2,58,10,0,60,50,52,60,70,120
1,0,0,52,0,3,53,13,0,57,52,55,65,70,122
1,0,11,40,1,4,52,13,0,57,51,55,64,70,122
1,0,9,38,0,2,59,13,0,62,47,49,60,75,122
1,0,9,42,1,2,53,15,0,56,51,53,66,71,123
3,0,7,41,1,3,56,10,0,62,48,51,58,72,121
2,0,6,46,0,4,52,12,0,58,52,56,64,70,122
1,0,9,39,0,2,56,14,0,59,48,50,62,73,121
1,0,0,47,1,3,59,10,0,63,47,50,57,73,121
1,0,8,39,0,3,50,20,0,54,47,50,67,74,121
1,0,7,43,0,3,54,15,0,58,50,53,65,73,123
1,0,7,44,0,4,50,16,0,55,51,55,67,71,122
1,0,8,46,0,5,52,13,0,58,54,59,67,71,125
2,0,7,42,0,3,56,12,0,61,49,52,61,73,122
1,0,6,42,1,3,53,16,0,57,48,51,64,73,122
0,0,10,40,0,3,55,13,0,58,50,53,63,71,121
1,0,10,41,0,2,52,15,0,55,51,53,66,70,121
1,0,8,42,0,2,53,15,0,56,50,52,65,71,121
0,0,6,47,1,3,53,13,0,56,53,56,66,69,123
1,0,12,41,1,3,49,17,0,53,53,56,70,70,124
1,0,7,46,1,3,51,13,0,55,53,56,66,68,122
0,0,8,44,1,2,52,14,0,54,52,54,66,68,121
1,0,8,45,0,4,52,12,0,57,53,57,65,69,122
1,0,8,44,0,3,49,16,0,53,52,55,68,69,121
0,0,7,45,1,2,56,10,0,58,52,54,62,68,121
1,0,0,52,1,3,51,14,0,55,52,55,66,69,122
1,0,0,50,1,2,53,15,0,56,50,52,65,71,122
1,0,8,45,0,2,53,12,0,56,53,55,65,68,121
2,0,9,40,0,4,53,15,0,59,49,53,64,74,123
1,0,0,46,1,2,58,14,0,61,46,48,60,75,122
0,0,11,37,1,3,55,15,0,58,48,51,63,73,122
2,0,8,42,1,5,50,14,0,57,50,55,64,71,122
1,0,7,44,0,4,55,13,0,60,51,55,64,73,124
1,0,6,42,1,1,57,14,0,59,48,49,62,73,122
1,0,10,45,1,4,52,10,0,57,55,59,65,67,123
3,0,9,37,0,3,59,10,0,65,46,49,56,75,121
1,0,7,49,1,6,51,9,0,58,56,62,65,67,124
0,0,8,39,0,2,54,17,0,56,47,49,64,73,120
1,0,7,47,1,2,49,14,0,52,54,56,68,66,121
1,0,8,40,1,4,54,13,0,59,48,52,61,72,121
2,0,0,41,0,4,64,12,0,70,41,45,53,82,123
1,0,6,42,1,3,56,13,0,60,48,51,61,73,122
1,0,8,39,0,2,58,13,0,61,47,49,60,74,121
1,0,0,51,1,3,56,12,0,60,51,54,63,72,124
1,0,10,38,0,3,51,19,0,55,48,51,67,74,122
4,0,7,43,0,4,53,11,0,61,50,54,61,72,122
1,0,9,44,0,2,48,17,0,51,53,55,70,68,121
1,0,0,47,1,4,55,15,0,60,47,51,62,75,123
0,0,12,37,0,4,55,13,0,59,49,53,62,72,121
2,0,9,38,1,3,56,14,0,61,47,50,61,75,123
0,0,8,40,1,4,56,15,0,60,48,52,63,75,124
1,0,8,48,0,3,50,12,0,54,56,59,68,66,122
0,0,8,47,1,3,52,11,0,55,55,58,66,66,122
0,0,9,46,0,0,51,14,0,51,55,55,69,65,120
1,0,8,46,0,4,45,17,0,50,54,58,71,67,121
1,0,8,46,1,3,48,16,0,52,54,57,70,68,123
1,0,9,42,0,5,54,14,0,60,51,56,65,74,125
1,0,7,44,0,3,53,14,0,57,51,54,65,71,122
0,0,8,43,1,5,54,14,0,59,51,56,65,73,125
1,0,8,45,1,3,51,14,0,55,53,56,67,69,123
0,0,8,42,1,3,53,16,0,56,50,53,66,72,123
1,0,7,48,1,4,50,14,0,55,55,59,69,69,125
1,0,9,46,1,3,48,15,0,52,55,58,70,67,123
1,0,10,40,0,4,53,12,0,58,50,54,62,70,120
0,0,7,42,0,1,55,15,0,56,49,50,64,71,120
1,0,7,42,0,4,53,16,0,58,49,53,65,74,123
1,0,9,42,0,2,51,15,0,54,51,53,66,69,120
1,0,7,44,1,2,50,17,0,53,51,53,68,70,122
1,0,0,50,1,2,54,13,0,57,50,52,63,70,121
2,0,8,43,1,2,50,15,0,54,51,53,66,69,121
1,0,8,47,1,2,51,14,0,54,55,57,69,68,124
1,0,8,49,0,4,47,12,0,52,57,61,69,64,121
0,0,6,45,0,2,56,11,0,58,51,53,62,69,120
0,0,7,46,0,2,50,15,0,52,53,55,68,67,120
0,0,9,42,1,1,54,14,0,55,51,52,65,69,121
1,0,7,48,1,3,49,14,0,53,55,58,69,67,123
1,0,7,47,0,2,53,11,0,56,54,56,65,67,121
0,0,0,49,1,4,59,10,0,63,49,53,59,73,123
0,0,6,46,0,3,53,14,0,56,52,55,66,70,122
2,0,9,40,0,3,52,15,0,57,49,52,64,72,121
1,0,11,43,1,3,50,13,0,54,54,57,67,67,122
0,0,8,40,1,1,56,15,0,57,48,49,63,72,121
2,0,12,40,1,4,53,12,0,59,52,56,64,71,124
0,0,8,43,0,6,55,13,0,61,51,57,64,74,125
1,0,8,47,0,2,47,16,0,50,55,57,71,66,121
1,0,0,48,0,5,59,12,0,65,48,53,60,77,125
1,0,7,48,0,4,51,13,0,56,55,59,68,69,124
1,0,7,44,0,3,52,14,0,56,51,54,65,70,121
1,0,10,41,0,3,51,15,0,55,51,54,66,70,121
1,0,0,48,0,4,59,12,0,64,48,52,60,76,124
1,0,6,45,0,2,51,17,0,54,51,53,68,71,122
0,0,10,43,0,5,50,16,0,55,53,58,69,71,124
1,0,6,46,0,2,54,11,0,57,52,54,63,68,120
0,0,7,48,0,3,51,13,0,54,55,58,68,67,122
1,0,7,38,0,2,55,18,0,58,45,47,63,76,121
0,0,7,45,0,2,55,12,0,57,52,54,64,69,121
1,0,10,37,0,3,55,15,0,59,47,50,62,74,121
1,0,0,45,0,4,58,12,0,63,45,49,57,75,120
3,0,6,44,0,4,54,12,0,61,50,54,62,73,123
1,0,8,42,1,4,57,12,0,62,50,54,62,74,125
1,0,7,41,1,3,57,12,0,61,48,51,60,73,122
1,0,6,45,0,3,56,10,0,60,51,54,61,70,121
0,0,6,45,1,3,55,12,0,58,51,54,63,70,122
2,0,10,42,0,3,54,11,0,59,52,55,63,70,122
0,0,0,54,1,6,56,9,0,62,54,60,63,71,126
0,0,8,42,0,3,55,12,0,58,50,53,62,70,120
0,0,0,51,0,2,56,11,0,58,51,53,62,69,120
1,0,7,47,0,2,51,13,0,54,54,56,67,67,121
2,0,0,48,1,4,55,14,0,61,48,52,62,75,124
0,0,0,50,1,3,53,15,0,56,50,53,65,71,122
1,0,9,41,0,2,55,13,0,58,50,52,63,71,121
1,0,0,48,1,5,54,16,0,60,48,53,64,76,125
1,0,11,41,0,3,49,16,0,53,52,55,68,69,121
1,0,7,42,1,5,58,12,0,64,49,54,61,76,126
1,0,10,42,1,2,51,15,0,54,52,54,67,69,122
1,0,8,42,0,3,54,12,0,58,50,53,62,70,120
0,0,7,43,0,4,57,12,0,61,50,54,62,73,123
1,0,10,41,0,2,56,12,0,59,51,53,63,71,122
1,0,0,53,1,3,51,15,0,55,53,56,68,70,124
1,0,9,38,1,4,60,10,0,65,47,51,57,75,123
0,0,8,44,1,2,51,15,0,53,52,54,67,68,121
2,0,7,37,1,3,62,11,0,67,44,47,55,78,123
1,0,8,40,1,1,57,13,0,59,48,49,61,72,121
0,0,9,41,0,4,54,15,0,58,50,54,65,73,123
1,0,9,43,0,2,51,16,0,54,52,54,68,70,122
1,0,10,41,0,2,53,13,0,56,51,53,64,69,120
2,0,13,41,0,4,50,11,0,56,54,58,65,67,121
1,0,6,47,0,3,48,16,0,52,53,56,69,68,121
0,0,9,37,1,5,53,19,0,58,46,51,65,77,124
1,0,7,46,1,3,50,14,0,54,53,56,67,68,122
1,0,13,32,0,4,60,12,0,65,45,49,57,77,122
1,0,10,42,2,3,53,11,0,57,52,55,63,68,122
1,0,7,44,1,4,52,14,0,57,51,55,65,71,123
1,0,8,44,1,3,49,17,0,53,52,55,69,70,123
2,0,10,46,1,2,51,10,0,55,56,58,66,65,122
0,0,0,48,0,5,53,17,0,58,48,53,65,75,123
1,0,7,50,1,3,48,11,0,52,57,60,68,63,121
2,0,7,40,0,3,58,12,0,63,47,50,59,75,122
3,0,8,43,1,3,52,12,0,58,51,54,63,70,122
1,0,6,44,0,3,55,12,0,59,50,53,62,71,121
1,0,7,42,1,2,53,16,0,56,49,51,65,72,122
1,0,7,41,0,3,57,12,0,61,48,51,60,73,121
1,0,10,41,1,4,50,16,0,55,51,55,67,71,123
1,0,7,43,0,3,53,15,0,57,50,53,65,72,122
5,0,7,43,0,2,56,8,0,63,50,52,58,71,121
1,0,9,44,0,2,52,14,0,55,53,55,67,69,122
1,0,10,44,0,3,55,10,0,59,54,57,64,69,123
0,0,10,44,0,5,54,11,0,59,54,59,65,70,124
1,0,8,41,1,4,54,12,0,59,49,53,61,71,121
1,0,7,45,1,2,54,11,0,57,52,54,63,68,121
1,0,12,40,2,4,50,13,0,55,52,56,65,68,122
2,0,6,42,0,5,56,11,0,63,48,53,59,74,122
1,0,11,43,0,3,51,12,0,55,54,57,66,67,121
1,0,7,43,0,3,51,18,0,55,50,53,68,73,123
0,0,7,45,1,5,54,12,0,59,52,57,64,71,124
1,0,0,49,1,5,52,17,0,58,49,54,66,75,125
1,0,9,42,1,3,55,11,0,59,51,54,62,70,122
1,0,14,33,0,3,54,16,0,58,47,50,63,74,121
1,0,10,39,1,3,56,12,0,60,49,52,61,72,122
1,0,11,39,1,3,55,12,0,59,50,53,62,71,122
0,0,8,41,0,2,53,16,0,55,49,51,65,71,120
1,0,15,34,1,2,55,13,0,58,49,51,62,71,121
1,0,0,47,1,4,59,9,0,64,47,51,56,73,121
1,0,8,42,0,1,56,12,0,58,50,51,62,70,120
1,0,7,46,1,2,54,11,0,57,53,55,64,68,122
1,0,9,43,1,4,53,11,0,58,52,56,63,69,122
1,0,9,39,0,3,54,16,0,58,48,51,64,74,122
1,0,7,42,1,2,55,14,0,58,49,51,63,72,122
3,0,8,42,0,3,53,11,0,59,50,53,61,70,120
0,0,9,43,0,2,55,11,0,57,52,54,63,68,120
0,0,6,45,0,2,55,13,0,57,51,53,64,70,121
1,0,8,40,0,5,52,15,0,58,48,53,63,73,121
1,0,13,37,0,3,53,15,0,57,50,53,65,72,122
3,0,0,45,0,5,59,11,0,67,45,50,56,78,123
1,0,9,42,1,3,53,13,0,57,51,54,64,70,122
2,0,10,37,1,3,57,13,0,62,47,50,60,75,123
1,0,11,40,0,2,54,13,0,57,51,53,64,70,121
1,0,7,47,1,3,52,11,0,56,54,57,65,67,122
1,0,6,45,1,3,53,14,0,57,51,54,65,71,123
1,0,9,41,1,2,52,17,0,55,50,52,67,72,123
1,0,10,40,0,4,53,14,0,58,50,54,64,72,122
1,0,7,43,1,3,57,10,0,61,50,53,60,71,122
1,0,11,43,1,4,51,13,0,56,54,58,67,69,124
1,0,10,39,0,2,53,16,0,56,49,51,65,72,121
1,0,11,36,0,4,55,16,0,60,47,51,63,76,123
1,0,8,48,1,3,48,14,0,52,56,59,70,66,123
0,0,8,41,0,2,58,12,0,60,49,51,61,72,121
1,0,9,41,0,5,56,11,0,62,50,55,61,73,123
1,0,8,40,1,2,54,14,0,57,48,50,62,71,120
0,0,10,39,0,3,57,13,0,60,49,52,62,73,122
1,0,9,45,1,3,50,12,0,54,54,57,66,66,121
1,0,13,34,1,2,52,18,0,55,47,49,65,73,121
1,0,7,47,0,2,51,12,0,54,54,56,66,66,120
1,0,8,43,1,4,50,17,0,55,51,55,68,72,124
0,0,7,46,1,2,53,11,0,55,53,55,64,66,120
1,0,8,42,0,3,59,10,0,63,50,53,60,73,123
3,0,9,40,0,6,56,11,0,65,49,55,60,76,125
1,0,7,44,1,3,52,14,0,56,51,54,65,70,122
1,0,8,44,1,2,55,11,0,58,52,54,63,69,122
1,0,11,36,0,4,58,13,0,63,47,51,60,76,123
1,0,0,49,0,4,59,11,0,64,49,53,60,75,124
0,0,9,38,1,4,59,13,0,63,47,51,60,76,124
0,0,0,48,1,4,56,15,0,60,48,52,63,75,124
0,0,7,50,1,2,50,12,0,52,57,59,69,64,122
0,0,8,47,1,3,51,13,0,54,55,58,68,67,123
5,0,7,40,1,3,58,9,0,66,47,50,56,75,123
1,0,9,40,0,3,50,18,0,54,49,52,67,72,121
1,0,9,45,0,3,46,18,0,50,54,57,72,68,122
1,0,7,40,1,3,58,13,0,62,47,50,60,75,123
0,0,0,43,1,3,61,14,0,64,43,46,57,78,122
0,0,7,43,1,2,55,13,0,57,50,52,63,70,121
1,0,0,47,1,2,56,15,0,59,47,49,62,74,122
1,0,7,41,1,3,56,12,0,60,48,51,60,72,121
1,0,9,41,0,3,54,13,0,58,50,53,63,71,121
1,0,7,39,0,2,56,15,0,59,46,48,61,74,120
1,0,7,41,1,3,58,13,0,62,48,51,61,75,124
0,0,8,40,0,3,53,18,0,56,48,51,66,74,122
1,0,9,41,0,5,56,12,0,62,50,55,62,74,124
0,0,0,50,0,5,61,8,0,66,50,55,58,74,124
1,0,7,45,0,2,52,13,0,55,52,54,65,68,120
1,0,6,40,1,2,57,15,0,60,46,48,61,75,122
0,0,7,48,0,4,50,13,0,54,55,59,68,67,122
2,0,0,43,1,4,58,15,0,64,43,47,58,79,123
2,0,7,39,0,3,52,17,0,57,46,49,63,74,120
2,0,11,43,0,2,52,11,0,56,54,56,65,67,121
2,0,8,41,1,3,54,13,0,59,49,52,62,72,122
1,0,8,44,0,3,47,18,0,51,52,55,70,69,121
1,0,8,42,0,1,54,15,0,56,50,51,65,71,121
1,0,9,44,1,2,51,14,0,54,53,55,67,68,122
1,0,8,45,0,2,55,10,0,58,53,55,63,68,121
2,0,9,38,0,2,54,15,0,58,47,49,62,73,120
1,0,8,43,1,2,50,16,0,53,51,53,67,69,121
1,0,0,49,0,2,51,18,0,54,49,51,67,72,121
1,0,7,48,1,1,46,17,0,48,55,56,72,65,121
0,0,8,44,0,3,52,14,0,55,52,55,66,69,121
0,0,9,38,1,1,56,16,0,57,47,48,63,73,121
1,0,8,40,1,5,57,14,0,63,48,53,62,77,126
1,0,6,44,0,4,56,11,0,61,50,54,61,72,122
1,0,0,44,0,2,60,14,0,63,44,46,58,77,121
1,0,7,45,0,2,50,16,0,53,52,54,68,69,121
1,0,11,41,0,3,52,14,0,56,52,55,66,70,122
1,0,10,38,1,3,55,15,0,59,48,51,63,74,123
1,0,9,40,0,3,54,14,0,58,49,52,63,72,121
1,0,7,44,0,3,54,11,0,58,51,54,62,69,120
1,0,7,47,0,2,53,10,0,56,54,56,64,66,120
0,0,11,45,0,3,50,12,0,53,56,59,68,65,121
0,0,10,37,1,3,56,13,0,59,47,50,60,72,120
1,0,7,49,1,3,51,12,0,55,56,59,68,67,124
1,0,8,41,0,2,55,15,0,58,49,51,64,73,122
1,0,8,45,0,3,48,17,0,52,53,56,70,69,122
1,0,12,40,0,3,49,17,0,53,52,55,69,70,122
0,0,10,39,0,3,52,18,0,55,49,52,67,73,122
1,0,9,44,0,3,53,13,0,57,53,56,66,70,123
0,0,7,39,0,3,61,12,0,64,46,49,58,76,122
1,0,11,44,1,4,48,13,0,53,55,59,68,66,122
1,0,7,47,0,3,50,14,0,54,54,57,68,68,122
1,0,8,43,0,4,53,14,0,58,51,55,65,72,123
1,0,8,47,0,6,51,12,0,58,55,61,67,70,125
2,0,7,42,0,4,55,11,0,61,49,53,60,72,121
1,0,7,42,1,1,56,13,0,58,49,50,62,71,121
1,0,8,41,1,2,52,18,0,55,49,51,67,73,123
1,0,9,44,1,5,52,13,0,58,53,58,66,71,125
1,0,8,44,1,4,49,15,0,54,52,56,67,69,122
1,0,9,44,0,2,52,13,0,55,53,55,66,68,121
1,0,9,41,1,3,53,13,0,57,50,53,63,70,121
0,0,7,43,0,2,52,16,0,54,50,52,66,70,120
1,0,7,46,1,3,52,12,0,56,53,56,65,68,122
1,0,7,45,1,4,51,13,0,56,52,56,65,69,122
1,0,8,40,0,1,55,15,0,57,48,49,63,72,120
0,0,9,42,2,3,50,14,0,53,51,54,65,67,120
1,0,7,40,0,4,57,14,0,62,47,51,61,76,123
0,0,8,41,1,2,54,16,0,56,49,51,65,72,122
2,0,8,37,0,2,62,10,0,66,45,47,55,76,121
1,0,9,40,1,2,58,11,0,61,49,51,60,72,122
1,0,7,43,0,4,53,14,0,58,50,54,64,72,122
1,0,8,40,0,1,57,13,0,59,48,49,61,72,120
0,0,7,45,0,2,54,13,0,56,52,54,65,69,121
1,0,9,39,0,4,57,14,0,62,48,52,62,76,124
3,0,7,39,1,3,54,15,0,60,46,49,61,75,122
1,0,8,37,1,5,62,10,0,68,45,50,55,78,124
1,0,8,42,1,3,54,13,0,58,50,53,63,71,122
1,0,11,35,1,2,55,17,0,58,46,48,63,75,122
1,0,8,42,1,4,57,11,0,62,50,54,61,73,124
1,0,0,46,0,4,58,14,0,63,46,50,60,77,123
0,0,9,43,1,2,51,16,0,53,52,54,68,69,122
1,0,6,45,1,2,52,14,0,55,51,53,65,69,121
0,0,10,46,0,4,47,13,0,51,56,60,69,64,120
0,0,9,38,0,4,55,16,0,59,47,51,63,75,122
0,0,6,48,0,2,51,14,0,53,54,56,68,67,121
1,0,7,44,1,2,51,16,0,54,51,53,67,70,122
1,0,9,39,1,2,58,13,0,61,48,50,61,74,123
1,0,7,46,0,2,52,13,0,55,53,55,66,68,121
1,0,9,42,1,1,53,15,0,55,51,52,66,70,122
1,0,9,41,1,2,57,12,0,60,50,52,62,72,123
1,0,7,47,1,4,49,15,0,54,54,58,69,69,124
1,0,8,39,0,4,60,11,0,65,47,51,58,76,123
0,0,0,47,0,3,62,9,0,65,47,50,56,74,121
1,0,8,44,0,4,50,16,0,55,52,56,68,71,123
1,0,6,45,0,3,52,14,0,56,51,54,65,70,121
1,0,11,43,0,3,48,15,0,52,54,57,69,67,121
1,0,7,48,1,3,50,14,0,54,55,58,69,68,124
1,0,8,44,1,4,52,13,0,57,52,56,65,70,123
1,0,8,41,1,4,53,16,0,58,49,53,65,74,124
1,0,6,45,0,4,55,10,0,60,51,55,61,70,121
2,0,9,38,0,3,53,15,0,58,47,50,62,73,120
2,0,7,41,0,3,58,11,0,63,48,51,59,74,122
1,0,6,43,1,3,54,15,0,58,49,52,64,73,123
0,0,9,39,0,5,57,14,0,62,48,53,62,76,124
1,0,9,44,0,4,48,15,0,53,53,57,68,68,121
0,0,9,39,0,4,59,12,0,63,48,52,60,75,123
1,0,0,49,0,2,54,15,0,57,49,51,64,72,121
1,0,0,49,0,4,55,14,0,60,49,53,63,74,123
0,0,8,41,1,2,56,14,0,58,49,51,63,72,122
1,0,9,43,1,4,50,16,0,55,52,56,68,71,124
1,0,9,42,0,3,54,12,0,58,51,54,63,70,121
1,0,6,42,1,2,57,13,0,60,48,50,61,73,122
1,0,7,40,0,4,56,15,0,61,47,51,62,76,123
1,0,9,44,1,3,52,12,0,56,53,56,65,68,122
1,0,6,47,0,2,52,12,0,55,53,55,65,67,120
1,0,7,45,1,2,53,13,0,56,52,54,65,69,122
0,0,0,47,1,3,55,16,0,58,47,50,63,74,122
1,0,8,42,1,2,55,13,0,58,50,52,63,71,122
1,0,8,42,0,2,57,12,0,60,50,52,62,72,122
1,0,9,45,1,3,46,16,0,50,54,57,70,66,121
0,0,10,41,1,3,52,14,0,55,51,54,65,69,121
0,0,8,44,0,4,55,9,0,59,52,56,61,68,120
1,0,6,43,0,1,58,11,0,60,49,50,60,71,120
1,0,7,44,1,2,55,12,0,58,51,53,63,70,122
1,0,11,39,0,4,54,13,0,59,50,54,63,72,122
2,0,8,42,0,3,53,13,0,58,50,53,63,71,121
0,0,8,42,1,3,55,12,0,58,50,53,62,70,121
1,0,7,43,0,5,53,14,0,59,50,55,64,73,123
1,0,10,48,0,3,48,11,0,52,58,61,69,63,121
1,0,0,47,0,4,58,13,0,63,47,51,60,76,123
1,0,9,39,1,3,57,13,0,61,48,51,61,74,123
1,0,8,37,0,3,64,10,0,68,45,48,55,78,123
0,0,0,51,0,3,55,12,0,58,51,54,63,70,121
1,0,8,52,0,2,43,15,0,46,60,62,75,61,121
2,0,11,34,0,3,56,16,0,61,45,48,61,77,122
0,0,10,42,1,4,54,12,0,58,52,56,64,70,123
1,0,9,45,0,3,51,14,0,55,54,57,68,69,123
1,0,7,43,0,2,54,14,0,57,50,52,64,71,121
1,0,10,42,1,5,55,11,0,61,52,57,63,72,125
1,0,8,43,1,1,56,11,0,58,51,52,62,69,121
2,0,7,47,0,5,53,10,0,60,54,59,64,70,124
1,0,10,42,0,4,53,13,0,58,52,56,65,71,123
1,0,7,47,0,4,53,11,0,58,54,58,65,69,123
1,0,7,45,0,0,51,16,0,52,52,52,68,68,120
1,0,0,45,0,3,58,15,0,62,45,48,60,77,122
0,0,10,40,0,2,56,12,0,58,50,52,62,70,120
1,0,7,37,1,3,61,13,0,65,44,47,57,78,123
1,0,10,39,1,2,58,11,0,61,49,51,60,72,122
1,0,6,43,0,2,60,10,0,63,49,51,59,73,122
1,0,6,44,0,3,54,14,0,58,50,53,64,72,122
1,0,7,44,1,2,52,15,0,55,51,53,66,70,122
1,0,7,48,0,2,52,11,0,55,55,57,66,66,121
1,0,7,45,0,2,52,14,0,55,52,54,66,69,121
2,0,8,47,0,3,49,12,0,54,55,58,67,66,121
1,0,7,45,0,3,51,14,0,55,52,55,66,69,121
1,0,9,46,1,4,45,17,0,50,55,59,72,67,123
1,0,9,44,0,3,54,11,0,58,53,56,64,69,122
1,0,8,47,1,3,48,14,0,52,55,58,69,66,122
1,0,6,44,0,4,55,13,0,60,50,54,63,73,123
1,0,0,49,1,4,51,18,0,56,49,53,67,74,124
1,0,6,46,0,4,53,12,0,58,52,56,64,70,122
1,0,7,46,0,2,53,12,0,56,53,55,65,68,121
1,0,8,47,1,2,48,14,0,51,55,57,69,65,121
1,0,8,45,0,4,50,13,0,55,53,57,66,68,121
1,0,9,41,1,4,52,15,0,57,50,54,65,72,123
1,0,7,46,1,2,52,12,0,55,53,55,65,67,121
1,0,9,40,0,6,54,13,0,61,49,55,62,74,123
1,0,0,48,1,3,52,17,0,56,48,51,65,73,122
1,0,9,45,0,3,53,11,0,57,54,57,65,68,122
1,0,8,44,1,4,51,13,0,56,52,56,65,69,122
1,0,11,43,1,4,51,13,0,56,54,58,67,69,124
0,0,10,44,1,3,52,11,0,55,54,57,65,66,121
1,0,8,46,1,2,50,13,0,53,54,56,67,66,121
1,0,11,39,0,3,54,12,0,58,50,53,62,70,120
1,0,8,41,1,5,52,14,0,58,49,54,63,72,122
1,0,8,40,1,4,57,12,0,62,48,52,60,74,123
1,0,8,43,1,3,51,14,0,55,51,54,65,69,121
2,0,6,42,0,3,57,12,0,62,48,51,60,74,122
1,0,0,48,0,3,58,12,0,62,48,51,60,74,122
2,0,8,46,1,3,53,10,0,58,54,57,64,68,123
0,0,9,44,0,0,55,12,0,55,53,53,65,67,120
1,0,9,44,1,6,54,12,0,61,53,59,65,73,127
1,0,9,40,0,3,56,12,0,60,49,52,61,72,121
1,0,7,45,1,4,55,11,0,60,52,56,63,71,124
1,0,0,49,1,4,54,16,0,59,49,53,65,75,125
1,0,7,43,0,2,53,16,0,56,50,52,66,72,122
0,0,9,43,0,1,52,15,0,53,52,53,67,68,120
1,0,6,43,1,4,55,12,0,60,49,53,61,72,122
2,0,6,46,0,2,51,14,0,55,52,54,66,69,121
1,0,6,45,0,3,55,12,0,59,51,54,63,71,122
3,0,9,40,0,4,54,13,0,61,49,53,62,74,123
1,0,7,43,1,3,53,14,0,57,50,53,64,71,122
0,0,7,44,0,3,53,15,0,56,51,54,66,71,122
0,0,8,41,1,2,51,18,0,53,49,51,67,71,121
1,0,6,43,0,2,52,16,0,55,49,51,65,71,120
1,0,9,40,0,3,54,15,0,58,49,52,64,73,122
1,0,8,39,1,4,57,12,0,62,47,51,59,74,122
1,0,0,48,0,4,57,13,0,62,48,52,61,75,123
1,0,7,44,1,4,54,10,0,59,51,55,61,69,121
1,0,7,40,1,4,56,12,0,61,47,51,59,73,121
1,0,8,41,0,4,53,15,0,58,49,53,64,73,122
1,0,8,37,1,4,55,17,0,60,45,49,62,77,123
1,0,7,43,1,5,57,11,0,63,50,55,61,74,125
1,0,8,42,1,3,54,12,0,58,50,53,62,70,121
1,0,9,46,0,2,45,17,0,48,55,57,72,65,120
0,0,10,36,0,4,57,14,0,61,46,50,60,75,121
1,0,8,40,1,2,57,14,0,60,48,50,62,74,123
1,0,9,39,1,3,52,16,0,56,48,51,64,72,121
1,0,10,42,1,5,52,14,0,58,52,57,66,72,125
0,0,10,43,0,4,46,17,0,50,53,57,70,67,120
1,0,0,51,1,3,54,14,0,58,51,54,65,72,124
1,0,7,39,1,2,56,15,0,59,46,48,61,74,121
1,0,7,44,1,4,47,21,0,52,51,55,72,73,125
0,0,8,45,0,3,51,15,0,54,53,56,68,69,122
1,0,0,50,1,2,54,15,0,57,50,52,65,72,123
1,0,7,41,0,1,55,15,0,57,48,49,63,72,120
0,0,7,43,1,2,56,13,0,58,50,52,63,71,122
2,0,0,45,1,3,55,17,0,60,45,48,62,77,123
1,0,10,43,0,4,50,13,0,55,53,57,66,68,121
1,0,11,36,1,3,53,18,0,57,47,50,65,75,123
1,0,6,42,1,3,54,14,0,58,48,51,62,72,121
1,0,0,52,1,4,55,11,0,60,52,56,63,71,124
1,0,8,41,1,2,53,16,0,56,49,51,65,72,122
2,0,9,40,0,3,54,14,0,59,49,52,63,73,122
1,0,7,43,0,5,55,12,0,61,50,55,62,73,123
1,0,12,39,1,2,56,10,0,59,51,53,61,69,121
4,0,7,43,1,4,53,11,0,61,50,54,61,72,123
1,0,8,38,0,3,61,11,0,65,46,49,57,76,122
1,0,8,44,0,5,51,14,0,57,52,57,66,71,123
1,0,10,38,1,5,55,15,0,61,48,53,63,76,125
1,0,0,50,1,4,56,12,0,61,50,54,62,73,124
1,0,6,50,0,3,53,9,0,57,56,59,65,66,122
2,0,0,46,1,1,60,11,0,63,46,47,57,74,121
1,0,8,42,0,5,58,11,0,64,50,55,61,75,125
1,0,10,46,0,4,49,14,0,54,56,60,70,68,124
1,0,8,44,1,3,54,12,0,58,52,55,64,70,123
1,0,8,46,0,4,54,10,0,59,54,58,64,69,123
0,0,0,47,0,4,54,18,0,58,47,51,65,76,123
1,0,9,40,0,4,52,15,0,57,49,53,64,72,121
1,0,8,44,0,2,54,11,0,57,52,54,63,68,120
1,0,0,45,1,3,59,14,0,63,45,48,59,77,123
1,0,0,49,1,3,59,10,0,63,49,52,59,73,123
1,0,11,39,0,3,51,16,0,55,50,53,66,71,121
1,0,0,46,1,2,63,10,0,66,46,48,56,76,123
1,0,0,49,0,2,56,13,0,59,49,51,62,72,121
1,0,9,41,0,4,52,15,0,57,50,54,65,72,122
1,0,6,42,1,4,55,16,0,60,48,52,64,76,125
1,0,0,48,0,2,55,15,0,58,48,50,63,73,121
1,0,10,36,1,3,59,12,0,63,46,49,58,75,122
0,0,8,46,1,4,49,16,0,53,54,58,70,69,124
1,0,11,37,1,3,52,16,0,56,48,51,64,72,121
1,0,8,41,1,2,53,15,0,56,49,51,64,71,121
0,0,0,50,0,4,57,12,0,61,50,54,62,73,123
1,0,8,43,0,4,54,13,0,59,51,55,64,72,123
2,0,12,42,1,2,51,11,0,55,54,56,65,66,121
1,0,11,39,1,2,54,14,0,57,50,52,64,71,122
1,0,7,41,1,4,56,15,0,61,48,52,63,76,125
1,0,9,43,1,4,51,14,0,56,52,56,66,70,123
1,0,7,45,0,3,52,15,0,56,52,55,67,71,123
0,0,9,40,1,3,50,19,0,53,49,52,68,72,122
1,0,9,39,1,3,56,14,0,60,48,51,62,74,123
2,0,8,42,1,3,54,12,0,59,50,53,62,71,122
0,0,7,43,1,3,57,11,0,60,50,53,61,71,122
1,0,0,48,0,2,57,12,0,60,48,50,60,72,120
1,0,7,47,1,2,52,12,0,55,54,56,66,67,122
1,0,7,43,1,3,53,14,0,57,50,53,64,71,122
2,0,0,49,0,4,52,13,0,58,49,53,62,71,120
1,0,8,44,0,2,53,14,0,56,52,54,66,70,122
1,0,8,42,1,3,54,12,0,58,50,53,62,70,121
1,0,9,36,0,2,56,17,0,59,45,47,62,76,121
1,0,9,45,1,3,51,14,0,55,54,57,68,69,124
0,0,6,46,0,4,55,12,0,59,52,56,64,71,123
1,0,9,40,1,3,56,12,0,60,49,52,61,72,122
1,0,14,41,0,4,52,12,0,57,55,59,67,69,124
1,0,7,48,1,0,52,12,0,53,55,55,67,65,121
3,0,7,46,0,3,49,13,0,55,53,56,66,68,121
1,0,0,46,1,5,52,19,0,58,46,51,65,77,124
1,0,9,40,0,3,51,16,0,55,49,52,65,71,120
1,0,8,41,0,5,57,11,0,63,49,54,60,74,123
1,0,7,43,1,0,58,11,0,59,50,50,61,70,121
0,0,9,39,0,2,56,15,0,58,48,50,63,73,121
1,0,6,44,1,1,56,12,0,58,50,51,62,70,121
0,0,10,39,0,4,48,20,0,52,49,53,69,72,121
1,0,8,47,1,4,49,12,0,54,55,59,67,66,122
1,0,6,45,1,3,54,12,0,58,51,54,63,70,122
1,0,0,46,0,2,57,15,0,60,46,48,61,75,121
1,0,7,43,0,3,48,19,0,52,50,53,69,71,121
0,0,10,40,1,2,54,14,0,56,50,52,64,70,121
0,0,9,43,0,3,51,16,0,54,52,55,68,70,122
1,0,7,42,1,0,56,15,0,57,49,49,64,72,122
1,0,9,42,1,4,51,16,0,56,51,55,67,72,124
1,0,8,40,0,4,55,13,0,60,48,52,61,73,121
1,0,11,44,1,6,48,10,0,55,55,61,65,65,121
0,0,12,36,1,4,50,18,0,54,48,52,66,72,121
1,0,10,40,1,3,50,19,0,54,50,53,69,73,124
0,0,10,41,1,3,55,12,0,58,51,54,63,70,122
1,0,9,43,0,3,52,14,0,56,52,55,66,70,122
0,0,7,45,0,4,50,16,0,54,52,56,68,70,122
1,0,7,46,1,4,46,19,0,51,53,57,72,70,124
1,0,7,48,1,3,50,12,0,54,55,58,67,66,122
1,0,8,42,1,3,53,16,0,57,50,53,66,73,124
1,0,7,44,0,2,54,13,0,57,51,53,64,70,121
1,0,8,43,1,0,53,16,0,54,51,51,67,70,122
1,0,9,41,1,2,56,12,0,59,50,52,62,71,122
1,0,8,43,0,2,56,11,0,59,51,53,62,70,121
0,0,10,42,1,4,54,13,0,58,52,56,65,71,124
1,0,12,39,1,3,50,15,0,54,51,54,66,69,121
0,0,0,47,1,3,58,13,0,61,47,50,60,74,122
1,0,9,42,0,3,54,13,0,58,51,54,64,71,122
0,0,13,40,0,4,53,13,0,57,53,57,66,70,123
2,0,12,36,1,2,56,12,0,60,48,50,60,72,121
1,0,8,44,0,4,55,12,0,60,52,56,64,72,124
1,0,10,45,0,3,49,14,0,53,55,58,69,67,122
1,0,9,40,0,4,53,14,0,58,49,53,63,72,121
1,0,8,42,0,3,55,13,0,59,50,53,63,72,122
0,0,9,45,1,5,51,13,0,56,54,59,67,69,124
1,0,8,41,1,4,54,12,0,59,49,53,61,71,121
1,0,7,43,0,4,56,13,0,61,50,54,63,74,124
2,0,8,41,0,1,52,16,0,55,49,50,65,71,120
1,0,10,36,1,5,56,15,0,62,46,51,61,77,124
0,0,9,38,1,4,59,11,0,63,47,51,58,74,122
0,0,7,48,0,4,51,12,0,55,55,59,67,67,122
2,0,7,41,1,3,57,12,0,62,48,51,60,74,123
0,0,7,43,0,4,55,13,0,59,50,54,63,72,122
1,0,0,47,1,1,54,17,0,56,47,48,64,73,121
1,0,10,41,1,1,54,13,0,56,51,52,64,69,121
1,0,8,43,1,2,51,16,0,54,51,53,67,70,122
1,0,6,45,0,4,53,13,0,58,51,55,64,71,122
1,0,11,42,1,3,51,12,0,55,53,56,65,67,121
1,0,8,37,1,2,58,14,0,61,45,47,59,75,121
1,0,8,42,1,3,55,12,0,59,50,53,62,71,122
1,0,7,46,0,2,53,12,0,56,53,55,65,68,121
1,0,12,40,0,4,50,14,0,55,52,56,66,69,121
1,0,0,52,1,2,51,15,0,54,52,54,67,69,122
1,0,11,40,0,4,52,15,0,57,51,55,66,72,123
1,0,9,42,1,3,56,12,0,60,51,54,63,72,124
1,0,11,38,1,3,53,15,0,57,49,52,64,72,122
2,0,7,45,0,0,54,12,0,56,52,52,64,68,120
1,0,0,51,1,5,53,13,0,59,51,56,64,72,124
0,0,8,46,1,4,52,12,0,56,54,58,66,68,123
1,0,0,48,1,4,55,14,0,60,48,52,62,74,123
2,0,13,39,0,3,52,13,0,57,52,55,65,70,122
1,0,7,40,1,4,54,16,0,59,47,51,63,75,123
1,0,8,43,1,5,50,16,0,56,51,56,67,72,124
1,0,6,45,1,4,51,16,0,56,51,55,67,72,124
1,0,8,41,0,3,52,18,0,56,49,52,67,74,123
1,0,9,39,1,3,55,14,0,59,48,51,62,73,122
1,0,7,44,1,2,54,14,0,57,51,53,65,71,123
1,0,9,41,1,2,53,16,0,56,50,52,66,72,123
1,0,8,47,1,2,49,15,0,52,55,57,70,67,123
1,0,7,39,1,3,57,13,0,61,46,49,59,74,121
0,0,10,41,1,2,53,14,0,55,51,53,65,69,121
1,0,9,42,0,3,54,13,0,58,51,54,64,71,122
1,0,8,41,0,4,52,17,0,57,49,53,66,74,123
1,0,11,43,0,3,51,14,0,55,54,57,68,69,123
1,0,9,40,0,1,54,16,0,56,49,50,65,72,121
1,0,8,39,1,5,55,16,0,61,47,52,63,77,125
1,0,8,38,1,2,57,16,0,60,46,48,62,76,123
1,0,9,37,1,3,61,11,0,65,46,49,57,76,123
2,0,8,41,1,5,51,15,0,58,49,54,64,73,123
1,0,0,45,0,2,54,19,0,57,45,47,64,76,121
1,0,11,44,1,5,47,16,0,53,55,60,71,69,125
0,0,9,41,1,5,52,15,0,57,50,55,65,72,123
1,0,8,44,1,4,52,14,0,57,52,56,66,71,124
1,0,0,48,0,3,54,17,0,58,48,51,65,75,123
0,0,7,43,1,4,52,16,0,56,50,54,66,72,123
2,0,7,40,0,3,57,13,0,62,47,50,60,75,122
1,0,9,43,1,4,52,12,0,57,52,56,64,69,122
0,0,7,44,0,3,54,13,0,57,51,54,64,70,121
0,0,9,40,1,4,54,16,0,58,49,53,65,74,124
0,0,8,45,0,4,52,13,0,56,53,57,66,69,122
1,0,9,43,1,0,52,16,0,53,52,52,68,69,122
1,0,9,41,1,5,52,17,0,58,50,55,67,75,126
2,0,7,47,1,2,52,11,0,56,54,56,65,67,122
1,0,9,44,0,1,56,9,0,58,53,54,62,67,120
2,0,0,51,1,4,53,13,0,59,51,55,64,72,124
1,0,0,47,1,2,52,19,0,55,47,49,66,74,122
1,0,8,40,0,3,55,14,0,59,48,51,62,73,121
1,0,7,38,1,3,61,11,0,65,45,48,56,76,122
1,0,0,49,1,2,58,11,0,61,49,51,60,72,122
1,0,9,47,1,4,50,12,0,55,56,60,68,67,124
0,0,7,47,1,4,56,9,0,60,54,58,63,69,124
1,0,10,36,1,3,54,18,0,58,46,49,64,76,123
1,0,9,44,1,3,51,12,0,55,53,56,65,67,121
0,0,10,41,0,3,53,13,0,56,51,54,64,69,120
0,0,11,37,0,4,54,16,0,58,48,52,64,74,122
1,0,10,36,1,4,55,18,0,60,46,50,64,78,125
2,0,9,43,1,3,54,10,0,59,52,55,62,69,122
1,0,8,40,0,3,55,15,0,59,48,51,63,74,122
1,0,12,40,0,5,50,16,0,56,52,57,68,72,124
1,0,8,43,0,3,55,12,0,59,51,54,63,71,122
0,0,0,45,0,4,53,18,0,57,45,49,63,75,120
1,0,8,42,0,2,54,13,0,57,50,52,63,70,120
1,0,8,47,1,2,50,12,0,53,55,57,67,65,121
0,0,9,47,0,4,50,11,0,54,56,60,67,65,121
1,0,7,41,1,2,55,16,0,58,48,50,64,74,123
1,0,8,40,0,4,58,13,0,63,48,52,61,76,124
0,0,7,44,0,3,52,15,0,55,51,54,66,70,121
1,0,10,39,1,4,54,13,0,59,49,53,62,72,122
1,0,8,39,1,3,53,17,0,57,47,50,64,74,122
1,0,10,41,0,3,52,15,0,56,51,54,66,71,122
1,0,10,41,1,4,51,16,0,56,51,55,67,72,124
3,0,8,36,0,4,57,13,0,64,44,48,57,77,121
0,0,8,44,1,5,53,12,0,58,52,57,64,70,123
1,0,7,40,1,4,56,13,0,61,47,51,60,74,122
1,0,10,41,1,4,53,14,0,58,51,55,65,72,124
1,0,9,43,0,3,51,15,0,55,52,55,67,70,122
1,0,8,47,0,4,52,11,0,57,55,59,66,68,123
0,0,9,47,1,2,48,14,0,50,56,58,70,64,121
1,0,7,44,0,5,54,12,0,60,51,56,63,72,123
1,0,6,42,1,3,57,13,0,61,48,51,61,74,123
1,0,10,40,1,3,51,17,0,55,50,53,67,72,123
2,0,7,42,1,1,57,11,0,60,49,50,60,71,121
1,0,8,42,1,3,53,15,0,57,50,53,65,72,123
0,0,13,33,0,2,60,12,0,62,46,48,58,74,120
0,0,9,43,1,3,50,16,0,53,52,55,68,69,122
2,0,8,40,0,3,56,12,0,61,48,51,60,73,121
1,0,9,44,0,2,51,14,0,54,53,55,67,68,121
0,0,12,38,1,3,50,17,0,53,50,53,67,70,121
0,0,7,42,1,4,58,11,0,62,49,53,60,73,123
1,0,8,41,1,4,53,16,0,58,49,53,65,74,124
1,0,10,41,1,2,48,18,0,51,51,53,69,69,121
2,0,7,41,1,2,50,18,0,54,48,50,66,72,121
1,0,7,46,0,5,54,11,0,60,53,58,64,71,124
2,0,0,47,0,2,56,14,0,60,47,49,61,74,121
2,0,11,35,0,2,55,15,0,59,46,48,61,74,120
1,0,9,43,1,3,53,13,0,57,52,55,65,70,123
1,0,0,54,0,1,57,8,0,59,54,55,62,67,121
0,0,8,45,0,5,52,13,0,57,53,58,66,70,123
1,0,8,47,1,4,49,13,0,54,55,59,68,67,123
1,0,10,36,0,3,55,16,0,59,46,49,62,75,121
1,0,0,48,0,2,57,14,0,60,48,50,62,74,122
1,0,8,43,1,3,54,13,0,58,51,54,64,71,123
1,0,8,38,1,2,58,13,0,61,46,48,59,74,121
1,0,8,42,1,3,53,14,0,57,50,53,64,71,122
1,0,10,45,0,3,49,15,0,53,55,58,70,68,123
1,0,0,46,1,3,58,13,0,62,46,49,59,75,122
1,0,0,46,0,4,56,15,0,61,46,50,61,76,122
0,0,6,45,0,3,51,17,0,54,51,54,68,71,122
1,0,7,42,0,3,57,12,0,61,49,52,61,73,122
1,0,7,45,1,3,53,13,0,57,52,55,65,70,123
1,0,8,40,0,3,56,14,0,60,48,51,62,74,122
1,0,11,42,0,2,54,11,0,57,53,55,64,68,121
0,0,10,43,1,5,53,12,0,58,53,58,65,70,124
1,0,9,39,1,3,54,15,0,58,48,51,63,73,122
2,0,9,42,1,3,52,13,0,57,51,54,64,70,122
1,0,7,42,1,4,53,18,0,58,49,53,67,76,126
1,0,9,39,1,4,58,11,0,63,48,52,59,74,123
1,0,0,47,1,4,60,12,0,65,47,51,59,77,125
1,0,0,51,1,4,54,14,0,59,51,55,65,73,125
0,0,9,43,0,5,49,17,0,54,52,57,69,71,123
1,0,9,41,0,4,52,14,0,57,50,54,64,71,121
1,0,7,44,0,3,52,13,0,56,51,54,64,69,120
1,0,9,40,1,3,55,14,0,59,49,52,63,73,123
1,0,6,48,1,3,50,14,0,54,54,57,68,68,123
1,0,6,47,0,4,48,15,0,53,53,57,68,68,121
1,0,8,44,1,3,53,13,0,57,52,55,65,70,123
1,0,9,42,1,5,54,12,0,60,51,56,63,72,124
1,0,7,43,1,1,55,13,0,57,50,51,63,70,121
1,0,7,45,1,2,50,17,0,53,52,54,69,70,123
1,0,10,40,1,3,53,14,0,57,50,53,64,71,122
1,0,8,41,1,2,53,16,0,56,49,51,65,72,122
1,0,9,40,1,4,53,15,0,58,49,53,64,73,123
1,0,7,43,0,2,55,13,0,58,50,52,63,71,121
2,0,9,40,1,4,54,11,0,60,49,53,60,71,121
1,0,7,44,0,3,51,14,0,55,51,54,65,69,120
0,0,7,44,0,3,58,10,0,61,51,54,61,71,122
1,0,7,45,0,2,53,13,0,56,52,54,65,69,121
1,0,9,42,1,2,54,12,0,57,51,53,63,69,121
1,0,11,37,1,1,57,13,0,59,48,49,61,72,121
1,0,11,42,1,3,53,11,0,57,53,56,64,68,122
1,0,8,45,0,2,55,9,0,58,53,55,62,67,120
1,0,8,43,1,3,55,12,0,59,51,54,63,71,123
1,0,6,40,0,5,54,14,0,60,46,51,60,74,120
2,0,0,47,1,3,55,15,0,60,47,50,62,75,123
1,0,0,45,0,3,60,12,0,64,45,48,57,76,121
1,0,8,41,0,3,56,13,0,60,49,52,62,73,122
1,0,8,44,1,4,55,12,0,60,52,56,64,72,125
1,0,10,46,0,4,48,14,0,53,56,60,70,67,123
1,0,8,41,0,5,56,13,0,62,49,54,62,75,124
1,0,8,42,1,3,55,11,0,59,50,53,61,70,121
0,0,8,42,1,5,57,13,0,62,50,55,63,75,126
0,0,8,47,1,3,52,11,0,55,55,58,66,66,122
1,0,7,50,0,3,50,11,0,54,57,60,68,65,122
0,0,7,38,0,3,57,16,0,60,45,48,61,76,121
1,0,10,45,1,4,51,12,0,56,55,59,67,68,124
1,0,6,42,0,3,60,9,0,64,48,51,57,73,121
1,0,7,42,1,4,57,12,0,62,49,53,61,74,124
1,0,8,41,1,6,55,15,0,62,49,55,64,77,127
0,0,7,44,1,4,56,12,0,60,51,55,63,72,124
0,0,11,40,1,4,47,18,0,51,51,55,69,69,121
2,0,8,41,0,2,54,14,0,58,49,51,63,72,121
1,0,9,42,0,3,51,15,0,55,51,54,66,70,121
1,0,7,44,0,3,50,18,0,54,51,54,69,72,123
0,0,9,37,0,4,51,20,0,55,46,50,66,75,121
1,0,11,41,1,3,52,14,0,56,52,55,66,70,123
1,0,9,37,0,2,58,13,0,61,46,48,59,74,120
1,0,0,45,1,4,59,13,0,64,45,49,58,77,123
1,0,7,47,0,4,53,12,0,58,54,58,66,70,124
2,0,7,45,1,3,53,11,0,58,52,55,63,69,122
1,0,10,49,1,0,48,13,0,49,59,59,72,62,122
2,0,10,37,0,4,56,13,0,62,47,51,60,75,122
1,0,12,36,1,4,58,11,0,63,48,52,59,74,123
1,0,6,47,0,3,46,20,0,50,53,56,73,70,123
0,0,0,47,1,5,59,12,0,64,47,52,59,76,124
2,0,8,43,0,2,51,14,0,55,51,53,65,69,120
1,0,0,50,0,3,59,8,0,63,50,53,58,71,121
2,0,0,48,1,4,49,19,0,55,48,52,67,74,123
1,0,9,42,1,4,52,15,0,57,51,55,66,72,124
0,0,9,41,1,3,51,17,0,54,50,53,67,71,122
2,0,7,44,0,1,55,11,0,58,51,52,62,69,120
1,0,8,47,0,3,51,12,0,55,55,58,67,67,122
1,0,9,42,1,2,46,21,0,49,51,53,72,70,122
1,0,9,40,0,3,57,10,0,61,49,52,59,71,120
1,0,8,40,0,3,56,14,0,60,48,51,62,74,122
2,0,8,46,0,3,51,12,0,56,54,57,66,68,122
0,0,8,45,1,2,51,14,0,53,53,55,67,67,121
0,0,11,43,1,2,53,11,0,55,54,56,65,66,121
0,0,9,40,1,3,51,17,0,54,49,52,66,71,121
2,0,8,40,0,2,55,13,0,59,48,50,61,72,120
1,0,12,38,1,5,55,10,0,61,50,55,60,71,122
1,0,0,50,1,4,54,14,0,59,50,54,64,73,124
1,0,8,45,1,2,53,13,0,56,53,55,66,69,123
2,0,9,39,1,4,57,11,0,63,48,52,59,74,123
0,0,7,45,0,4,58,8,0,62,52,56,60,70,122
1,0,9,41,1,1,51,17,0,53,50,51,67,70,121
1,0,10,42,1,5,53,13,0,59,52,57,65,72,125
1,0,9,44,0,3,54,13,0,58,53,56,66,71,124
1,0,0,49,0,3,52,16,0,56,49,52,65,72,121
1,0,8,45,0,1,51,14,0,53,53,54,67,67,120
1,0,9,40,0,2,54,15,0,57,49,51,64,72,121
1,0,10,41,1,4,53,14,0,58,51,55,65,72,124
1,0,0,47,1,3,58,12,0,62,47,50,59,74,122
3,0,9,43,0,4,53,11,0,60,52,56,63,71,123
1,0,9,41,1,4,49,17,0,54,50,54,67,71,122
1,0,9,44,0,2,51,14,0,54,53,55,67,68,121
1,0,7,44,1,5,55,12,0,61,51,56,63,73,125
1,0,7,43,1,6,56,13,0,63,50,56,63,76,127
4,0,7,47,0,4,48,10,0,56,54,58,64,66,120
1,0,8,43,0,5,51,15,0,57,51,56,66,72,123
1,0,9,43,0,4,53,12,0,58,52,56,64,70,122
1,0,7,43,1,3,50,18,0,54,50,53,68,72,123
1,0,0,45,0,3,59,14,0,63,45,48,59,77,122
2,0,10,44,1,1,51,12,0,54,54,55,66,66,121
1,0,7,41,1,5,55,14,0,61,48,53,62,75,124
1,0,9,41,0,2,53,15,0,56,50,52,65,71,121
0,0,0,48,1,2,54,16,0,56,48,50,64,72,121
0,0,8,42,1,3,57,13,0,60,50,53,63,73,124
0,0,10,35,1,3,56,17,0,59,45,48,62,76,122
1,0,11,42,1,4,51,12,0,56,53,57,65,68,122
2,0,11,36,1,2,57,12,0,61,47,49,59,73,121
1,0,6,43,1,2,54,14,0,57,49,51,63,71,121
1,0,8,40,0,5,51,18,0,57,48,53,66,75,123
1,0,9,40,1,2,57,12,0,60,49,51,61,72,122
0,0,9,36,0,4,62,10,0,66,45,49,55,76,121
1,0,11,38,2,2,52,16,0,55,49,51,65,71,122
0,0,10,40,0,4,53,15,0,57,50,54,65,72,122
0,0,9,41,1,3,55,14,0,58,50,53,64,72,123
2,0,9,40,1,2,57,10,0,61,49,51,59,71,121
1,0,0,47,1,5,54,17,0,60,47,52,64,77,125
2,0,8,42,1,5,50,16,0,57,50,55,66,73,124
1,0,9,42,0,1,53,14,0,55,51,52,65,69,120
1,0,9,43,0,4,52,13,0,57,52,56,65,70,122
1,0,10,40,1,5,55,14,0,61,50,55,64,75,126
0,0,11,40,0,3,55,13,0,58,51,54,64,71,122
1,0,8,45,0,5,52,13,0,58,53,58,66,71,124
1,0,7,42,1,2,58,10,0,61,49,51,59,71,121
1,0,9,42,1,3,53,14,0,57,51,54,65,71,123
1,0,7,42,0,5,50,19,0,56,49,54,68,75,124
1,0,10,40,1,2,53,13,0,56,50,52,63,69,120
1,0,10,40,0,5,52,14,0,58,50,55,64,72,122
1,0,7,45,0,1,52,14,0,54,52,53,66,68,120
1,0,11,41,1,2,53,11,0,56,52,54,63,67,120
1,0,10,44,0,4,49,13,0,54,54,58,67,67,121
1,0,10,44,1,2,49,15,0,52,54,56,69,67,122
1,0,6,48,0,1,51,13,0,53,54,55,67,66,120
1,0,7,42,1,3,58,12,0,62,49,52,61,74,124
0,0,10,44,0,3,50,14,0,53,54,57,68,67,121
0,0,7,44,1,4,52,13,0,56,51,55,64,69,121
1,0,8,40,0,2,57,13,0,60,48,50,61,73,121
0,0,7,46,1,3,55,11,0,58,53,56,64,69,123
2,0,6,45,0,4,50,16,0,56,51,55,67,72,123
1,0,7,47,0,3,53,11,0,57,54,57,65,68,122
1,0,7,44,0,3,54,13,0,58,51,54,64,71,122
1,0,6,47,1,2,51,13,0,54,53,55,66,67,121
1,0,6,43,1,4,52,15,0,57,49,53,64,72,122
0,0,7,43,1,3,55,14,0,58,50,53,64,72,123
1,0,6,45,1,3,53,14,0,57,51,54,65,71,123
1,0,7,44,0,1,52,15,0,54,51,52,66,69,120
1,0,11,37,1,4,55,15,0,60,48,52,63,75,124
1,0,6,42,0,2,50,19,0,53,48,50,67,72,120
0,0,8,43,0,3,54,13,0,57,51,54,64,70,121
1,0,8,39,0,4,58,12,0,63,47,51,59,75,122
2,0,10,42,1,2,50,14,0,54,52,54,66,68,121
0,0,8,40,1,3,56,13,0,59,48,51,61,72,121
1,0,7,47,1,1,53,11,0,55,54,55,65,66,121
1,0,8,45,0,5,52,14,0,58,53,58,67,72,125
2,0,9,41,1,3,53,13,0,58,50,53,63,71,122
1,0,8,44,0,3,55,11,0,59,52,55,63,70,122
1,0,9,45,0,3,54,10,0,58,54,57,64,68,122
1,0,8,38,0,4,57,16,0,62,46,50,62,78,124
1,0,7,47,0,3,48,15,0,52,54,57,69,67,121
1,0,9,40,1,2,55,15,0,58,49,51,64,73,123
1,0,8,44,0,3,51,15,0,55,52,55,67,70,122
1,0,6,40,0,3,58,14,0,62,46,49,60,76,122
1,0,7,44,1,4,56,11,0,61,51,55,62,72,124
1,0,0,47,0,4,56,12,0,61,47,51,59,73,120
1,0,9,44,0,5,48,18,0,54,53,58,71,72,125
0,0,10,42,1,3,52,15,0,55,52,55,67,70,123
1,0,6,46,0,2,56,11,0,59,52,54,63,70,122
1,0,11,41,0,4,50,17,0,55,52,56,69,72,124
2,0,7,42,1,3,55,11,0,60,49,52,60,71,121
1,0,7,41,1,4,57,13,0,62,48,52,61,75,124
2,0,7,42,0,2,58,10,0,62,49,51,59,72,121
1,0,0,46,1,3,53,19,0,57,46,49,65,76,123
0,0,10,42,1,4,52,16,0,56,52,56,68,72,125
1,0,8,43,0,3,53,14,0,57,51,54,65,71,122
1,0,9,40,1,4,55,13,0,60,49,53,62,73,123
3,0,8,44,1,4,53,11,0,60,52,56,63,71,124
1,0,10,39,0,3,55,14,0,59,49,52,63,73,122
0,0,11,40,1,3,57,11,0,60,51,54,62,71,123
1,0,14,39,1,2,52,13,0,55,53,55,66,68,122
1,0,7,47,1,4,50,12,0,55,54,58,66,67,122
1,0,11,42,0,4,50,16,0,55,53,57,69,71,124
1,0,7,44,1,4,53,14,0,58,51,55,65,72,124
1,0,10,49,1,3,43,15,0,47,59,62,74,62,122
1,0,7,41,0,2,56,13,0,59,48,50,61,72,120
1,0,9,44,0,4,50,15,0,55,53,57,68,70,123
1,0,0,47,1,5,54,14,0,60,47,52,61,74,122
1,0,10,45,0,4,50,12,0,55,55,59,67,67,122
1,0,8,40,0,2,58,12,0,61,48,50,60,73,121
1,0,9,38,0,4,58,14,0,63,47,51,61,77,124
0,0,7,48,1,2,48,15,0,50,55,57,70,65,121
1,0,8,42,1,4,52,15,0,57,50,54,65,72,123
1,0,0,45,1,5,54,15,0,60,45,50,60,75,121
1,0,10,37,1,4,60,11,0,65,47,51,58,76,124
1,0,0,49,0,3,57,11,0,61,49,52,60,72,121
1,0,9,40,0,4,59,10,0,64,49,53,59,74,123
1,0,10,39,0,2,59,9,0,62,49,51,58,71,120
0,0,0,48,1,3,58,11,0,61,48,51,59,72,121
1,0,8,42,0,4,56,12,0,61,50,54,62,73,123
0,0,9,39,1,5,58,12,0,63,48,53,60,75,124
1,0,9,47,1,2,49,12,0,52,56,58,68,64,121
1,0,6,49,0,3,48,13,0,52,55,58,68,65,120
1,0,9,40,0,4,58,11,0,63,49,53,60,74,123
2,0,9,39,0,4,54,14,0,60,48,52,62,74,122
1,0,10,35,1,2,55,18,0,58,45,47,63,76,122
1,0,6,42,1,3,56,14,0,60,48,51,62,74,123
1,0,9,40,0,2,51,18,0,54,49,51,67,72,121
0,0,9,42,1,4,52,15,0,56,51,55,66,71,123
1,0,10,41,1,4,54,12,0,59,51,55,63,71,123
1,0,8,42,0,5,53,12,0,59,50,55,62,71,121
1,0,11,35,0,2,59,13,0,62,46,48,59,75,121
1,0,9,45,0,4,50,12,0,55,54,58,66,67,121
5,0,11,41,0,2,53,9,0,60,52,54,61,69,121
1,0,0,44,0,5,60,13,0,66,44,49,57,79,123
1,0,7,46,1,2,53,12,0,56,53,55,65,68,122
2,0,8,38,1,3,55,16,0,60,46,49,62,76,123
1,0,12,38,1,2,53,14,0,56,50,52,64,70,121
0,0,9,42,0,3,51,17,0,54,51,54,68,71,122
1,0,0,47,1,4,53,18,0,58,47,51,65,76,124
1,0,10,45,0,3,47,15,0,51,55,58,70,66,121
1,0,6,45,1,1,53,16,0,55,51,52,67,71,123
1,0,7,40,0,1,51,20,0,53,47,48,67,73,120
1,0,7,44,0,2,53,13,0,56,51,53,64,69,120
1,0,11,40,0,6,49,17,0,56,51,57,68,73,124
1,0,7,44,0,3,52,13,0,56,51,54,64,69,120
1,0,8,39,0,4,55,16,0,60,47,51,63,76,123
0,0,0,51,1,3,54,13,0,57,51,54,64,70,122
1,0,9,40,1,2,55,14,0,58,49,51,63,72,122
1,0,8,41,0,3,56,12,0,60,49,52,61,72,121
0,0,10,42,1,2,55,12,0,57,52,54,64,69,122
1,0,9,40,0,3,52,15,0,56,49,52,64,71,120
1,0,0,51,0,3,59,9,0,63,51,54,60,72,123
0,0,9,43,0,2,52,14,0,54,52,54,66,68,120
0,0,9,44,1,3,53,12,0,56,53,56,65,68,122
2,0,9,40,1,2,50,17,0,54,49,51,66,71,121
2,0,7,44,1,2,52,13,0,56,51,53,64,69,121
1,0,6,47,0,2,49,16,0,52,53,55,69,68,121
1,0,9,40,1,4,56,12,0,61,49,53,61,73,123
1,0,8,39,1,4,56,14,0,61,47,51,61,75,123
1,0,9,43,0,1,53,13,0,55,52,53,65,68,120
1,0,9,45,0,4,52,12,0,57,54,58,66,69,123
0,0,7,45,0,3,53,13,0,56,52,55,65,69,121
1,0,9,38,0,4,59,11,0,64,47,51,58,75,122
1,0,7,45,1,1,57,10,0,59,52,53,62,69,122
0,0,10,42,0,3,50,17,0,53,52,55,69,70,122
1,0,9,47,1,5,48,13,0,54,56,61,69,67,124
0,0,7,49,0,5,49,10,0,54,56,61,66,64,120
1,0,12,36,0,3,55,13,0,59,48,51,61,72,120
0,0,7,44,0,2,50,17,0,52,51,53,68,69,120
1,0,10,41,0,3,53,13,0,57,51,54,64,70,121
0,0,8,43,0,4,53,14,0,57,51,55,65,71,122
1,0,10,41,0,2,51,17,0,54,51,53,68,71,122
0,0,9,37,1,4,58,13,0,62,46,50,59,75,122
2,0,10,41,0,1,53,13,0,56,51,52,64,69,120
0,0,8,42,0,2,53,15,0,55,50,52,65,70,120
1,0,7,44,1,2,48,19,0,51,51,53,70,70,122
1,0,8,39,0,4,58,13,0,63,47,51,60,76,123
2,0,6,43,1,4,58,10,0,64,49,53,59,74,124
1,0,7,43,1,3,53,13,0,57,50,53,63,70,121
1,0,11,38,1,6,55,12,0,62,49,55,61,74,124
1,0,9,42,0,2,55,12,0,58,51,53,63,70,121
1,0,9,42,0,2,55,12,0,58,51,53,63,70,121
1,0,8,41,0,4,57,12,0,62,49,53,61,74,123
1,0,9,42,1,0,54,15,0,55,51,51,66,70,122
1,0,9,43,1,2,51,15,0,54,52,54,67,69,122
0,0,8,42,1,2,57,11,0,59,50,52,61,70,121
3,0,8,37,1,3,59,11,0,65,45,48,56,76,122
0,0,8,45,0,4,51,15,0,55,53,57,68,70,123
1,0,7,43,1,3,54,11,0,58,50,53,61,69,120
1,0,8,42,1,2,55,12,0,58,50,52,62,70,121
0,0,6,46,1,3,53,13,0,56,52,55,65,69,122
1,0,7,46,0,3,53,11,0,57,53,56,64,68,121
1,0,9,37,1,1,58,14,0,60,46,47,60,74,121
0,0,9,42,1,2,55,13,0,57,51,53,64,70,122
1,0,11,41,0,4,51,15,0,56,52,56,67,71,123
1,0,6,41,0,3,55,15,0,59,47,50,62,74,121
1,0,9,40,0,2,57,12,0,60,49,51,61,72,121
1,0,8,41,1,4,54,15,0,59,49,53,64,74,124
0,0,9,43,1,0,54,14,0,54,52,52,66,68,121
0,0,8,43,1,3,51,17,0,54,51,54,68,71,123
0,0,10,41,0,2,56,11,0,58,51,53,62,69,120
1,0,7,46,0,4,51,13,0,56,53,57,66,69,122
1,0,0,46,0,2,61,10,0,64,46,48,56,74,120
1,0,7,48,1,5,48,16,0,54,55,60,71,70,126
2,0,8,40,0,4,53,14,0,59,48,52,62,73,121
1,0,8,38,0,4,57,15,0,62,46,50,61,77,123
1,0,7,38,0,2,62,10,0,65,45,47,55,75,120
0,0,7,49,0,5,46,16,0,51,56,61,72,67,123
1,0,7,47,1,4,53,11,0,58,54,58,65,69,124
1,0,7,42,0,2,53,17,0,56,49,51,66,73,122
1,0,9,41,0,3,55,12,0,59,50,53,62,71,121
1,0,9,47,1,2,50,12,0,53,56,58,68,65,122
1,0,0,45,0,2,59,14,0,62,45,47,59,76,121
1,0,9,40,1,4,55,13,0,60,49,53,62,73,123
0,0,7,42,0,1,57,13,0,58,49,50,62,71,120
0,0,8,43,1,3,52,13,0,55,51,54,64,68,120
1,0,10,41,0,2,51,16,0,54,51,53,67,70,121
1,0,10,36,1,2,58,13,0,61,46,48,59,74,121
1,0,8,37,1,3,56,15,0,60,45,48,60,75,121
1,0,6,43,1,5,52,13,0,58,49,54,62,71,121
1,0,8,40,0,2,60,10,0,63,48,50,58,73,121
1,0,7,42,1,3,56,12,0,60,49,52,61,72,122
1,0,0,51,0,1,53,15,0,55,51,52,66,70,121
1,0,9,43,0,4,56,10,0,61,52,56,62,71,123
1,0,6,46,0,2,53,12,0,56,52,54,64,68,120
1,0,0,44,0,3,56,18,0,60,44,47,62,78,122
1,0,12,40,1,2,48,18,0,51,52,54,70,69,122
1,0,10,40,1,4,54,14,0,59,50,54,64,73,124
1,0,6,45,1,3,55,11,0,59,51,54,62,70,122
1,0,9,41,1,3,55,11,0,59,50,53,61,70,121
0,0,7,43,1,2,51,17,0,53,50,52,67,70,121
0,0,7,41,1,2,57,14,0,59,48,50,62,73,122
0,0,9,43,0,4,51,15,0,55,52,56,67,70,122
1,0,6,47,0,2,52,14,0,55,53,55,67,69,122
0,0,8,42,0,3,56,13,0,59,50,53,63,72,122
0,0,0,49,0,3,57,11,0,60,49,52,60,71,120
0,0,0,48,1,3,56,13,0,59,48,51,61,72,121
1,0,0,47,1,4,57,13,0,62,47,51,60,75,123
1,0,9,39,0,1,54,16,0,56,48,49,64,72,120
0,0,0,49,0,3,55,15,0,58,49,52,64,73,122
1,0,8,40,1,3,55,15,0,59,48,51,63,74,123
0,0,7,42,0,3,57,13,0,60,49,52,62,73,122
1,0,8,40,1,1,58,12,0,60,48,49,60,72,121
1,0,6,44,0,1,52,16,0,54,50,51,66,70,120
1,0,7,45,1,3,52,14,0,56,52,55,66,70,123
1,0,9,40,0,2,57,13,0,60,49,51,62,73,122
1,0,9,39,0,4,56,13,0,61,48,52,61,74,122
1,0,7,49,0,3,52,10,0,56,56,59,66,66,122
1,0,9,44,1,4,49,15,0,54,53,57,68,69,123
2,0,12,43,0,4,51,11,0,57,55,59,66,68,123
1,0,7,45,1,4,53,13,0,58,52,56,65,71,124
1,0,7,46,1,3,52,11,0,56,53,56,64,67,121
1,0,8,47,0,3,49,12,0,53,55,58,67,65,120
1,0,0,46,0,6,52,15,0,59,46,52,61,74,120
3,0,9,46,0,4,48,10,0,55,55,59,65,65,120
0,0,7,45,1,3,52,14,0,55,52,55,66,69,122
1,0,7,43,1,5,55,14,0,61,50,55,64,75,126
0,0,10,45,0,3,48,15,0,51,55,58,70,66,121
3,0,9,41,1,3,50,15,0,56,50,53,65,71,122
1,0,8,45,1,3,51,14,0,55,53,56,67,69,123
1,0,9,42,1,3,51,16,0,55,51,54,67,71,123
1,0,7,42,0,4,53,13,0,58,49,53,62,71,120
2,0,8,43,0,3,56,9,0,61,51,54,60,70,121
0,0,7,47,0,3,50,13,0,53,54,57,67,66,120
1,0,11,37,1,2,54,14,0,57,48,50,62,71,120
0,0,7,47,1,2,52,12,0,54,54,56,66,66,121
1,0,8,44,1,3,55,12,0,59,52,55,64,71,124
1,0,8,41,1,2,56,14,0,59,49,51,63,73,123
1,0,0,48,0,2,56,15,0,59,48,50,63,74,122
1,0,7,43,0,5,55,14,0,61,50,55,64,75,125
1,0,6,45,1,3,54,11,0,58,51,54,62,69,121
1,0,10,42,1,2,52,13,0,55,52,54,65,68,121
1,0,6,44,0,0,54,16,0,55,50,50,66,71,121
1,0,7,41,1,3,57,12,0,61,48,51,60,73,122
1,0,7,48,1,3,50,12,0,54,55,58,67,66,122
1,0,7,44,0,2,51,16,0,54,51,53,67,70,121
1,0,8,42,1,2,52,15,0,55,50,52,65,70,121
1,0,7,45,0,3,54,11,0,58,52,55,63,69,121
1,0,9,42,0,4,52,15,0,57,51,55,66,72,123
0,0,8,42,1,5,53,14,0,58,50,55,64,72,123
1,0,8,46,0,2,51,13,0,54,54,56,67,67,121
1,0,8,43,0,3,52,15,0,56,51,54,66,71,122
1,0,8,42,0,3,49,18,0,53,50,53,68,71,121
1,0,8,39,1,2,54,18,0,57,47,49,65,75,123
0,0,8,41,0,1,54,16,0,55,49,50,65,71,120
1,0,7,39,1,2,57,14,0,60,46,48,60,74,121
1,0,7,45,1,2,56,11,0,59,52,54,63,70,123
1,0,12,37,0,2,52,16,0,55,49,51,65,71,120
1,0,9,43,0,4,52,13,0,57,52,56,65,70,122
2,0,11,38,1,4,55,12,0,61,49,53,61,73,123
1,0,6,45,0,4,54,12,0,59,51,55,63,71,122
1,0,10,42,1,2,52,14,0,55,52,54,66,69,122
1,0,9,43,0,3,54,12,0,58,52,55,64,70,122
1,0,10,39,0,3,54,15,0,58,49,52,64,73,122
1,0,7,41,0,4,57,14,0,62,48,52,62,76,124
1,0,9,40,1,2,57,11,0,60,49,51,60,71,121
0,0,8,42,0,4,54,14,0,58,50,54,64,72,122
1,0,9,40,0,2,56,13,0,59,49,51,62,72,121
1,0,7,44,1,4,52,15,0,57,51,55,66,72,124
1,0,9,39,0,3,56,13,0,60,48,51,61,73,121
0,0,6,46,0,4,51,16,0,55,52,56,68,71,123
1,0,0,48,1,2,55,14,0,58,48,50,62,72,121
0,0,8,43,0,4,57,10,0,61,51,55,61,71,122
1,0,8,42,0,3,56,13,0,60,50,53,63,73,123
1,0,10,40,0,3,51,16,0,55,50,53,66,71,121
1,0,10,44,0,3,51,14,0,55,54,57,68,69,123
1,0,12,38,0,2,51,17,0,54,50,52,67,71,121
1,0,11,40,0,4,51,15,0,56,51,55,66,71,122
0,0,0,49,1,2,55,15,0,57,49,51,64,72,122
1,0,6,46,1,2,54,11,0,57,52,54,63,68,121
1,0,9,40,0,4,54,14,0,59,49,53,63,73,122
1,0,7,46,1,3,50,15,0,54,53,56,68,69,123
1,0,8,43,1,4,53,14,0,58,51,55,65,72,124
1,0,7,46,0,5,50,15,0,56,53,58,68,71,124
1,0,9,41,1,2,56,12,0,59,50,52,62,71,122
1,0,6,45,0,3,50,15,0,54,51,54,66,69,120
1,0,12,40,0,1,52,15,0,54,52,53,67,69,121
0,0,10,42,0,2,49,17,0,51,52,54,69,68,120
1,0,7,45,1,4,52,13,0,57,52,56,65,70,123
1,0,6,44,1,4,53,15,0,58,50,54,65,73,124
0,0,7,44,0,4,52,15,0,56,51,55,66,71,122
1,0,7,48,1,4,50,14,0,55,55,59,69,69,125
2,0,10,39,1,2,52,15,0,56,49,51,64,71,121
1,0,7,46,0,5,51,13,0,57,53,58,66,70,123
1,0,6,48,0,3,54,10,0,58,54,57,64,68,122
1,0,8,44,1,5,50,16,0,56,52,57,68,72,125
0,0,10,46,1,3,52,9,0,55,56,59,65,64,121
1,0,9,45,1,2,49,16,0,52,54,56,70,68,123
0,0,0,47,1,2,55,16,0,57,47,49,63,73,121
0,0,12,42,1,3,50,13,0,53,54,57,67,66,121
0,0,9,40,0,3,60,10,0,63,49,52,59,73,122
1,0,9,44,1,3,49,16,0,53,53,56,69,69,123
1,0,7,41,1,3,56,14,0,60,48,51,62,74,123
1,0,9,39,1,3,55,15,0,59,48,51,63,74,123
0,0,8,44,1,5,49,14,0,54,52,57,66,68,121
1,0,7,42,1,5,53,15,0,59,49,54,64,74,124
1,0,10,42,0,2,51,15,0,54,52,54,67,69,121
1,0,7,43,0,5,52,14,0,58,50,55,64,72,122
1,0,7,46,1,3,53,12,0,57,53,56,65,69,123
1,0,7,46,1,3,46,16,0,50,53,56,69,66,120
1,0,7,44,0,5,54,13,0,60,51,56,64,73,124
1,0,0,45,0,3,55,16,0,59,45,48,61,75,120
1,0,11,39,0,3,55,14,0,59,50,53,64,73,123
2,0,9,41,1,3,51,16,0,56,50,53,66,72,123
1,0,7,45,1,2,50,16,0,53,52,54,68,69,122
1,0,7,46,0,2,50,15,0,53,53,55,68,68,121
0,0,6,38,0,2,65,9,0,67,44,46,53,76,120
0,0,8,44,1,4,55,12,0,59,52,56,64,71,124
1,0,9,41,1,3,52,14,0,56,50,53,64,70,121
1,0,7,42,0,4,54,16,0,59,49,53,65,75,124
0,0,7,46,1,3,50,16,0,53,53,56,69,69,123
1,0,9,39,1,4,56,14,0,61,48,52,62,75,124
0,0,0,51,1,4,52,15,0,56,51,55,66,71,123
0,0,7,44,1,1,53,15,0,54,51,52,66,69,121
2,0,7,42,1,3,56,11,0,61,49,52,60,72,122
1,0,7,44,1,3,55,12,0,59,51,54,63,71,123
1,0,9,43,1,4,45,22,0,50,52,56,74,72,125
0,0,6,43,1,1,57,13,0,58,49,50,62,71,121
2,0,8,39,1,2,55,14,0,59,47,49,61,73,121
1,0,6,45,0,3,53,13,0,57,51,54,64,70,121
1,0,7,41,0,4,56,15,0,61,48,52,63,76,124
1,0,7,40,0,3,55,16,0,59,47,50,63,75,122
1,0,7,41,0,3,55,14,0,59,48,51,62,73,121
2,0,9,44,1,4,55,9,0,61,53,57,62,70,124
1,0,9,38,0,3,55,15,0,59,47,50,62,74,121
1,0,10,39,0,2,51,18,0,54,49,51,67,72,121
1,0,8,42,0,3,52,16,0,56,50,53,66,72,122
1,0,8,41,1,4,55,14,0,60,49,53,63,74,124
0,0,7,45,1,4,56,11,0,60,52,56,63,71,124
1,0,0,49,0,3,57,13,0,61,49,52,62,74,123
0,0,8,38,0,4,58,14,0,62,46,50,60,76,122
1,0,7,48,0,3,53,9,0,57,55,58,64,66,121
1,0,9,43,0,2,54,12,0,57,52,54,64,69,121
1,0,10,42,0,4,51,16,0,56,52,56,68,72,124
1,0,7,45,1,3,50,15,0,54,52,55,67,69,122
1,0,8,43,0,2,53,13,0,56,51,53,64,69,120
0,0,7,41,0,3,57,13,0,60,48,51,61,73,121
1,0,10,43,0,3,50,15,0,54,53,56,68,69,122
1,0,8,41,1,3,59,10,0,63,49,52,59,73,123
2,0,7,39,1,2,58,12,0,62,46,48,58,74,121
2,0,10,42,1,5,54,11,0,61,52,57,63,72,125
1,0,8,47,1,5,48,15,0,54,55,60,70,69,125
1,0,10,41,1,1,52,16,0,54,51,52,67,70,122
1,0,6,42,0,4,54,13,0,59,48,52,61,72,120
1,0,10,41,1,2,54,13,0,57,51,53,64,70,122
1,0,7,46,1,4,52,14,0,57,53,57,67,71,125
1,0,7,49,0,2,48,14,0,51,56,58,70,65,121
1,0,9,45,0,4,52,11,0,57,54,58,65,68,122
2,0,6,42,0,2,57,12,0,61,48,50,60,73,121
1,0,11,43,1,3,48,15,0,52,54,57,69,67,122
1,0,7,43,0,4,55,14,0,60,50,54,64,74,124
0,0,0,54,1,5,53,12,0,58,54,59,66,70,125
1,0,10,43,0,3,51,14,0,55,53,56,67,69,122
1,0,8,41,1,3,54,16,0,58,49,52,65,74,124
0,0,7,42,0,1,57,13,0,58,49,50,62,71,120
2,0,9,39,0,4,58,11,0,64,48,52,59,75,123
1,0,10,41,1,5,52,16,0,58,51,56,67,74,126
3,0,0,48,0,4,56,11,0,63,48,52,59,74,122
1,0,8,41,1,2,52,17,0,55,49,51,66,72,122
1,0,8,43,1,4,54,10,0,59,51,55,61,69,121
1,0,8,41,1,2,53,15,0,56,49,51,64,71,121
1,0,10,41,1,3,56,12,0,60,51,54,63,72,124
1,0,8,42,1,3,54,14,0,58,50,53,64,72,123
1,0,9,45,1,2,52,13,0,55,54,56,67,68,123
1,0,8,41,1,2,52,17,0,55,49,51,66,72,122
1,0,10,42,1,3,52,14,0,56,52,55,66,70,123
1,0,11,39,1,2,53,15,0,56,50,52,65,71,122
1,0,8,43,1,3,54,12,0,58,51,54,63,70,122
1,0,11,38,0,2,56,14,0,59,49,51,63,73,122
0,0,8,42,0,4,55,14,0,59,50,54,64,73,123
1,0,8,41,0,3,58,10,0,62,49,52,59,72,121
0,0,9,42,1,4,51,14,0,55,51,55,65,69,121
1,0,0,46,0,1,56,16,0,58,46,47,62,74,120
1,0,7,47,0,3,51,13,0,55,54,57,67,68,122
0,0,0,45,0,2,58,16,0,60,45,47,61,76,121
0,0,7,43,0,3,56,13,0,59,50,53,63,72,122
1,0,7,43,0,2,54,13,0,57,50,52,63,70,120
1,0,8,43,0,3,55,11,0,59,51,54,62,70,121
1,0,8,37,0,3,60,12,0,64,45,48,57,76,121
1,0,11,41,1,4,55,10,0,60,52,56,62,70,123
0,0,10,41,1,3,55,13,0,58,51,54,64,71,123
0,0,0,52,1,3,53,14,0,56,52,55,66,70,123
1,0,12,37,1,4,54,16,0,59,49,53,65,75,125
1,0,8,43,1,2,54,13,0,57,51,53,64,70,122
0,0,7,43,0,3,54,13,0,57,50,53,63,70,120
1,0,7,46,0,4,50,13,0,55,53,57,66,68,121
0,0,8,46,0,3,52,12,0,55,54,57,66,67,121
1,0,11,40,1,5,55,11,0,61,51,56,62,72,124
1,0,12,42,1,3,48,14,0,52,54,57,68,66,121
2,0,0,48,0,2,59,10,0,63,48,50,58,73,121
1,0,7,46,1,4,51,15,0,56,53,57,68,71,125
1,0,8,44,0,3,50,15,0,54,52,55,67,69,121
0,0,8,46,1,4,52,13,0,56,54,58,67,69,124
1,0,8,41,0,4,54,13,0,59,49,53,62,72,121
1,0,7,45,0,3,52,14,0,56,52,55,66,70,122
1,0,7,49,1,3,49,13,0,53,56,59,69,66,123
1,0,8,45,1,5,51,15,0,57,53,58,68,72,126
1,0,9,42,1,4,56,12,0,61,51,55,63,73,125
3,0,6,40,0,2,60,10,0,65,46,48,56,75,121
0,0,11,41,1,4,51,14,0,55,52,56,66,69,122
1,0,6,48,0,3,54,11,0,58,54,57,65,69,123
1,0,0,46,0,3,58,13,0,62,46,49,59,75,121
0,0,6,46,0,4,53,14,0,57,52,56,66,71,123
0,0,12,35,1,2,58,13,0,60,47,49,60,73,121
1,0,7,42,1,4,52,17,0,57,49,53,66,74,124
2,0,7,39,1,4,54,15,0,60,46,50,61,75,122
1,0,6,43,0,1,54,15,0,56,49,50,64,71,120
0,0,7,42,1,5,56,12,0,61,49,54,61,73,123
1,0,6,44,0,3,55,13,0,59,50,53,63,72,122
1,0,8,43,0,4,55,12,0,60,51,55,63,72,123
3,0,9,38,0,3,57,11,0,63,47,50,58,74,121
1,0,7,47,1,5,50,13,0,56,54,59,67,69,124
0,0,7,40,0,2,57,14,0,59,47,49,61,73,120
3,0,8,35,0,5,57,15,0,65,43,48,58,80,123
1,0,6,46,1,4,51,15,0,56,52,56,67,71,124
2,0,8,45,0,4,52,11,0,58,53,57,64,69,122
1,0,9,43,1,3,52,12,0,56,52,55,64,68,121
1,0,0,51,1,5,53,14,0,59,51,56,65,73,125
1,0,0,56,1,2,50,12,0,53,56,58,68,65,122
1,0,0,49,1,4,58,11,0,63,49,53,60,74,124
1,0,8,38,0,3,60,12,0,64,46,49,58,76,122
0,0,11,41,1,1,57,9,0,58,52,53,61,67,120
1,0,9,42,0,2,53,14,0,56,51,53,65,70,121
1,0,7,47,1,4,53,10,0,58,54,58,64,68,123
0,0,6,44,1,3,58,11,0,61,50,53,61,72,123
2,0,8,38,1,4,55,14,0,61,46,50,60,75,122
1,0,8,45,1,2,51,13,0,54,53,55,66,67,121
1,0,7,42,0,3,55,12,0,59,49,52,61,71,120
0,0,10,41,0,4,55,13,0,59,51,55,64,72,123
2,0,7,43,0,3,54,13,0,59,50,53,63,72,122
0,0,14,42,1,4,51,12,0,55,56,60,68,67,124
0,0,7,40,0,4,57,14,0,61,47,51,61,75,122
0,0,7,47,0,4,52,11,0,56,54,58,65,67,121
1,0,7,46,0,3,52,12,0,56,53,56,65,68,121
1,0,10,41,1,2,51,14,0,54,51,53,65,68,120
1,0,7,47,0,4,51,13,0,56,54,58,67,69,123
1,0,8,44,0,2,52,15,0,55,52,54,67,70,122
1,0,8,47,1,2,50,13,0,53,55,57,68,66,122
0,0,7,45,1,3,51,16,0,54,52,55,68,70,123
1,0,7,41,0,4,55,12,0,60,48,52,60,72,120
0,0,6,43,0,5,52,14,0,57,49,54,63,71,120
1,0,8,42,1,4,54,15,0,59,50,54,65,74,125
1,0,9,43,1,2,50,16,0,53,52,54,68,69,122
0,0,9,42,0,5,50,14,0,55,51,56,65,69,120
1,0,0,49,0,2,58,12,0,61,49,51,61,73,122
1,0,7,45,0,4,48,16,0,53,52,56,68,69,121
0,0,7,43,0,2,55,13,0,57,50,52,63,70,120
0,0,0,55,1,3,52,10,0,55,55,58,65,65,121
1,0,9,41,0,4,54,14,0,59,50,54,64,73,123
1,0,8,43,0,4,53,13,0,58,51,55,64,71,122
0,0,6,49,1,1,46,18,0,47,55,56,73,65,121
1,0,9,41,1,2,56,12,0,59,50,52,62,71,122
1,0,7,44,0,3,51,14,0,55,51,54,65,69,120
1,0,0,50,1,3,53,14,0,57,50,53,64,71,122
1,0,0,47,0,3,59,12,0,63,47,50,59,75,122
1,0,0,46,0,4,57,15,0,62,46,50,61,77,123
0,0,9,42,0,3,54,13,0,57,51,54,64,70,121
1,0,0,53,0,3,55,11,0,59,53,56,64,70,123
1,0,8,45,1,2,53,12,0,56,53,55,65,68,122
0,0,7,43,0,6,56,13,0,62,50,56,63,75,125
0,0,8,46,1,3,51,13,0,54,54,57,67,67,122
1,0,8,42,0,3,53,13,0,57,50,53,63,70,120
4,0,11,33,1,3,53,17,0,60,44,47,61,77,122
0,0,7,44,0,4,57,11,0,61,51,55,62,72,123
1,0,9,44,0,2,53,12,0,56,53,55,65,68,121
1,0,10,40,1,3,50,17,0,54,50,53,67,71,122
0,0,9,42,0,3,57,11,0,60,51,54,62,71,122
1,0,8,48,1,4,48,12,0,53,56,60,68,65,122
1,0,6,44,1,4,56,13,0,61,50,54,63,74,125
0,0,9,40,0,3,57,13,0,60,49,52,62,73,122
1,0,6,47,0,5,53,9,0,59,53,58,62,68,121
1,0,7,45,0,2,54,12,0,57,52,54,64,69,121
1,0,8,39,1,1,59,13,0,61,47,48,60,74,122
1,0,12,37,1,4,53,14,0,58,49,53,63,72,122
1,0,6,45,0,3,51,15,0,55,51,54,66,70,121
0,0,7,45,1,3,49,17,0,52,52,55,69,69,122
2,0,11,38,1,2,54,13,0,58,49,51,62,71,121
1,0,11,40,1,2,52,15,0,55,51,53,66,70,122
0,0,7,45,0,4,56,11,0,60,52,56,63,71,123
1,0,8,41,0,3,55,14,0,59,49,52,63,73,122
0,0,7,43,0,2,56,12,0,58,50,52,62,70,120
1,0,9,40,1,3,54,13,0,58,49,52,62,71,121
1,0,6,40,0,3,55,18,0,59,46,49,64,77,123
0,0,9,44,1,2,50,15,0,52,53,55,68,67,121
1,0,8,43,1,2,51,16,0,54,51,53,67,70,122
0,0,11,39,0,2,54,14,0,56,50,52,64,70,120
1,0,6,42,0,3,53,16,0,57,48,51,64,73,121
1,0,10,44,0,3,51,11,0,55,54,57,65,66,120
1,0,7,38,0,5,54,15,0,60,45,50,60,75,120
1,0,0,52,0,2,56,9,0,59,52,54,61,68,120
1,0,7,45,1,5,52,13,0,58,52,57,65,71,124
2,0,7,46,1,4,51,10,0,57,53,57,63,67,121
1,0,11,40,1,3,54,13,0,58,51,54,64,71,123
1,0,7,45,1,3,49,18,0,53,52,55,70,71,124
1,0,6,44,1,6,52,16,0,59,50,56,66,75,126
2,0,6,43,1,0,54,15,0,56,49,49,64,71,121
1,0,9,46,1,2,52,11,0,55,55,57,66,66,122
1,0,9,39,0,3,55,13,0,59,48,51,61,72,120
1,0,11,39,1,3,56,10,0,60,50,53,60,70,121
1,0,9,46,1,3,47,16,0,51,55,58,71,67,123
1,0,9,44,1,2,52,12,0,55,53,55,65,67,121
0,0,9,42,0,5,56,10,0,61,51,56,61,71,122
1,0,7,36,1,3,63,11,0,67,43,46,54,78,122
1,0,6,48,0,3,51,11,0,55,54,57,65,66,120
0,0,6,45,0,3,58,10,0,61,51,54,61,71,122
1,0,7,40,1,4,59,12,0,64,47,51,59,76,124
1,0,7,47,1,0,56,9,0,57,54,54,63,66,121
1,0,9,42,1,4,54,12,0,59,51,55,63,71,123
0,0,7,47,0,2,55,10,0,57,54,56,64,67,121
0,0,10,41,0,5,54,12,0,59,51,56,63,71,122
1,0,8,40,1,4,51,19,0,56,48,52,67,75,124
1,0,7,45,1,4,54,12,0,59,52,56,64,71,124
1,0,8,42,0,3,50,16,0,54,50,53,66,70,120
1,0,8,43,0,3,55,11,0,59,51,54,62,70,121
1,0,7,42,0,3,57,13,0,61,49,52,62,74,123
1,0,7,43,1,3,55,12,0,59,50,53,62,71,122
1,0,7,40,0,2,55,16,0,58,47,49,63,74,121
1,0,7,42,0,3,59,10,0,63,49,52,59,73,122
1,0,7,44,0,2,53,15,0,56,51,53,66,71,122
1,0,7,46,0,4,48,16,0,53,53,57,69,69,122
1,0,8,44,0,4,52,12,0,57,52,56,64,69,121
1,0,8,45,0,5,53,11,0,59,53,58,64,70,123
2,0,0,44,0,4,58,12,0,64,44,48,56,76,120
1,0,7,44,0,3,52,15,0,56,51,54,66,71,122
1,0,10,38,1,3,55,14,0,59,48,51,62,73,122
1,0,9,44,1,3,51,15,0,55,53,56,68,70,124
1,0,0,47,1,2,56,15,0,59,47,49,62,74,122
1,0,8,43,1,3,50,16,0,54,51,54,67,70,122
3,0,9,40,1,2,56,11,0,61,49,51,60,72,122
1,0,8,43,0,3,52,15,0,56,51,54,66,71,122
1,0,8,47,1,3,49,13,0,53,55,58,68,66,122
1,0,10,44,0,5,47,17,0,53,54,59,71,70,124
1,0,6,41,0,3,57,14,0,61,47,50,61,75,122
4,0,8,39,1,4,53,14,0,61,47,51,61,75,123
2,0,12,36,1,5,52,16,0,59,48,53,64,75,124
2,0,8,42,0,2,56,11,0,60,50,52,61,71,121
0,0,12,43,0,1,52,12,0,53,55,56,67,65,120
1,0,9,45,1,3,51,12,0,55,54,57,66,67,122
0,0,7,45,0,3,53,14,0,56,52,55,66,70,122
1,0,0,50,0,2,53,15,0,56,50,52,65,71,121
0,0,8,45,0,3,50,14,0,53,53,56,67,67,120
1,0,7,41,0,2,56,13,0,59,48,50,61,72,120
1,0,9,39,1,1,56,14,0,58,48,49,62,72,121
0,0,7,49,0,3,50,13,0,53,56,59,69,66,122
0,0,10,42,1,3,48,19,0,51,52,55,71,70,123
1,0,9,42,1,2,53,13,0,56,51,53,64,69,121
1,0,7,44,0,3,55,12,0,59,51,54,63,71,122
0,0,0,42,0,2,57,20,0,59,42,44,62,79,121
1,0,8,44,0,3,51,13,0,55,52,55,65,68,120
1,0,11,40,1,3,54,12,0,58,51,54,63,70,122
1,0,9,40,1,5,54,16,0,60,49,54,65,76,126
2,0,0,42,1,3,63,12,0,68,42,45,54,80,123
1,0,10,46,0,4,48,14,0,53,56,60,70,67,123
1,0,7,43,0,3,54,14,0,58,50,53,64,72,122
1,0,7,47,1,2,48,15,0,51,54,56,69,66,121
0,0,7,46,1,2,53,12,0,55,53,55,65,67,121
1,0,12,39,1,3,52,15,0,56,51,54,66,71,123
1,0,11,41,0,2,48,17,0,51,52,54,69,68,120
1,0,8,45,0,2,53,12,0,56,53,55,65,68,121
1,0,7,42,1,3,53,16,0,57,49,52,65,73,123
0,0,7,45,1,3,54,12,0,57,52,55,64,69,122
1,0,0,53,0,4,53,12,0,58,53,57,65,70,123
0,0,0,49,0,2,56,13,0,58,49,51,62,71,120
0,0,7,44,0,3,50,16,0,53,51,54,67,69,120
0,0,7,48,1,1,48,16,0,49,55,56,71,65,121
1,0,8,42,1,1,53,15,0,55,50,51,65,70,121
2,0,10,37,0,1,55,15,0,58,47,48,62,73,120
1,0,0,50,0,2,55,13,0,58,50,52,63,71,121
3,0,7,39,1,5,56,13,0,64,46,51,59,77,124
1,0,10,37,0,3,52,19,0,56,47,50,66,75,122
1,0,0,47,0,4,54,14,0,59,47,51,61,73,120
1,0,6,47,1,3,56,9,0,60,53,56,62,69,123
1,0,0,43,0,3,58,16,0,62,43,46,59,78,121
0,0,9,43,1,2,56,10,0,58,52,54,62,68,121
2,0,9,42,1,4,51,15,0,57,51,55,66,72,124
1,0,12,39,0,3,54,12,0,58,51,54,63,70,121
1,0,7,45,1,3,52,14,0,56,52,55,66,70,123
1,0,15,37,0,6,50,11,0,57,52,58,63,68,120
0,0,0,49,1,4,56,14,0,60,49,53,63,74,124
1,0,0,47,0,5,59,13,0,65,47,52,60,78,125
1,0,7,43,1,4,54,13,0,59,50,54,63,72,123
0,0,9,46,0,2,49,15,0,51,55,57,70,66,121
1,0,0,48,1,0,60,11,0,61,48,48,59,72,121
0,0,6,42,1,3,53,17,0,56,48,51,65,73,122
1,0,12,42,0,3,51,12,0,55,54,57,66,67,121
1,0,7,43,1,3,52,15,0,56,50,53,65,71,122
1,0,7,44,0,5,53,12,0,59,51,56,63,71,122
1,0,9,39,0,3,54,17,0,58,48,51,65,75,123
0,0,10,42,1,4,53,13,0,57,52,56,65,70,123
1,0,8,40,1,2,58,11,0,61,48,50,59,72,121
1,0,8,45,1,1,51,14,0,53,53,54,67,67,121
1,0,7,44,0,3,55,13,0,59,51,54,64,72,123
2,0,0,48,0,4,55,14,0,61,48,52,62,75,123
1,0,7,44,0,3,54,13,0,58,51,54,64,71,122
0,0,8,45,0,3,50,15,0,53,53,56,68,68,121
1,0,9,46,0,4,50,13,0,55,55,59,68,68,123
2,0,10,38,1,3,59,10,0,64,48,51,58,74,123
0,0,7,42,0,5,56,13,0,61,49,54,62,74,123
1,0,10,40,0,4,54,13,0,59,50,54,63,72,122
1,0,8,40,1,2,59,10,0,62,48,50,58,72,121
0,0,0,44,0,5,60,15,0,65,44,49,59,80,124
2,0,10,39,0,4,56,12,0,62,49,53,61,74,123
1,0,6,45,0,4,52,14,0,57,51,55,65,71,122
0,0,7,44,0,3,52,16,0,55,51,54,67,71,122
1,0,6,41,1,2,56,16,0,59,47,49,63,75,123
0,0,9,42,1,2,55,12,0,57,51,53,63,69,121
0,0,8,39,1,4,56,15,0,60,47,51,62,75,123
0,0,12,40,1,3,50,16,0,53,52,55,68,69,122
0,0,7,43,0,2,56,13,0,58,50,52,63,71,121
1,0,6,46,1,5,55,10,0,61,52,57,62,71,124
1,0,8,43,0,1,53,15,0,55,51,52,66,70,121
1,0,9,43,1,3,50,14,0,54,52,55,66,68,121
1,0,6,46,1,2,52,14,0,55,52,54,66,69,122
0,0,10,41,0,1,55,13,0,56,51,52,64,69,120
1,0,10,39,1,4,55,13,0,60,49,53,62,73,123
0,0,7,44,1,2,55,12,0,57,51,53,63,69,121
1,0,7,46,1,2,50,14,0,53,53,55,67,67,121
1,0,10,37,1,3,52,19,0,56,47,50,66,75,123
0,0,0,48,1,3,54,15,0,57,48,51,63,72,121
0,0,6,46,0,2,55,12,0,57,52,54,64,69,121
1,0,8,42,0,2,58,10,0,61,50,52,60,71,121
2,0,8,36,0,3,58,14,0,63,44,47,58,77,121
3,0,10,40,1,5,55,11,0,63,50,55,61,74,125
1,0,9,42,1,3,57,11,0,61,51,54,62,72,124
1,0,10,40,0,2,54,13,0,57,50,52,63,70,120
2,0,13,35,1,1,57,12,0,60,48,49,60,72,121
1,0,0,47,0,3,57,15,0,61,47,50,62,76,123
1,0,6,45,0,2,52,14,0,55,51,53,65,69,120
1,0,7,42,0,2,57,12,0,60,49,51,61,72,121
1,0,8,42,1,2,52,16,0,55,50,52,66,71,122
2,0,8,45,0,5,49,15,0,56,53,58,68,71,124
0,0,6,43,1,4,55,15,0,59,49,53,64,74,124
1,0,0,46,0,3,62,10,0,66,46,49,56,76,122
1,0,6,45,0,4,54,14,0,59,51,55,65,73,124
0,0,10,44,0,2,51,14,0,53,54,56,68,67,121
1,0,0,50,1,3,54,15,0,58,50,53,65,73,124
1,0,9,40,0,6,55,14,0,62,49,55,63,76,125
0,0,9,45,0,4,54,10,0,58,54,58,64,68,122
1,0,7,40,0,5,55,15,0,61,47,52,62,76,123
1,0,8,46,0,2,51,14,0,54,54,56,68,68,122
1,0,7,42,0,3,57,13,0,61,49,52,62,74,123
1,0,7,43,1,3,52,15,0,56,50,53,65,71,122
1,0,6,42,1,3,57,12,0,61,48,51,60,73,122
1,0,6,44,1,3,55,13,0,59,50,53,63,72,123
1,0,8,43,1,4,52,15,0,57,51,55,66,72,124
1,0,9,38,1,4,58,14,0,63,47,51,61,77,125
1,0,7,42,0,5,52,16,0,58,49,54,65,74,123
2,0,7,42,1,3,54,13,0,59,49,52,62,72,122
2,0,10,35,1,3,56,15,0,61,45,48,60,76,122
1,0,9,42,1,4,55,13,0,60,51,55,64,73,125
1,0,8,44,1,3,49,16,0,53,52,55,68,69,122
1,0,6,46,1,3,51,16,0,55,52,55,68,71,124
2,0,10,38,1,3,54,13,0,59,48,51,61,72,121
1,0,7,45,0,4,52,14,0,57,52,56,66,71,123
1,0,7,43,1,4,51,18,0,56,50,54,68,74,125
1,0,7,42,0,2,55,15,0,58,49,51,64,73,122
0,0,8,46,1,4,46,17,0,50,54,58,71,67,122
2,0,10,37,0,3,53,16,0,58,47,50,63,74,121
1,0,7,45,0,3,54,10,0,58,52,55,62,68,120
2,0,8,41,0,3,54,14,0,59,49,52,63,73,122
1,0,8,39,0,3,55,15,0,59,47,50,62,74,121
1,0,0,57,0,4,48,14,0,53,57,61,71,67,124
1,0,8,37,0,4,60,11,0,65,45,49,56,76,121
1,0,7,41,0,4,58,12,0,63,48,52,60,75,123
1,0,9,44,0,4,48,16,0,53,53,57,69,69,122
1,0,9,40,1,3,56,13,0,60,49,52,62,73,123
1,0,6,43,1,4,56,12,0,61,49,53,61,73,123
0,0,7,43,0,4,51,17,0,55,50,54,67,72,122
1,0,10,42,0,4,54,12,0,59,52,56,64,71,123
1,0,0,52,0,0,56,11,0,57,52,52,63,68,120
0,0,8,37,1,3,57,15,0,60,45,48,60,75,121
0,0,6,44,0,4,56,12,0,60,50,54,62,72,122
0,0,8,42,1,3,56,11,0,59,50,53,61,70,121
1,0,7,48,0,4,49,14,0,54,55,59,69,68,123
1,0,0,49,0,3,54,14,0,58,49,52,63,72,121
1,0,8,45,0,4,48,18,0,53,53,57,71,71,124
1,0,0,50,0,4,54,13,0,59,50,54,63,72,122
1,0,10,39,0,4,50,17,0,55,49,53,66,72,121
1,0,6,44,0,4,53,15,0,58,50,54,65,73,123
1,0,7,45,1,3,53,14,0,57,52,55,66,71,124
2,0,10,38,1,0,56,14,0,58,48,48,62,72,121
1,0,8,45,0,4,51,13,0,56,53,57,66,69,122
2,0,0,47,1,4,55,14,0,61,47,51,61,75,123
1,0,9,44,0,3,54,10,0,58,53,56,63,68,121
0,0,0,52,0,2,54,12,0,56,52,54,64,68,120
1,0,7,49,1,3,47,16,0,51,56,59,72,67,124
0,0,11,40,0,3,48,19,0,51,51,54,70,70,121
1,0,7,46,0,5,52,12,0,58,53,58,65,70,123
1,0,8,48,1,3,50,12,0,54,56,59,68,66,123
1,0,7,47,1,4,47,16,0,52,54,58,70,68,123
1,0,0,47,0,3,56,13,0,60,47,50,60,73,120
1,0,7,46,0,2,54,12,0,57,53,55,65,69,122
0,0,10,40,1,8,48,14,0,56,50,58,64,70,121
1,0,9,36,0,2,55,18,0,58,45,47,63,76,121
1,0,8,46,1,3,50,13,0,54,54,57,67,67,122
3,0,9,39,1,6,54,14,0,63,48,54,62,77,126
0,0,8,42,0,3,51,16,0,54,50,53,66,70,120
6,0,10,42,0,3,51,10,0,60,52,55,62,70,122
1,0,0,47,1,2,59,12,0,62,47,49,59,74,122
1,0,10,41,1,4,53,11,0,58,51,55,62,69,121
1,0,8,41,1,0,58,12,0,59,49,49,61,71,121
2,0,10,39,1,3,52,14,0,57,49,52,63,71,121
1,0,6,43,1,2,58,11,0,61,49,51,60,72,122
1,0,7,41,1,5,55,15,0,61,48,53,63,76,125
1,0,9,37,1,2,57,15,0,60,46,48,61,75,122
0,0,8,44,0,3,53,13,0,56,52,55,65,69,121
1,0,6,43,0,2,52,17,0,55,49,51,66,72,121
1,0,7,45,1,1,52,15,0,54,52,53,67,69,122
0,0,7,46,1,5,52,13,0,57,53,58,66,70,124
0,0,0,48,1,3,60,10,0,63,48,51,58,73,122
2,0,8,40,1,3,57,11,0,62,48,51,59,73,122
1,0,9,44,1,2,52,12,0,55,53,55,65,67,121
0,0,6,40,1,3,58,14,0,61,46,49,60,75,122
1,0,12,38,1,4,50,16,0,55,50,54,66,71,122
1,0,9,41,0,3,54,12,0,58,50,53,62,70,120
0,0,0,49,0,2,55,14,0,57,49,51,63,71,120
1,0,8,40,1,4,54,14,0,59,48,52,62,73,122
0,0,7,44,1,4,51,17,0,55,51,55,68,72,124
1,0,9,43,1,3,52,13,0,56,52,55,65,69,122
1,0,8,42,2,4,54,13,0,59,50,54,63,72,124
1,0,0,50,0,4,55,12,0,60,50,54,62,72,122
1,0,9,43,0,2,56,9,0,59,52,54,61,68,120
1,0,8,44,1,4,50,16,0,55,52,56,68,71,124
0,0,7,46,1,4,52,13,0,56,53,57,66,69,123
1,0,8,44,1,2,49,17,0,52,52,54,69,69,122
2,0,9,39,1,2,51,17,0,55,48,50,65,72,121
1,0,10,37,1,3,59,13,0,63,47,50,60,76,124
1,0,8,44,1,3,53,12,0,57,52,55,64,69,122
1,0,10,42,1,2,55,12,0,58,52,54,64,70,123
1,0,10,37,0,5,54,16,0,60,47,52,63,76,123
1,0,8,44,0,4,55,11,0,60,52,56,63,71,123
2,0,8,39,0,3,58,11,0,63,47,50,58,74,121
1,0,7,43,1,4,56,12,0,61,50,54,62,73,124
0,0,9,41,0,0,55,15,0,55,50,50,65,70,120
1,0,7,42,0,4,57,13,0,62,49,53,62,75,124
1,0,7,43,0,3,52,17,0,56,50,53,67,73,123
1,0,7,46,1,1,53,13,0,55,53,54,66,68,122
1,0,12,39,0,3,52,15,0,56,51,54,66,71,122
1,0,8,44,0,4,54,12,0,59,52,56,64,71,123
2,0,10,39,1,3,53,14,0,58,49,52,63,72,122
1,0,7,44,0,2,52,15,0,55,51,53,66,70,121
1,0,10,38,0,3,57,13,0,61,48,51,61,74,122
1,0,0,49,1,3,56,12,0,60,49,52,61,72,122
1,0,7,45,1,3,50,15,0,54,52,55,67,69,122
1,0,9,42,0,4,52,13,0,57,51,55,64,70,121
1,0,8,38,1,2,55,17,0,58,46,48,63,75,122
1,0,8,43,1,3,51,16,0,55,51,54,67,71,123
1,0,7,43,1,2,53,16,0,56,50,52,66,72,123
1,0,7,45,0,4,54,10,0,59,52,56,62,69,121
0,0,9,39,1,3,54,18,0,57,48,51,66,75,124
0,0,6,48,1,4,52,10,0,56,54,58,64,66,121
1,0,10,45,1,5,47,15,0,53,55,60,70,68,124
1,0,9,36,1,2,58,15,0,61,45,47,60,76,122
1,0,7,39,0,2,59,13,0,62,46,48,59,75,121
1,0,9,42,1,4,52,13,0,57,51,55,64,70,122
1,0,10,42,0,3,52,14,0,56,52,55,66,70,122
1,0,7,43,0,4,56,12,0,61,50,54,62,73,123
1,0,9,41,1,3,56,12,0,60,50,53,62,72,123
3,0,10,38,1,4,55,13,0,62,48,52,61,75,124
1,0,0,47,0,4,54,18,0,59,47,51,65,77,124
1,0,7,44,1,1,51,16,0,53,51,52,67,69,121
1,0,10,39,0,1,53,16,0,55,49,50,65,71,120
1,0,9,41,0,3,54,15,0,58,50,53,65,73,123
1,0,9,38,0,4,58,11,0,63,47,51,58,74,121
1,0,0,45,1,4,61,13,0,66,45,49,58,79,125
0,0,8,42,1,5,57,11,0,62,50,55,61,73,124
1,0,7,44,0,5,51,17,0,57,51,56,68,74,125
1,0,10,44,1,2,49,14,0,52,54,56,68,66,121
1,0,14,38,1,4,50,16,0,55,52,56,68,71,124
0,0,9,43,1,2,51,16,0,53,52,54,68,69,122
1,0,9,45,1,2,48,17,0,51,54,56,71,68,123
0,0,10,43,1,4,51,15,0,55,53,57,68,70,124
1,0,7,43,1,3,54,14,0,58,50,53,64,72,123
1,0,0,44,0,3,55,17,0,59,44,47,61,76,120
1,0,10,42,1,2,51,14,0,54,52,54,66,68,121
1,0,9,44,1,2,51,14,0,54,53,55,67,68,122
1,0,0,51,0,2,52,15,0,55,51,53,66,70,121
2,0,0,46,1,5,56,12,0,63,46,51,58,75,122
1,0,8,41,1,2,54,16,0,57,49,51,65,73,123
1,0,8,43,0,2,51,15,0,54,51,53,66,69,120
1,0,7,46,1,3,53,11,0,57,53,56,64,68,122
1,0,12,39,0,2,55,11,0,58,51,53,62,69,120
1,0,7,42,1,3,57,11,0,61,49,52,60,72,122
1,0,0,45,0,3,57,16,0,61,45,48,61,77,122
1,0,10,41,1,3,48,19,0,52,51,54,70,71,123
1,0,8,41,1,3,56,13,0,60,49,52,62,73,123
0,0,0,47,0,4,59,10,0,63,47,51,57,73,120
1,0,7,44,0,1,51,17,0,53,51,52,68,70,121
1,0,9,37,1,3,56,16,0,60,46,49,62,76,123
0,0,7,49,1,3,49,12,0,52,56,59,68,64,121
0,0,7,47,0,1,51,14,0,52,54,55,68,66,120
1,0,6,46,1,3,53,12,0,57,52,55,64,69,122
1,0,6,46,1,2,53,13,0,56,52,54,65,69,122
1,0,11,38,0,1,53,16,0,55,49,50,65,71,120
1,0,7,47,1,4,49,14,0,54,54,58,68,68,123
0,0,8,42,1,2,52,16,0,54,50,52,66,70,121
1,0,12,37,1,2,56,13,0,59,49,51,62,72,122
1,0,8,46,1,2,47,17,0,50,54,56,71,67,122
1,0,0,45,1,4,58,15,0,63,45,49,60,78,124
2,0,6,45,0,2,53,12,0,57,51,53,63,69,120
1,0,0,51,1,3,52,13,0,56,51,54,64,69,121
1,0,8,48,1,3,50,13,0,54,56,59,69,67,124
1,0,6,46,0,4,54,13,0,59,52,56,65,72,124
0,0,7,44,1,3,54,13,0,57,51,54,64,70,122
1,0,9,44,0,3,51,12,0,55,53,56,65,67,120
1,0,10,43,0,2,50,15,0,53,53,55,68,68,121
1,0,10,38,1,3,53,16,0,57,48,51,64,73,122
0,0,7,45,1,3,53,12,0,56,52,55,64,68,121
0,0,9,44,1,4,49,17,0,53,53,57,70,70,124
0,0,8,43,1,4,56,10,0,60,51,55,61,70,122
1,0,7,45,1,3,53,12,0,57,52,55,64,69,122
1,0,10,43,0,4,49,15,0,54,53,57,68,69,122
1,0,7,43,0,2,56,13,0,59,50,52,63,72,122
0,0,8,41,0,3,53,17,0,56,49,52,66,73,122
1,0,9,38,1,2,57,13,0,60,47,49,60,73,121
0,0,7,42,1,3,54,15,0,57,49,52,64,72,122
1,0,8,44,1,3,51,14,0,55,52,55,66,69,122
1,0,9,46,0,3,51,12,0,55,55,58,67,67,122
1,0,0,48,0,3,57,12,0,61,48,51,60,73,121
1,0,9,37,0,4,57,16,0,62,46,50,62,78,124
1,0,7,44,0,2,51,16,0,54,51,53,67,70,121
1,0,9,40,1,2,55,13,0,58,49,51,62,71,121
1,0,10,38,1,5,55,13,0,61,48,53,61,74,123
1,0,6,46,0,2,54,11,0,57,52,54,63,68,120
1,0,7,42,0,2,59,10,0,62,49,51,59,72,121
1,0,10,47,0,3,44,17,0,48,57,60,74,65,122
1,0,8,44,1,0,52,15,0,53,52,52,67,68,121
1,0,7,40,0,1,53,18,0,55,47,48,65,73,120
1,0,8,44,0,4,53,13,0,58,52,56,65,71,123
1,0,9,40,0,3,56,12,0,60,49,52,61,72,121
1,0,8,44,1,4,54,12,0,59,52,56,64,71,124
0,0,7,44,1,4,53,13,0,57,51,55,64,70,122
1,0,9,43,1,5,52,15,0,58,52,57,67,73,126
1,0,8,44,1,3,53,12,0,57,52,55,64,69,122
1,0,10,40,1,2,55,14,0,58,50,52,64,72,123
1,0,7,45,0,2,48,18,0,51,52,54,70,69,121
1,0,8,46,1,3,51,12,0,55,54,57,66,67,122
1,0,7,48,1,3,49,14,0,53,55,58,69,67,123
1,0,10,42,1,2,53,14,0,56,52,54,66,70,123
1,0,7,43,0,4,58,10,0,63,50,54,60,73,123
2,0,0,48,0,2,53,16,0,57,48,50,64,73,121
1,0,7,42,1,2,54,14,0,57,49,51,63,71,121
1,0,7,43,1,2,54,14,0,57,50,52,64,71,122
1,0,9,39,0,5,56,14,0,62,48,53,62,76,124
1,0,8,39,0,3,53,18,0,57,47,50,65,75,122
1,0,8,43,1,2,51,15,0,54,51,53,66,69,121
1,0,0,46,1,2,61,11,0,64,46,48,57,75,122
0,0,8,42,0,3,54,13,0,57,50,53,63,70,120
1,0,9,41,0,2,56,12,0,59,50,52,62,71,121
0,0,0,49,1,2,58,11,0,60,49,51,60,71,121
1,0,10,39,0,2,54,14,0,57,49,51,63,71,120
1,0,8,41,1,4,52,17,0,57,49,53,66,74,124
1,0,11,41,0,5,55,11,0,61,52,57,63,72,124
2,0,0,46,1,5,57,12,0,64,46,51,58,76,123
1,0,8,41,0,3,56,11,0,60,49,52,60,71,120
0,0,9,41,1,4,53,14,0,57,50,54,64,71,122
2,0,9,38,1,5,55,14,0,62,47,52,61,76,124
2,0,7,43,1,2,54,12,0,58,50,52,62,70,121
1,0,11,40,1,2,54,13,0,57,51,53,64,70,122
1,0,7,43,1,2,54,14,0,57,50,52,64,71,122
1,0,11,44,0,3,48,14,0,52,55,58,69,66,121
1,0,11,39,0,3,49,18,0,53,50,53,68,71,121
2,0,9,39,0,2,56,13,0,60,48,50,61,73,121
1,0,7,42,0,2,54,15,0,57,49,51,64,72,121
1,0,10,43,0,2,51,14,0,54,53,55,67,68,121
0,0,8,36,0,2,58,17,0,60,44,46,61,77,121
1,0,0,50,1,5,55,13,0,61,50,55,63,74,125
0,0,10,39,1,2,50,19,0,52,49,51,68,71,121
1,0,8,38,1,5,56,15,0,62,46,51,61,77,124
1,0,8,45,0,3,53,11,0,57,53,56,64,68,121
1,0,7,42,1,2,55,14,0,58,49,51,63,72,122
0,0,7,42,0,3,55,14,0,58,49,52,63,72,121
1,0,9,44,0,3,51,14,0,55,53,56,67,69,122
1,0,0,46,0,2,59,13,0,62,46,48,59,75,121
1,0,9,40,1,2,56,12,0,59,49,51,61,71,121
1,0,8,45,1,2,52,13,0,55,53,55,66,68,122
0,0,8,47,0,2,51,13,0,53,55,57,68,66,121
1,0,7,41,1,5,56,15,0,62,48,53,63,77,126
1,0,10,38,0,3,59,12,0,63,48,51,60,75,123
1,0,8,43,1,5,51,16,0,57,51,56,67,73,125
1,0,8,43,0,4,54,13,0,59,51,55,64,72,123
1,0,7,41,1,3,56,14,0,60,48,51,62,74,123
0,0,7,42,0,3,57,12,0,60,49,52,61,72,121
1,0,8,46,0,1,52,12,0,54,54,55,66,66,120
1,0,8,41,0,1,58,11,0,60,49,50,60,71,120
1,0,7,41,0,6,54,17,0,61,48,54,65,78,126
2,0,8,43,1,0,51,16,0,53,51,51,67,69,121
1,0,11,43,0,3,49,15,0,53,54,57,69,68,122
1,0,8,39,1,3,54,15,0,58,47,50,62,73,121
0,0,8,41,0,2,55,15,0,57,49,51,64,72,121
1,0,8,44,0,3,50,15,0,54,52,55,67,69,121
1,0,8,42,1,2,51,17,0,54,50,52,67,71,122
0,0,7,38,0,3,61,13,0,64,45,48,58,77,122
2,0,8,41,0,4,56,12,0,62,49,53,61,74,123
1,0,6,44,1,3,58,10,0,62,50,53,60,72,123
1,0,9,40,0,3,51,17,0,55,49,52,66,72,121
1,0,8,43,1,4,53,13,0,58,51,55,64,71,123
1,0,7,44,0,3,52,14,0,56,51,54,65,70,121
1,0,7,39,0,4,55,16,0,60,46,50,62,76,122
0,0,10,40,1,3,52,17,0,55,50,53,67,72,123
1,0,0,50,1,3,54,13,0,58,50,53,63,71,122
0,0,9,42,0,3,52,16,0,55,51,54,67,71,122
1,0,9,42,0,5,56,11,0,62,51,56,62,73,124
1,0,8,42,0,2,52,16,0,55,50,52,66,71,121
1,0,8,42,0,3,56,13,0,60,50,53,63,73,123
0,0,9,45,1,4,49,15,0,53,54,58,69,68,123
0,0,0,53,1,3,50,14,0,53,53,56,67,67,121
1,0,7,43,0,3,51,16,0,55,50,53,66,71,121
1,0,9,42,0,4,49,19,0,54,51,55,70,73,124
0,0,12,40,1,3,51,14,0,54,52,55,66,68,121
2,0,0,47,1,2,58,11,0,62,47,49,58,73,121
1,0,8,43,1,4,55,12,0,60,51,55,63,72,124
3,0,8,41,0,3,54,13,0,60,49,52,62,73,122
3,0,0,46,1,1,56,14,0,60,46,47,60,74,121
1,0,10,41,1,2,55,12,0,58,51,53,63,70,122
1,0,0,52,0,4,54,11,0,59,52,56,63,70,122
1,0,9,42,0,3,52,13,0,56,51,54,64,69,120
4,0,6,41,1,4,57,10,0,65,47,51,57,75,123
0,0,7,41,0,3,54,16,0,57,48,51,64,73,121
1,0,9,41,1,2,54,14,0,57,50,52,64,71,122
1,0,7,44,0,2,53,14,0,56,51,53,65,70,121
1,0,6,47,0,2,49,16,0,52,53,55,69,68,121
1,0,8,43,0,2,54,13,0,57,51,53,64,70,121
1,0,8,46,0,4,50,14,0,55,54,58,68,69,123
1,0,7,41,1,5,56,13,0,62,48,53,61,75,124
2,0,10,38,0,3,52,15,0,57,48,51,63,72,120
0,0,10,39,0,5,54,16,0,59,49,54,65,75,124
0,0,7,44,0,3,53,14,0,56,51,54,65,70,121
1,0,8,44,0,3,50,15,0,54,52,55,67,69,121
1,0,7,41,1,4,55,14,0,60,48,52,62,74,123
1,0,7,49,1,4,47,15,0,52,56,60,71,67,124
1,0,8,44,0,2,51,14,0,54,52,54,66,68,120
1,0,10,42,0,3,56,9,0,60,52,55,61,69,121
0,0,0,49,1,3,53,16,0,56,49,52,65,72,122
0,0,7,44,1,4,55,13,0,59,51,55,64,72,124
1,0,7,42,0,2,58,11,0,61,49,51,60,72,121
2,0,7,40,1,4,59,11,0,65,47,51,58,76,124
1,0,12,36,1,4,54,13,0,59,48,52,61,72,121
2,0,0,49,1,3,56,12,0,61,49,52,61,73,123
2,0,7,43,0,4,49,16,0,55,50,54,66,71,121
0,0,7,43,0,2,53,15,0,55,50,52,65,70,120
0,0,8,41,1,2,51,18,0,53,49,51,67,71,121
1,0,8,44,1,4,55,10,0,60,52,56,62,70,123
1,0,10,46,1,3,49,14,0,53,56,59,70,67,124
1,0,8,42,1,4,56,9,0,61,50,54,59,70,121
1,0,9,44,0,2,51,13,0,54,53,55,66,67,120
1,0,7,37,0,3,58,14,0,62,44,47,58,76,120
0,0,8,40,0,4,57,14,0,61,48,52,62,75,123
0,0,8,47,0,3,52,12,0,55,55,58,67,67,122
1,0,7,46,1,2,54,10,0,57,53,55,63,67,121
1,0,8,42,1,4,52,15,0,57,50,54,65,72,123
1,0,9,45,0,3,52,11,0,56,54,57,65,67,121
1,0,6,47,0,4,54,11,0,59,53,57,64,70,123
1,0,6,44,1,4,52,13,0,57,50,54,63,70,121
0,0,7,39,1,2,58,14,0,60,46,48,60,74,121
1,0,10,40,1,0,53,17,0,54,50,50,67,71,122
1,0,8,41,0,3,55,12,0,59,49,52,61,71,120
1,0,0,43,1,4,61,13,0,66,43,47,56,79,123
1,0,6,45,0,5,52,15,0,58,51,56,66,73,124
1,0,10,38,0,4,52,18,0,57,48,52,66,75,123
1,0,8,43,1,4,54,11,0,59,51,55,62,70,122
1,0,9,44,1,4,53,11,0,58,53,57,64,69,123
1,0,8,45,0,2,51,15,0,54,53,55,68,69,122
1,0,8,45,0,2,51,14,0,54,53,55,67,68,121
1,0,7,43,0,1,57,12,0,59,50,51,62,71,121
1,0,6,41,0,2,58,13,0,61,47,49,60,74,121
1,0,6,43,0,2,54,15,0,57,49,51,64,72,121
0,0,11,41,1,4,54,13,0,58,52,56,65,71,124
1,0,9,44,1,3,50,13,0,54,53,56,66,67,121
1,0,7,43,1,4,51,14,0,56,50,54,64,70,121
1,0,7,50,1,4,48,14,0,53,57,61,71,67,125
2,0,8,39,0,3,57,12,0,62,47,50,59,74,121
1,0,10,43,0,3,51,12,0,55,53,56,65,67,120
1,0,8,41,1,2,56,13,0,59,49,51,62,72,122
1,0,9,39,0,2,54,16,0,57,48,50,64,73,121
1,0,6,47,1,3,55,11,0,59,53,56,64,70,124
0,0,7,43,1,3,56,13,0,59,50,53,63,72,123
1,0,8,43,1,2,55,11,0,58,51,53,62,69,121
0,0,7,42,0,3,54,15,0,57,49,52,64,72,121
1,0,8,41,1,2,57,12,0,60,49,51,61,72,122
1,0,8,43,1,3,49,16,0,53,51,54,67,69,121
1,0,0,50,0,3,54,13,0,58,50,53,63,71,121
1,0,6,45,0,5,54,13,0,60,51,56,64,73,124
1,0,8,38,0,5,59,13,0,65,46,51,59,78,124
3,0,0,48,0,3,55,11,0,61,48,51,59,72,120
0,0,11,42,0,4,52,14,0,56,53,57,67,70,123
1,0,8,44,0,3,50,14,0,54,52,55,66,68,120
1,0,9,41,1,3,58,11,0,62,50,53,61,73,124
1,0,9,43,1,3,53,12,0,57,52,55,64,69,122
1,0,7,46,1,2,51,14,0,54,53,55,67,68,122
1,0,9,44,1,1,54,11,0,56,53,54,64,67,121
1,0,10,41,0,3,54,12,0,58,51,54,63,70,121
1,0,13,37,1,3,52,16,0,56,50,53,66,72,123
1,0,7,44,1,3,54,11,0,58,51,54,62,69,121
0,0,8,44,0,2,52,15,0,54,52,54,67,69,121
1,0,10,37,0,3,54,17,0,58,47,50,64,75,122
1,0,8,41,0,3,56,13,0,60,49,52,62,73,122
1,0,8,42,1,3,53,14,0,57,50,53,64,71,122
1,0,14,41,0,3,49,14,0,53,55,58,69,67,122
4,0,9,39,0,3,53,13,0,60,48,51,61,73,121
1,0,9,44,1,3,51,13,0,55,53,56,66,68,122
1,0,6,51,1,3,50,12,0,54,57,60,69,66,124
1,0,9,44,0,3,54,10,0,58,53,56,63,68,121
1,0,6,42,0,3,54,16,0,58,48,51,64,74,122
1,0,6,43,1,4,51,17,0,56,49,53,66,73,123
1,0,8,46,0,3,49,13,0,53,54,57,67,66,120
2,0,0,40,0,5,55,18,0,62,40,45,58,80,120
1,0,7,45,0,3,53,12,0,57,52,55,64,69,121
1,0,8,42,1,2,52,16,0,55,50,52,66,71,122
1,0,7,45,1,3,52,14,0,56,52,55,66,70,123
1,0,0,43,0,3,62,13,0,66,43,46,56,79,122
1,0,7,41,1,2,56,13,0,59,48,50,61,72,121
2,0,10,38,1,4,54,15,0,60,48,52,63,75,124
1,0,8,43,0,0,56,13,0,57,51,51,64,70,121
1,0,10,42,1,3,48,16,0,52,52,55,68,68,121
0,0,7,41,0,5,57,10,0,62,48,53,58,72,120
1,0,0,47,0,3,57,13,0,61,47,50,60,74,121
0,0,0,49,1,3,58,12,0,61,49,52,61,73,123
1,0,6,49,1,2,50,12,0,53,55,57,67,65,121
0,0,8,47,0,4,52,12,0,56,55,59,67,68,123
1,0,12,35,0,3,55,16,0,59,47,50,63,75,122
1,0,10,39,1,4,52,16,0,57,49,53,65,73,123
2,0,0,48,1,4,55,14,0,61,48,52,62,75,124
1,0,8,40,1,4,59,11,0,64,48,52,59,75,124
1,0,9,44,0,2,53,13,0,56,53,55,66,69,122
1,0,7,44,1,3,50,14,0,54,51,54,65,68,120
1,0,13,41,1,4,48,15,0,53,54,58,69,68,123
1,0,8,43,1,3,53,13,0,57,51,54,64,70,122
1,0,9,43,0,3,53,12,0,57,52,55,64,69,121
2,0,9,39,1,2,55,13,0,59,48,50,61,72,121
1,0,0,47,1,5,52,15,0,58,47,52,62,73,121
0,0,7,42,0,3,52,17,0,55,49,52,66,72,121
0,0,13,40,0,2,53,13,0,55,53,55,66,68,121
1,0,7,43,0,5,57,10,0,63,50,55,60,73,123
1,0,10,42,1,6,50,16,0,57,52,58,68,73,126
1,0,7,45,0,2,54,12,0,57,52,54,64,69,121
0,0,9,41,0,2,47,21,0,49,50,52,71,70,120
0,0,11,39,0,5,56,12,0,61,50,55,62,73,123
0,0,8,35,1,2,60,15,0,62,43,45,58,77,121
1,0,0,49,1,3,58,11,0,62,49,52,60,73,123
1,0,0,43,1,6,61,14,0,68,43,49,57,82,126
1,0,0,50,1,5,51,14,0,57,50,55,64,71,122
1,0,11,38,0,4,53,16,0,58,49,53,65,74,123
1,0,11,40,1,2,52,13,0,55,51,53,64,68,120
1,0,7,46,0,2,51,14,0,54,53,55,67,68,121
2,0,12,36,1,3,58,11,0,63,48,51,59,74,123
1,0,6,44,0,2,56,12,0,59,50,52,62,71,121
1,0,7,46,0,0,54,12,0,55,53,53,65,67,120
2,0,6,48,0,4,54,9,0,60,54,58,63,69,123
1,0,6,46,1,1,53,13,0,55,52,53,65,68,121
10,0,8,39,0,5,46,15,0,61,47,52,62,76,123
2,0,6,45,0,4,48,17,0,54,51,55,68,71,122
1,0,0,47,1,2,59,13,0,62,47,49,60,75,123
1,0,10,40,0,2,54,14,0,57,50,52,64,71,121
1,0,6,44,1,5,54,10,0,60,50,55,60,70,121
0,0,6,49,0,4,54,9,0,58,55,59,64,67,122
1,0,9,44,1,3,52,14,0,56,53,56,67,70,124
2,0,10,42,0,3,47,17,0,52,52,55,69,69,121
1,0,8,41,1,3,55,12,0,59,49,52,61,71,121
1,0,8,41,0,5,55,13,0,61,49,54,62,74,123
0,0,10,38,1,2,59,11,0,61,48,50,59,72,121
1,0,6,44,0,3,51,16,0,55,50,53,66,71,121
1,0,7,46,1,3,50,15,0,54,53,56,68,69,123
1,0,6,46,1,4,57,9,0,62,52,56,61,71,124
1,0,9,41,0,1,53,15,0,55,50,51,65,70,120
1,0,11,39,1,3,54,15,0,58,50,53,65,73,124
2,0,8,43,0,3,50,15,0,55,51,54,66,70,121
0,0,7,45,0,4,52,14,0,56,52,56,66,70,122
1,0,7,40,1,3,59,11,0,63,47,50,58,74,122
0,0,0,43,1,1,62,14,0,63,43,44,57,77,121
1,0,7,45,0,2,52,13,0,55,52,54,65,68,120
0,0,9,41,0,4,51,17,0,55,50,54,67,72,122
1,0,9,42,1,4,55,12,0,60,51,55,63,72,124
2,0,9,43,1,2,51,13,0,55,52,54,65,68,121
1,0,8,40,1,3,56,15,0,60,48,51,63,75,124
1,0,8,41,0,5,52,16,0,58,49,54,65,74,123
4,0,7,44,0,3,53,11,0,60,51,54,62,71,122
1,0,9,41,1,2,53,14,0,56,50,52,64,70,121
1,0,0,50,0,4,55,13,0,60,50,54,63,73,123
1,0,8,42,1,5,52,16,0,58,50,55,66,74,125
0,0,0,51,1,3,53,14,0,56,51,54,65,70,122
1,0,7,50,0,4,48,13,0,53,57,61,70,66,123
1,0,8,44,0,3,45,22,0,49,52,55,74,71,123
1,0,10,39,1,3,51,17,0,55,49,52,66,72,122
1,0,7,42,1,5,60,9,0,66,49,54,58,75,125
2,0,9,40,0,3,54,13,0,59,49,52,62,72,121
1,0,0,46,0,4,54,17,0,59,46,50,63,76,122
1,0,0,48,0,2,53,17,0,56,48,50,65,73,121
2,0,8,40,1,0,56,14,0,58,48,48,62,72,121
1,0,8,43,0,2,51,15,0,54,51,53,66,69,120
1,0,7,45,1,5,48,19,0,54,52,57,71,73,126
2,0,9,44,1,4,51,13,0,57,53,57,66,70,124
1,0,7,45,0,4,52,12,0,57,52,56,64,69,121
1,0,0,47,0,5,55,15,0,61,47,52,62,76,123
1,0,0,44,1,2,52,20,0,55,44,46,64,75,120
1,0,8,43,1,4,57,10,0,62,51,55,61,72,124
1,0,8,43,0,4,52,14,0,57,51,55,65,71,122
1,0,8,41,0,2,55,13,0,58,49,51,62,71,120
1,0,7,44,0,4,52,12,0,57,51,55,63,69,120
0,0,7,44,1,5,55,13,0,60,51,56,64,73,125
1,0,10,39,1,3,56,13,0,60,49,52,62,73,123
0,0,8,44,0,2,54,12,0,56,52,54,64,68,120
1,0,0,44,0,1,59,16,0,61,44,45,60,77,121
1,0,8,42,1,2,54,14,0,57,50,52,64,71,122
1,0,9,41,0,3,55,11,0,59,50,53,61,70,120
1,0,9,42,0,4,52,16,0,57,51,55,67,73,124
1,0,9,40,0,2,57,12,0,60,49,51,61,72,121
0,0,0,47,0,4,57,15,0,61,47,51,62,76,123
1,0,11,38,1,2,55,14,0,58,49,51,63,72,122
1,0,8,40,1,3,55,15,0,59,48,51,63,74,123
0,0,9,40,0,2,50,19,0,52,49,51,68,71,120
0,0,0,45,0,3,59,15,0,62,45,48,60,77,122
1,0,9,42,0,4,57,11,0,62,51,55,62,73,124
0,0,10,43,1,4,54,12,0,58,53,57,65,70,124
1,0,8,43,1,2,52,15,0,55,51,53,66,70,122
1,0,10,40,1,2,54,13,0,57,50,52,63,70,121
1,0,8,42,1,3,54,14,0,58,50,53,64,72,123
1,0,10,44,0,2,51,12,0,54,54,56,66,66,120
1,0,7,42,0,3,57,12,0,61,49,52,61,73,122
3,0,9,40,1,4,52,14,0,59,49,53,63,73,123
0,0,11,41,1,2,53,13,0,55,52,54,65,68,121
1,0,11,44,0,2,49,13,0,52,55,57,68,65,120
0,0,11,44,1,3,53,10,0,56,55,58,65,66,122
1,0,10,39,0,3,57,13,0,61,49,52,62,74,123
1,0,7,45,0,3,54,12,0,58,52,55,64,70,122
1,0,7,48,0,3,53,10,0,57,55,58,65,67,122
1,0,7,46,1,2,53,12,0,56,53,55,65,68,122
1,0,8,41,0,3,55,12,0,59,49,52,61,71,120
1,0,7,41,1,4,54,14,0,59,48,52,62,73,122
1,0,6,45,1,3,54,14,0,58,51,54,65,72,124
1,0,7,46,1,6,48,16,0,55,53,59,69,71,125
1,0,8,36,0,3,59,16,0,63,44,47,60,79,123
1,0,8,45,0,4,50,15,0,55,53,57,68,70,123
1,0,6,44,1,3,55,12,0,59,50,53,62,71,122
1,0,0,41,1,3,61,14,0,65,41,44,55,79,121
1,0,9,43,1,5,52,13,0,58,52,57,65,71,124
1,0,9,42,1,4,56,11,0,61,51,55,62,72,124
1,0,8,39,0,5,55,15,0,61,47,52,62,76,123
1,0,8,40,1,2,56,13,0,59,48,50,61,72,121
1,0,10,42,1,4,53,11,0,58,52,56,63,69,122
1,0,8,42,1,4,53,14,0,58,50,54,64,72,123
0,0,7,47,1,3,51,13,0,54,54,57,67,67,122
1,0,8,43,0,2,50,18,0,53,51,53,69,71,122
1,0,8,41,1,2,53,16,0,56,49,51,65,72,122
0,0,8,41,1,5,54,15,0,59,49,54,64,74,124
1,0,9,42,0,4,55,13,0,60,51,55,64,73,124
1,0,6,47,0,4,49,14,0,54,53,57,67,68,121
0,0,8,41,1,0,54,17,0,54,49,49,66,71,121
1,0,7,45,1,4,50,17,0,55,52,56,69,72,125
0,0,0,47,0,2,60,11,0,62,47,49,58,73,120
1,0,7,43,1,2,56,12,0,59,50,52,62,71,122
0,0,8,46,0,3,52,13,0,55,54,57,67,68,122
1,0,9,39,1,3,54,16,0,58,48,51,64,74,123
1,0,8,44,1,3,50,15,0,54,52,55,67,69,122
1,0,10,38,1,4,55,14,0,60,48,52,62,74,123
3,0,10,41,1,2,52,13,0,57,51,53,64,70,122
1,0,9,41,0,4,54,14,0,59,50,54,64,73,123
1,0,9,48,1,3,47,12,0,51,57,60,69,63,121
0,0,9,44,1,1,50,16,0,51,53,54,69,67,121
1,0,9,38,1,2,56,14,0,59,47,49,61,73,121
1,0,9,43,0,4,53,14,0,58,52,56,66,72,124
1,0,0,51,1,5,50,16,0,56,51,56,67,72,124
0,0,7,47,0,4,50,15,0,54,54,58,69,69,123
1,0,8,44,0,3,53,13,0,57,52,55,65,70,122
1,0,9,38,0,3,55,16,0,59,47,50,63,75,122
1,0,11,41,1,2,51,15,0,54,52,54,67,69,122
1,0,8,42,1,4,56,12,0,61,50,54,62,73,124
1,0,9,42,0,0,52,16,0,53,51,51,67,69,120
1,0,9,43,0,4,51,15,0,56,52,56,67,71,123
1,0,9,47,0,4,47,15,0,52,56,60,71,67,123
1,0,9,43,1,5,51,14,0,57,52,57,66,71,124
1,0,7,43,1,5,51,15,0,57,50,55,65,72,123
2,0,0,46,1,4,54,17,0,60,46,50,63,77,124
1,0,11,40,1,5,49,15,0,55,51,56,66,70,122
0,0,8,44,1,4,52,14,0,56,52,56,66,70,123
1,0,9,39,0,3,54,16,0,58,48,51,64,74,122
0,0,10,42,0,4,53,13,0,57,52,56,65,70,122
1,0,10,39,0,2,54,15,0,57,49,51,64,72,121
1,0,6,45,0,2,53,14,0,56,51,53,65,70,121
1,0,8,42,1,1,55,14,0,57,50,51,64,71,122
0,0,0,50,1,4,52,15,0,56,50,54,65,71,122
1,0,9,44,0,5,54,11,0,60,53,58,64,71,124
1,0,9,35,0,5,59,11,0,65,44,49,55,76,120
1,0,10,43,1,3,52,12,0,56,53,56,65,68,122
1,0,7,47,0,4,52,12,0,57,54,58,66,69,123
2,0,10,40,0,3,55,11,0,60,50,53,61,71,121
0,0,0,48,1,4,56,14,0,60,48,52,62,74,123
1,0,9,41,1,3,54,13,0,58,50,53,63,71,122
0,0,9,43,0,4,52,12,0,56,52,56,64,68,120
1,0,6,47,0,3,51,12,0,55,53,56,65,67,120
1,0,0,47,1,3,59,11,0,63,47,50,58,74,122
1,0,10,39,0,2,55,13,0,58,49,51,62,71,120
2,0,7,41,0,4,55,13,0,61,48,52,61,74,122
0,0,7,44,1,3,52,15,0,55,51,54,66,70,122
1,0,10,42,0,4,53,13,0,58,52,56,65,71,123
0,0,7,47,0,3,52,12,0,55,54,57,66,67,121
1,0,8,40,1,3,52,16,0,56,48,51,64,72,121
1,0,7,44,0,5,53,13,0,59,51,56,64,72,123
1,0,7,42,0,3,55,14,0,59,49,52,63,73,122
0,0,6,43,1,3,57,13,0,60,49,52,62,73,123
2,0,9,40,1,3,53,13,0,58,49,52,62,71,121
1,0,10,39,1,2,58,11,0,61,49,51,60,72,122
1,0,7,47,1,2,52,11,0,55,54,56,65,66,121
0,0,7,46,0,3,46,20,0,49,53,56,73,69,122
1,0,9,44,1,3,50,14,0,54,53,56,67,68,122
0,0,10,38,1,5,57,13,0,62,48,53,61,75,124
1,0,7,43,0,4,56,11,0,61,50,54,61,72,122
0,0,7,43,1,3,54,15,0,57,50,53,65,72,123
1,0,8,43,1,4,52,16,0,57,51,55,67,73,125
1,0,9,43,1,3,51,15,0,55,52,55,67,70,123
1,0,7,45,1,3,49,15,0,53,52,55,67,68,121
1,0,0,45,0,3,58,14,0,62,45,48,59,76,121
1,0,6,50,0,2,47,15,0,50,56,58,71,65,121
1,0,6,44,1,0,58,11,0,59,50,50,61,70,121
1,0,10,44,0,3,54,10,0,58,54,57,64,68,122
1,0,8,42,0,5,55,14,0,61,50,55,64,75,125
1,0,9,41,0,2,51,17,0,54,50,52,67,71,121
1,0,6,43,1,3,53,15,0,57,49,52,64,72,122
1,0,8,44,0,3,53,12,0,57,52,55,64,69,121
1,0,10,38,1,4,53,18,0,58,48,52,66,76,125
1,0,0,56,0,4,42,18,0,47,56,60,74,65,121
1,0,11,41,1,3,53,14,0,57,52,55,66,71,124
0,0,10,40,1,2,51,17,0,53,50,52,67,70,121
0,0,10,39,0,2,55,15,0,57,49,51,64,72,121
1,0,9,42,1,2,52,15,0,55,51,53,66,70,122
1,0,8,40,0,3,52,18,0,56,48,51,66,74,122
0,0,6,45,0,3,55,13,0,58,51,54,64,71,122
1,0,0,51,0,4,54,13,0,59,51,55,64,72,123
1,0,7,43,0,3,55,13,0,59,50,53,63,72,122
1,0,0,42,0,4,59,15,0,64,42,46,57,79,121
1,0,0,48,1,2,57,13,0,60,48,50,61,73,122
1,0,7,48,0,2,52,11,0,55,55,57,66,66,121
0,0,6,46,1,1,50,17,0,51,52,53,69,68,121
1,0,8,45,0,3,50,16,0,54,53,56,69,70,123
3,0,9,41,0,2,52,13,0,57,50,52,63,70,120
1,0,10,48,1,2,49,11,0,52,58,60,69,63,122
1,0,7,43,0,2,55,13,0,58,50,52,63,71,121
1,0,7,42,0,4,56,10,0,61,49,53,59,71,120
0,0,7,47,0,4,51,13,0,55,54,58,67,68,122
0,0,7,45,0,2,53,13,0,55,52,54,65,68,120
1,0,7,41,1,4,56,12,0,61,48,52,60,73,122
1,0,10,42,1,3,55,11,0,59,52,55,63,70,123
1,0,9,42,1,2,55,12,0,58,51,53,63,70,122
1,0,7,43,1,4,58,10,0,63,50,54,60,73,124
1,0,7,44,0,3,56,11,0,60,51,54,62,71,122
1,0,9,44,0,4,47,15,0,52,53,57,68,67,120
1,0,8,41,1,2,56,14,0,59,49,51,63,73,123
0,0,8,42,0,3,57,13,0,60,50,53,63,73,123
2,0,10,39,1,4,55,13,0,61,49,53,62,74,124
1,0,9,43,0,0,52,15,0,53,52,52,67,68,120
1,0,8,41,1,3,52,15,0,56,49,52,64,71,121
1,0,6,48,1,4,50,12,0,55,54,58,66,67,122
1,0,9,43,0,1,53,13,0,55,52,53,65,68,120
1,0,10,42,0,3,48,18,0,52,52,55,70,70,122
1,0,6,42,0,3,57,12,0,61,48,51,60,73,121
1,0,0,52,1,2,50,17,0,53,52,54,69,70,123
1,0,8,44,1,4,51,15,0,56,52,56,67,71,124
1,0,6,49,0,4,51,13,0,56,55,59,68,69,124
1,0,7,45,1,2,59,6,0,62,52,54,58,68,121
1,0,9,36,1,4,59,12,0,64,45,49,57,76,122
1,0,7,44,0,4,53,14,0,58,51,55,65,72,123
1,0,6,50,0,3,53,9,0,57,56,59,65,66,122
1,0,9,42,0,2,56,11,0,59,51,53,62,70,121
1,0,7,44,0,3,54,13,0,58,51,54,64,71,122
1,0,8,42,0,3,50,17,0,54,50,53,67,71,121
1,0,6,41,0,2,56,14,0,59,47,49,61,73,120
1,0,9,40,1,3,52,17,0,56,49,52,66,73,123
1,0,10,39,1,3,51,16,0,55,49,52,65,71,121
0,0,6,47,1,5,52,14,0,57,53,58,67,71,125
2,0,8,43,1,4,52,14,0,58,51,55,65,72,124
1,0,0,53,0,3,51,15,0,55,53,56,68,70,123
1,0,0,47,0,4,55,16,0,60,47,51,63,76,123
0,0,9,47,1,5,47,15,0,52,56,61,71,67,124
1,0,7,47,0,2,53,11,0,56,54,56,65,67,121
1,0,0,52,0,2,53,13,0,56,52,54,65,69,121
0,0,12,39,0,3,55,11,0,58,51,54,62,69,120
1,0,10,40,0,2,56,13,0,59,50,52,63,72,122
0,0,8,43,0,3,52,14,0,55,51,54,65,69,120
1,0,11,39,1,2,53,14,0,56,50,52,64,70,121
0,0,9,42,1,3,54,14,0,57,51,54,65,71,123
1,0,8,41,1,2,54,15,0,57,49,51,64,72,122
1,0,0,48,0,3,60,10,0,64,48,51,58,74,122
1,0,8,42,1,1,53,15,0,55,50,51,65,70,121
1,0,11,40,1,3,54,12,0,58,51,54,63,70,122
1,0,9,44,0,4,53,12,0,58,53,57,65,70,123
1,0,0,45,0,4,59,14,0,64,45,49,59,78,123
1,0,8,46,0,3,52,12,0,56,54,57,66,68,122
2,0,9,37,0,4,55,16,0,61,46,50,62,77,123
1,0,10,42,1,4,50,16,0,55,52,56,68,71,124
1,0,8,42,0,2,53,16,0,56,50,52,66,72,122
5,0,8,41,1,4,54,11,0,63,49,53,60,74,124
1,0,7,44,1,4,53,12,0,58,51,55,63,70,122
1,0,8,44,0,5,51,15,0,57,52,57,67,72,124
1,0,11,37,0,5,48,20,0,54,48,53,68,74,122
1,0,7,47,0,3,51,12,0,55,54,57,66,67,121
1,0,6,47,0,2,51,13,0,54,53,55,66,67,120
0,0,0,46,0,4,61,11,0,65,46,50,57,76,122
1,0,11,40,1,3,51,17,0,55,51,54,68,72,124
1,0,11,38,0,2,57,11,0,60,49,51,60,71,120
1,0,8,41,0,3,53,15,0,57,49,52,64,72,121
1,0,0,51,1,2,55,12,0,58,51,53,63,70,122
1,0,7,48,0,2,51,11,0,54,55,57,66,65,120
1,0,11,43,0,2,51,13,0,54,54,56,67,67,121
1,0,7,47,0,4,45,19,0,50,54,58,73,69,123
1,0,11,41,1,0,53,13,0,54,52,52,65,67,120
1,0,7,39,1,6,58,12,0,65,46,52,58,77,124
1,0,12,38,1,1,54,15,0,56,50,51,65,71,122
1,0,9,44,1,3,50,13,0,54,53,56,66,67,121
2,0,9,41,1,3,52,13,0,57,50,53,63,70,121
1,0,6,43,0,3,53,14,0,57,49,52,63,71,120
1,0,9,41,1,5,49,16,0,55,50,55,66,71,122
3,0,8,40,1,5,55,12,0,63,48,53,60,75,124
1,0,10,44,1,4,47,16,0,52,54,58,70,68,123
1,0,9,42,0,5,54,13,0,60,51,56,64,73,124
1,0,6,45,0,3,54,14,0,58,51,54,65,72,123
0,0,10,41,0,4,54,13,0,58,51,55,64,71,122
1,0,6,47,1,3,45,19,0,49,53,56,72,68,122
0,0,8,41,1,2,56,12,0,58,49,51,61,70,120
1,0,0,47,0,4,56,14,0,61,47,51,61,75,122
1,0,9,41,1,3,50,16,0,54,50,53,66,70,121
1,0,11,38,0,2,55,13,0,58,49,51,62,71,120
1,0,7,45,0,3,54,10,0,58,52,55,62,68,120
1,0,0,53,1,3,53,11,0,57,53,56,64,68,122
1,0,7,43,0,1,56,12,0,58,50,51,62,70,120
1,0,8,43,0,3,52,15,0,56,51,54,66,71,122
1,0,7,44,0,3,55,13,0,59,51,54,64,72,123
1,0,9,41,1,3,52,14,0,56,50,53,64,70,121
1,0,0,48,1,4,52,15,0,57,48,52,63,72,121
1,0,7,42,0,4,58,10,0,63,49,53,59,73,122
1,0,0,43,1,4,55,18,0,60,43,47,61,78,122
1,0,8,45,1,3,52,13,0,56,53,56,66,69,123
1,0,8,43,1,4,53,15,0,58,51,55,66,73,125
1,0,11,38,0,4,54,16,0,59,49,53,65,75,124
1,0,10,42,0,4,54,12,0,59,52,56,64,71,123
1,0,7,51,0,5,47,12,0,53,58,63,70,65,123
14,0,6,38,1,4,48,13,0,66,44,48,57,79,124
2,0,7,45,1,2,54,11,0,58,52,54,63,69,122
1,0,8,40,0,5,51,18,0,57,48,53,66,75,123
1,0,7,42,1,6,52,16,0,59,49,55,65,75,125
0,0,6,50,1,4,53,10,0,57,56,60,66,67,124
3,0,0,45,1,4,56,15,0,63,45,49,60,78,124
1,0,7,44,0,3,53,14,0,57,51,54,65,71,122
1,0,7,42,1,2,56,14,0,59,49,51,63,73,123
1,0,9,42,0,1,54,13,0,56,51,52,64,69,120
1,0,7,42,0,2,53,16,0,56,49,51,65,72,121
0,0,7,46,1,4,50,15,0,54,53,57,68,69,123
1,0,8,41,1,3,51,16,0,55,49,52,65,71,121
1,0,8,40,1,4,47,20,0,52,48,52,68,72,121
0,0,7,42,0,3,55,14,0,58,49,52,63,72,121
1,0,11,42,1,2,51,15,0,54,53,55,68,69,123
1,0,7,43,0,3,54,13,0,58,50,53,63,71,121
1,0,10,43,0,2,46,19,0,49,53,55,72,68,121
0,0,6,43,1,4,59,8,0,63,49,53,57,71,121
1,0,8,45,0,4,52,13,0,57,53,57,66,70,123
0,0,8,42,1,2,59,9,0,61,50,52,59,70,121
1,0,7,42,0,2,58,12,0,61,49,51,61,73,122
1,0,0,46,1,2,58,14,0,61,46,48,60,75,122
1,0,10,38,0,3,53,17,0,57,48,51,65,74,122
1,0,8,45,1,3,48,15,0,52,53,56,68,67,121
1,0,8,42,1,5,58,11,0,64,50,55,61,75,126
1,0,7,44,0,3,55,12,0,59,51,54,63,71,122
1,0,7,42,1,4,56,13,0,61,49,53,62,74,124
0,0,10,41,0,3,56,11,0,59,51,54,62,70,121
1,0,7,43,1,5,55,14,0,61,50,55,64,75,126
1,0,10,47,0,3,47,15,0,51,57,60,72,66,123
0,0,11,39,1,2,55,13,0,57,50,52,63,70,121
1,0,10,39,0,1,53,16,0,55,49,50,65,71,120
1,0,0,47,0,4,57,15,0,62,47,51,62,77,124
1,0,0,47,0,2,57,13,0,60,47,49,60,73,120
0,0,0,49,0,2,54,16,0,56,49,51,65,72,121
1,0,7,37,1,4,56,16,0,61,44,48,60,77,122
1,0,9,46,0,1,51,12,0,53,55,56,67,65,120
1,0,9,44,0,2,54,10,0,57,53,55,63,67,120
1,0,10,39,0,4,54,14,0,59,49,53,63,73,122
1,0,8,48,1,3,43,17,0,47,56,59,73,64,121
1,0,7,43,1,1,51,17,0,53,50,51,67,70,121
1,0,7,43,1,3,52,16,0,56,50,53,66,72,123
2,0,6,44,1,3,51,14,0,56,50,53,64,70,121
0,0,10,45,1,2,50,14,0,52,55,57,69,66,122
2,0,9,35,0,5,58,14,0,65,44,49,58,79,123
1,0,7,46,1,3,54,10,0,58,53,56,63,68,122
1,0,8,45,0,5,52,13,0,58,53,58,66,71,124
2,0,8,47,0,3,49,13,0,54,55,58,68,67,122
1,0,0,47,1,4,57,12,0,62,47,51,59,74,122
1,0,9,40,0,3,51,17,0,55,49,52,66,72,121
0,0,8,45,0,2,50,15,0,52,53,55,68,67,120
1,0,0,50,1,4,49,17,0,54,50,54,67,71,122
1,0,7,48,0,3,54,10,0,58,55,58,65,68,123
1,0,11,39,0,4,54,15,0,59,50,54,65,74,124
1,0,8,45,1,3,50,14,0,54,53,56,67,68,122
2,0,8,41,0,3,54,12,0,59,49,52,61,71,120
1,0,10,37,1,2,55,15,0,58,47,49,62,73,121
1,0,9,41,1,4,57,10,0,62,50,54,60,72,123
3,0,0,52,1,5,52,12,0,60,52,57,64,72,125
1,0,9,43,0,4,54,12,0,59,52,56,64,71,123
0,0,7,44,1,5,53,14,0,58,51,56,65,72,124
1,0,7,48,1,1,51,13,0,53,55,56,68,66,122
1,0,7,46,0,5,51,12,0,57,53,58,65,69,122
1,0,9,39,0,4,54,13,0,59,48,52,61,72,120
1,0,13,32,0,3,54,18,0,58,45,48,63,76,121
1,0,10,45,0,2,52,12,0,55,55,57,67,67,122
1,0,7,47,0,3,51,12,0,55,54,57,66,67,121
1,0,7,42,1,2,54,15,0,57,49,51,64,72,122
1,0,10,41,1,2,51,16,0,54,51,53,67,70,122
1,0,11,41,1,2,52,13,0,55,52,54,65,68,121
0,0,7,43,1,3,57,12,0,60,50,53,62,72,123
1,0,7,46,0,3,53,13,0,57,53,56,66,70,123
0,0,10,43,1,5,52,14,0,57,53,58,67,71,125
1,0,8,44,0,2,53,12,0,56,52,54,64,68,120
1,0,0,49,1,4,53,14,0,58,49,53,63,72,122
1,0,8,43,1,4,53,13,0,58,51,55,64,71,123
1,0,7,43,0,3,54,13,0,58,50,53,63,71,121
1,0,12,35,1,5,58,14,0,64,47,52,61,78,126
1,0,7,44,0,3,53,14,0,57,51,54,65,71,122
1,0,12,38,0,4,53,13,0,58,50,54,63,71,121
1,0,9,43,0,4,51,15,0,56,52,56,67,71,123
1,0,9,40,1,3,53,14,0,57,49,52,63,71,121
0,0,6,46,1,3,55,10,0,58,52,55,62,68,121
0,0,9,45,0,6,51,13,0,57,54,60,67,70,124
1,0,6,47,1,4,52,12,0,57,53,57,65,69,123
1,0,9,46,1,4,50,11,0,55,55,59,66,66,122
1,0,0,55,0,2,50,12,0,53,55,57,67,65,120
1,0,8,46,0,3,51,12,0,55,54,57,66,67,121
1,0,0,49,1,5,57,13,0,63,49,54,62,76,126
1,0,8,41,1,4,54,14,0,59,49,53,63,73,123
0,0,7,45,1,2,56,11,0,58,52,54,63,69,122
1,0,9,41,1,2,49,19,0,52,50,52,69,71,122
1,0,7,46,0,3,46,18,0,50,53,56,71,68,121
1,0,13,41,0,2,47,17,0,50,54,56,71,67,121
1,0,8,45,1,3,51,14,0,55,53,56,67,69,123
0,0,0,50,1,3,55,12,0,58,50,53,62,70,121
1,0,9,40,1,4,54,13,0,59,49,53,62,72,122
1,0,8,42,0,3,56,11,0,60,50,53,61,71,121
0,0,7,47,1,5,50,14,0,55,54,59,68,69,124
1,0,7,42,0,2,55,14,0,58,49,51,63,72,121
0,0,8,42,0,2,53,15,0,55,50,52,65,70,120
1,0,7,41,0,3,57,13,0,61,48,51,61,74,122
1,0,8,45,0,4,53,10,0,58,53,57,63,68,121
1,0,8,41,1,4,55,13,0,60,49,53,62,73,123
1,0,9,44,0,2,52,12,0,55,53,55,65,67,120
1,0,8,37,0,3,57,17,0,61,45,48,62,78,123
1,0,7,47,1,3,53,11,0,57,54,57,65,68,123
1,0,6,47,0,2,53,12,0,56,53,55,65,68,121
1,0,8,43,0,4,50,15,0,55,51,55,66,70,121
1,0,8,43,1,3,54,12,0,58,51,54,63,70,122
1,0,10,43,0,4,49,16,0,54,53,57,69,70,123
1,0,10,34,1,4,56,16,0,61,44,48,60,77,122
1,0,9,46,0,2,52,11,0,55,55,57,66,66,121
1,0,8,45,0,4,51,13,0,56,53,57,66,69,122
1,0,9,40,1,4,53,14,0,58,49,53,63,72,122
1,0,9,41,0,0,54,16,0,55,50,50,66,71,121
1,0,6,43,1,4,56,13,0,61,49,53,62,74,124
2,0,11,41,0,3,47,16,0,52,52,55,68,68,120
1,0,7,38,1,3,57,13,0,61,45,48,58,74,120
0,0,6,41,0,4,61,11,0,65,47,51,58,76,123
1,0,8,45,1,4,51,13,0,56,53,57,66,69,123
1,0,8,44,1,4,50,16,0,55,52,56,68,71,124
2,0,9,40,1,2,51,17,0,55,49,51,66,72,122
2,0,8,42,0,4,55,11,0,61,50,54,61,72,122
1,0,6,45,1,4,55,11,0,60,51,55,62,71,123
1,0,11,40,1,6,51,11,0,58,51,57,62,69,121
1,0,8,45,1,2,50,15,0,53,53,55,68,68,122
1,0,8,45,0,6,51,13,0,58,53,59,66,71,124
2,0,11,41,0,4,49,13,0,55,52,56,65,68,120
0,0,11,43,0,2,53,12,0,55,54,56,66,67,121
0,0,7,43,1,2,57,11,0,59,50,52,61,70,121
1,0,9,43,0,4,50,16,0,55,52,56,68,71,123
1,0,8,41,1,3,52,14,0,56,49,52,63,70,120
1,0,8,40,1,3,58,13,0,62,48,51,61,75,124
1,0,9,45,0,4,52,12,0,57,54,58,66,69,123
1,0,8,43,0,3,53,14,0,57,51,54,65,71,122
0,0,8,46,0,3,53,10,0,56,54,57,64,66,120
1,0,8,39,0,4,60,11,0,65,47,51,58,76,123
1,0,7,49,1,3,49,12,0,53,56,59,68,65,122
1,0,9,44,1,3,53,9,0,57,53,56,62,66,120
1,0,10,45,0,4,50,12,0,55,55,59,67,67,122
1,0,7,42,0,3,56,12,0,60,49,52,61,72,121
1,0,10,40,1,5,54,14,0,60,50,55,64,74,125
0,0,10,46,0,4,47,16,0,51,56,60,72,67,123
0,0,9,45,1,4,50,13,0,54,54,58,67,67,122
1,0,8,45,1,2,50,15,0,53,53,55,68,68,122
0,0,0,46,0,1,59,14,0,60,46,47,60,74,120
0,0,12,44,0,4,50,13,0,54,56,60,69,67,123
2,0,7,43,1,3,55,11,0,60,50,53,61,71,122
1,0,8,41,0,3,58,10,0,62,49,52,59,72,121
2,0,8,40,1,1,60,9,0,63,48,49,57,72,121
1,0,8,47,0,4,49,14,0,54,55,59,69,68,123
1,0,9,44,1,2,54,10,0,57,53,55,63,67,121
2,0,6,42,1,3,55,14,0,60,48,51,62,74,123
1,0,9,41,0,5,58,10,0,64,50,55,60,74,124
1,0,7,47,0,4,45,19,0,50,54,58,73,69,123
1,0,7,45,1,2,53,13,0,56,52,54,65,69,122
1,0,11,44,0,2,49,13,0,52,55,57,68,65,120
0,0,0,48,0,3,56,13,0,59,48,51,61,72,120
0,0,11,41,0,4,51,16,0,55,52,56,68,71,123
1,0,0,46,1,3,53,19,0,57,46,49,65,76,123
0,0,8,42,0,3,52,15,0,55,50,53,65,70,120
2,0,9,43,1,3,54,11,0,59,52,55,63,70,123
0,0,0,44,1,2,57,17,0,59,44,46,61,76,121
2,0,9,39,0,3,52,15,0,57,48,51,63,72,120
0,0,10,42,1,3,54,13,0,57,52,55,65,70,123
0,0,9,44,1,2,53,12,0,55,53,55,65,67,121
1,0,7,47,1,3,51,12,0,55,54,57,66,67,122
0,0,8,44,1,4,53,10,0,57,52,56,62,67,120
0,0,9,40,0,2,57,13,0,59,49,51,62,72,121
3,0,7,39,1,3,55,15,0,61,46,49,61,76,123
1,0,7,42,1,2,55,14,0,58,49,51,63,72,122
0,0,10,40,0,3,52,17,0,55,50,53,67,72,122
1,0,7,44,0,4,54,14,0,59,51,55,65,73,124
1,0,7,47,0,2,50,14,0,53,54,56,68,67,121
1,0,7,46,1,2,50,15,0,53,53,55,68,68,122
1,0,6,45,1,4,48,17,0,53,51,55,68,70,122
2,0,7,44,0,3,52,13,0,57,51,54,64,70,121
1,0,9,47,0,4,50,12,0,55,56,60,68,67,123
1,0,8,39,1,3,55,16,0,59,47,50,63,75,123
1,0,7,43,0,3,56,12,0,60,50,53,62,72,122
1,0,8,42,0,2,54,14,0,57,50,52,64,71,121
1,0,8,45,1,2,52,12,0,55,53,55,65,67,121
1,0,7,45,0,3,51,14,0,55,52,55,66,69,121
0,0,15,40,0,4,48,13,0,52,55,59,68,65,120
1,0,12,39,1,4,54,11,0,59,51,55,62,70,122
1,0,9,43,1,2,52,14,0,55,52,54,66,69,122
1,0,13,36,0,4,53,14,0,58,49,53,63,72,121
2,0,6,48,0,2,52,11,0,56,54,56,65,67,121
1,0,9,45,0,5,46,17,0,52,54,59,71,69,123
0,0,11,42,1,3,47,18,0,50,53,56,71,68,122
1,0,10,44,0,4,50,13,0,55,54,58,67,68,122
0,0,6,45,0,3,52,14,0,55,51,54,65,69,120
1,0,0,46,1,1,56,16,0,58,46,47,62,74,121
2,0,9,40,0,2,55,13,0,59,49,51,62,72,121
1,0,6,47,0,2,53,11,0,56,53,55,64,67,120
1,0,10,39,1,5,59,10,0,65,49,54,59,75,125
1,0,0,47,1,3,59,11,0,63,47,50,58,74,122
1,0,7,44,1,2,51,16,0,54,51,53,67,70,122
1,0,8,43,0,2,54,13,0,57,51,53,64,70,121
0,0,11,42,0,3,55,11,0,58,53,56,64,69,122
1,0,8,39,1,3,56,13,0,60,47,50,60,73,121
1,0,9,44,0,5,51,14,0,57,53,58,67,71,124
1,0,7,42,0,2,55,15,0,58,49,51,64,73,122
1,0,10,40,1,3,53,13,0,57,50,53,63,70,121
1,0,7,44,0,4,55,11,0,60,51,55,62,71,122
0,0,9,41,0,3,53,16,0,56,50,53,66,72,122
0,0,7,49,1,3,48,15,0,51,56,59,71,66,123
1,0,9,41,0,4,55,11,0,60,50,54,61,71,121
1,0,9,45,1,2,46,19,0,49,54,56,73,68,123
1,0,8,40,0,2,52,18,0,55,48,50,66,73,121
1,0,12,38,0,3,47,20,0,51,50,53,70,71,121
0,0,7,42,0,6,58,12,0,64,49,55,61,76,125
0,0,9,43,1,2,53,14,0,55,52,54,66,69,122
3,0,7,43,0,3,53,13,0,59,50,53,63,72,122
1,0,8,36,1,3,57,16,0,61,44,47,60,77,122
1,0,0,46,1,5,61,12,0,67,46,51,58,79,126
1,0,0,47,0,3,55,14,0,59,47,50,61,73,120
1,0,7,46,0,4,47,16,0,52,53,57,69,68,121
1,0,13,40,1,3,51,13,0,55,53,56,66,68,122
0,0,8,42,1,2,57,12,0,59,50,52,62,71,122
0,0,8,41,1,4,56,13,0,60,49,53,62,73,123
0,0,11,43,1,3,46,18,0,49,54,57,72,67,122
1,0,7,45,1,3,50,15,0,54,52,55,67,69,122
4,0,0,46,1,1,57,12,0,62,46,47,58,74,121
0,0,8,37,0,4,56,18,0,60,45,49,63,78,123
1,0,8,41,1,2,54,14,0,57,49,51,63,71,121
1,0,11,40,0,3,53,15,0,57,51,54,66,72,123
0,0,7,42,1,6,55,15,0,61,49,55,64,76,126
0,0,0,52,0,3,54,13,0,57,52,55,65,70,122
1,0,11,36,0,3,54,17,0,58,47,50,64,75,122
1,0,10,40,1,3,53,16,0,57,50,53,66,73,124
1,0,8,41,0,5,59,10,0,65,49,54,59,75,124
0,0,7,44,1,4,53,15,0,57,51,55,66,72,124
0,0,7,41,1,4,55,16,0,59,48,52,64,75,124
0,0,8,40,0,5,58,13,0,63,48,53,61,76,124
2,0,8,37,1,5,56,16,0,63,45,50,61,79,125
1,0,7,44,1,3,56,11,0,60,51,54,62,71,123
1,0,0,48,0,5,56,14,0,62,48,53,62,76,124
1,0,10,44,1,3,50,14,0,54,54,57,68,68,123
1,0,9,41,1,4,54,14,0,59,50,54,64,73,124
1,0,8,45,0,4,55,10,0,60,53,57,63,70,123
1,0,10,43,1,1,53,13,0,55,53,54,66,68,122
1,0,7,43,0,3,52,17,0,56,50,53,67,73,123
0,0,7,42,1,3,53,15,0,56,49,52,64,71,121
3,0,8,39,0,3,53,16,0,59,47,50,63,75,122
2,0,9,38,1,3,51,19,0,56,47,50,66,75,123
1,0,10,40,0,4,58,10,0,63,50,54,60,73,123
0,0,8,42,0,2,55,14,0,57,50,52,64,71,121
1,0,8,40,1,6,54,16,0,61,48,54,64,77,126
2,0,10,37,0,3,52,17,0,57,47,50,64,74,121
2,0,8,39,1,5,60,9,0,67,47,52,56,76,124
1,0,6,36,1,1,64,12,0,66,42,43,54,78,121
1,0,7,48,0,2,50,13,0,53,55,57,68,66,121
0,0,7,43,0,1,52,17,0,53,50,51,67,70,120
1,0,10,40,0,3,55,13,0,59,50,53,63,72,122
1,0,7,47,1,3,50,14,0,54,54,57,68,68,123
1,0,7,43,0,3,58,11,0,62,50,53,61,73,123
0,0,9,41,0,3,56,12,0,59,50,53,62,71,121
1,0,9,40,1,2,53,17,0,56,49,51,66,73,123
1,0,10,39,1,3,57,10,0,61,49,52,59,71,121
1,0,8,47,0,3,52,10,0,56,55,58,65,66,121
1,0,8,41,0,5,50,16,0,56,49,54,65,72,121
1,0,9,42,0,6,54,14,0,61,51,57,65,75,126
1,0,7,42,1,4,54,15,0,59,49,53,64,74,124
1,0,10,44,1,2,48,16,0,51,54,56,70,67,122
1,0,8,41,0,2,55,13,0,58,49,51,62,71,120
2,0,7,39,0,3,58,13,0,63,46,49,59,76,122
1,0,0,53,0,4,54,12,0,59,53,57,65,71,124
1,0,8,43,0,0,52,17,0,53,51,51,68,70,121
1,0,12,40,1,3,54,12,0,58,52,55,64,70,123
1,0,9,40,0,2,54,14,0,57,49,51,63,71,120
1,0,8,41,1,4,58,12,0,63,49,53,61,75,125
1,0,8,42,0,4,54,15,0,59,50,54,65,74,124
1,0,6,46,1,5,51,13,0,57,52,57,65,70,123
1,0,0,46,0,4,55,16,0,60,46,50,62,76,122
0,0,7,48,0,2,53,10,0,55,55,57,65,65,120
1,0,0,47,1,4,57,15,0,62,47,51,62,77,125
1,0,0,48,0,3,55,15,0,59,48,51,63,74,122
1,0,7,44,1,4,49,15,0,54,51,55,66,69,121
1,0,12,39,1,5,50,15,0,56,51,56,66,71,123
1,0,11,38,0,1,58,12,0,60,49,50,61,72,121
1,0,9,43,0,2,53,13,0,56,52,54,65,69,121
1,0,9,42,0,3,56,10,0,60,51,54,61,70,121
2,0,8,42,1,5,51,16,0,58,50,55,66,74,125
1,0,8,43,1,2,57,11,0,60,51,53,62,71,123
1,0,6,43,1,2,57,12,0,60,49,51,61,72,122
1,0,7,43,1,2,52,15,0,55,50,52,65,70,121
1,0,8,43,0,3,54,14,0,58,51,54,65,72,123
1,0,11,45,0,2,51,12,0,54,56,58,68,66,122
1,0,7,43,1,2,53,14,0,56,50,52,64,70,121
0,0,7,44,1,0,56,13,0,56,51,51,64,69,121
1,0,10,42,0,3,51,14,0,55,52,55,66,69,121
0,0,11,44,0,2,47,17,0,49,55,57,72,66,121
1,0,0,42,0,4,61,14,0,66,42,46,56,80,122
1,0,6,50,1,2,45,17,0,48,56,58,73,65,122
0,0,9,46,0,1,50,14,0,51,55,56,69,65,120
1,0,7,41,0,5,55,16,0,61,48,53,64,77,125
1,0,8,42,0,2,54,14,0,57,50,52,64,71,121
0,0,8,41,1,3,56,13,0,59,49,52,62,72,122
1,0,7,43,0,4,51,16,0,56,50,54,66,72,122
0,0,7,37,0,2,59,15,0,61,44,46,59,76,120
1,0,11,38,1,2,50,19,0,53,49,51,68,72,122
1,0,8,44,0,5,53,14,0,59,52,57,66,73,125
1,0,7,44,1,3,54,13,0,58,51,54,64,71,123
1,0,10,38,1,3,56,14,0,60,48,51,62,74,123
4,0,0,48,1,4,54,13,0,62,48,52,61,75,124
0,0,7,44,1,3,56,12,0,59,51,54,63,71,123
1,0,0,51,1,3,54,13,0,58,51,54,64,71,123
1,0,11,38,0,4,55,13,0,60,49,53,62,73,122
1,0,0,44,0,6,61,12,0,68,44,50,56,80,124
1,0,8,41,1,5,50,19,0,56,49,54,68,75,125
1,0,8,46,1,1,49,15,0,51,54,55,69,66,121
1,0,9,38,1,4,57,12,0,62,47,51,59,74,122
0,0,9,43,0,3,50,15,0,53,52,55,67,68,120
1,0,6,44,0,3,56,13,0,60,50,53,63,73,123
1,0,6,45,1,2,51,16,0,54,51,53,67,70,122
0,0,9,42,0,4,54,14,0,58,51,55,65,72,123
0,0,8,42,0,4,50,19,0,54,50,54,69,73,123
1,0,8,42,2,5,51,16,0,57,50,55,66,73,125
0,0,9,41,1,3,55,13,0,58,50,53,63,71,122
1,0,10,43,0,2,53,11,0,56,53,55,64,67,120
1,0,6,44,0,0,59,11,0,60,50,50,61,71,121
1,0,0,47,1,3,57,15,0,61,47,50,62,76,124
1,0,8,39,1,4,57,11,0,62,47,51,58,73,121
0,0,6,47,0,4,51,13,0,55,53,57,66,68,121
1,0,7,41,1,4,57,12,0,62,48,52,60,74,123
1,0,9,46,0,4,51,11,0,56,55,59,66,67,122
5,0,7,35,0,2,51,20,0,58,42,44,62,78,120
1,0,8,40,1,2,57,13,0,60,48,50,61,73,122
2,0,9,42,1,2,53,13,0,57,51,53,64,70,122
2,0,8,45,0,5,51,13,0,58,53,58,66,71,124
1,0,11,38,1,6,53,15,0,60,49,55,64,75,125
1,0,7,44,0,3,55,11,0,59,51,54,62,70,121
0,0,8,41,1,5,52,16,0,57,49,54,65,73,123
1,0,8,43,1,5,54,14,0,60,51,56,65,74,126
1,0,8,41,0,2,55,14,0,58,49,51,63,72,121
1,0,10,41,1,1,55,12,0,57,51,52,63,69,121
1,0,8,40,0,2,56,14,0,59,48,50,62,73,121
1,0,13,43,0,3,49,13,0,53,56,59,69,66,122
1,0,10,46,1,2,48,14,0,51,56,58,70,65,122
1,0,8,47,0,4,48,15,0,53,55,59,70,68,123
1,0,10,40,0,3,49,18,0,53,50,53,68,71,121
2,0,8,39,1,2,55,15,0,59,47,49,62,74,122
0,0,7,41,0,4,56,14,0,60,48,52,62,74,122
1,0,10,43,1,3,53,11,0,57,53,56,64,68,122
1,0,7,42,1,3,55,14,0,59,49,52,63,73,123
1,0,8,43,1,2,51,16,0,54,51,53,67,70,122
0,0,9,44,1,2,52,13,0,54,53,55,66,67,121
0,0,9,42,1,4,53,12,0,57,51,55,63,69,121
1,0,8,41,0,2,54,15,0,57,49,51,64,72,121
1,0,8,45,0,1,49,16,0,51,53,54,69,67,120
1,0,9,41,0,4,54,14,0,59,50,54,64,73,123
1,0,10,41,0,2,56,11,0,59,51,53,62,70,121
1,0,10,40,0,4,55,12,0,60,50,54,62,72,122
1,0,10,40,1,4,52,15,0,57,50,54,65,72,123
1,0,7,45,0,3,50,15,0,54,52,55,67,69,121
1,0,7,39,1,4,55,17,0,60,46,50,63,77,124
1,0,7,47,1,3,51,13,0,55,54,57,67,68,123
1,0,0,45,1,4,54,18,0,59,45,49,63,77,123
1,0,7,45,1,1,51,16,0,53,52,53,68,69,122
2,0,9,40,1,4,59,9,0,65,49,53,58,74,124
3,0,8,43,1,1,53,12,0,57,51,52,63,69,121
1,0,0,46,1,2,59,14,0,62,46,48,60,76,123
1,0,8,45,1,3,53,13,0,57,53,56,66,70,124
1,0,12,40,1,4,50,17,0,55,52,56,69,72,125
0,0,9,41,0,5,54,15,0,59,50,55,65,74,124
2,0,0,45,0,3,60,11,0,65,45,48,56,76,121
0,0,9,43,0,4,54,13,0,58,52,56,65,71,123
1,0,7,43,1,3,51,15,0,55,50,53,65,70,121
1,0,10,42,0,1,56,11,0,58,52,53,63,69,121
1,0,9,43,0,2,52,15,0,55,52,54,67,70,122
1,0,6,44,0,4,58,10,0,63,50,54,60,73,123
0,0,6,45,0,3,55,12,0,58,51,54,63,70,121
1,0,7,40,0,3,57,13,0,61,47,50,60,74,121
1,0,9,41,1,3,53,13,0,57,50,53,63,70,121
1,0,10,41,0,3,52,14,0,56,51,54,65,70,121
1,0,8,43,1,3,53,14,0,57,51,54,65,71,123
2,0,6,42,0,2,59,10,0,63,48,50,58,73,121
1,0,9,40,1,4,51,18,0,56,49,53,67,74,124
1,0,7,45,1,3,52,15,0,56,52,55,67,71,124
1,0,9,40,1,2,53,15,0,56,49,51,64,71,121
1,0,7,41,1,3,56,13,0,60,48,51,61,73,122
1,0,0,45,0,2,59,14,0,62,45,47,59,76,121
1,0,7,45,1,3,51,13,0,55,52,55,65,68,121
1,0,11,37,1,3,49,21,0,53,48,51,69,74,123
1,0,7,41,0,5,59,11,0,65,48,53,59,76,124
1,0,6,47,1,3,49,17,0,53,53,56,70,70,124
1,0,10,43,1,3,51,15,0,55,53,56,68,70,124
1,0,9,43,1,5,54,11,0,60,52,57,63,71,124
1,0,8,43,1,2,51,16,0,54,51,53,67,70,122
1,0,8,41,1,4,55,15,0,60,49,53,64,75,125
1,0,7,43,0,3,56,11,0,60,50,53,61,71,121
1,0,8,41,1,3,56,13,0,60,49,52,62,73,123
2,0,6,45,0,4,56,9,0,62,51,55,60,71,122
1,0,9,44,1,4,52,13,0,57,53,57,66,70,124
1,0,7,41,1,5,56,13,0,62,48,53,61,75,124
1,0,7,41,0,4,54,13,0,59,48,52,61,72,120
1,0,0,54,1,3,53,10,0,57,54,57,64,67,122
1,0,0,48,0,5,58,11,0,64,48,53,59,75,123
1,0,7,41,0,3,54,14,0,58,48,51,62,72,120
1,0,7,40,1,0,62,11,0,63,47,47,58,74,122
1,0,7,44,1,1,57,11,0,59,51,52,62,70,122
1,0,0,47,0,2,57,15,0,60,47,49,62,75,122
1,0,9,41,1,2,52,15,0,55,50,52,65,70,121
1,0,9,44,0,4,51,12,0,56,53,57,65,68,121
2,0,6,47,0,3,50,13,0,55,53,56,66,68,121
1,0,9,43,1,3,52,14,0,56,52,55,66,70,123
2,0,12,41,1,3,52,11,0,57,53,56,64,68,122
1,0,8,46,1,4,48,16,0,53,54,58,70,69,124
1,0,7,45,0,2,51,16,0,54,52,54,68,70,122
0,0,9,41,2,2,56,11,0,58,50,52,61,69,121
1,0,0,46,0,4,58,14,0,63,46,50,60,77,123
1,0,10,36,1,1,60,11,0,62,46,47,57,73,120
1,0,6,46,1,4,51,16,0,56,52,56,68,72,125
1,0,10,42,1,2,51,14,0,54,52,54,66,68,121
2,0,9,44,1,3,55,8,0,60,53,56,61,68,122
1,0,9,43,0,0,53,14,0,54,52,52,66,68,120
1,0,7,48,1,4,49,15,0,54,55,59,70,69,125
1,0,0,48,0,2,53,18,0,56,48,50,66,74,122
1,0,7,49,1,3,48,11,0,52,56,59,67,63,120
1,0,0,46,0,2,57,15,0,60,46,48,61,75,121
1,0,8,38,0,3,57,15,0,61,46,49,61,76,122
1,0,9,41,0,5,53,14,0,59,50,55,64,73,123
1,0,7,47,0,3,51,12,0,55,54,57,66,67,121
1,0,8,43,1,3,49,18,0,53,51,54,69,71,123
3,0,11,40,0,3,48,15,0,54,51,54,66,69,120
0,0,7,47,0,1,50,15,0,51,54,55,69,66,120
1,0,8,42,1,4,57,11,0,62,50,54,61,73,124
0,0,8,48,1,4,51,9,0,55,56,60,65,64,121
0,0,7,43,1,4,53,15,0,57,50,54,65,72,123
1,0,10,42,1,2,54,12,0,57,52,54,64,69,122
0,0,7,43,1,4,54,14,0,58,50,54,64,72,123
1,0,6,42,0,5,56,13,0,62,48,53,61,75,123
1,0,7,43,1,4,57,12,0,62,50,54,62,74,125
1,0,0,52,0,4,52,14,0,57,52,56,66,71,123
1,0,6,45,0,2,52,15,0,55,51,53,66,70,121
1,0,7,41,1,3,54,15,0,58,48,51,63,73,122
0,0,7,42,0,2,55,15,0,57,49,51,64,72,121
1,0,8,41,1,4,54,12,0,59,49,53,61,71,121
1,0,7,43,0,3,56,12,0,60,50,53,62,72,122
1,0,7,37,0,3,59,13,0,63,44,47,57,76,120
2,0,12,38,1,2,55,11,0,59,50,52,61,70,121
1,0,10,42,1,0,54,13,0,55,52,52,65,68,121
1,0,0,51,1,4,45,20,0,50,51,55,71,70,122
1,0,6,49,1,3,47,16,0,51,55,58,71,67,123
0,0,6,41,1,2,54,17,0,56,47,49,64,73,121
2,0,10,38,1,2,55,14,0,59,48,50,62,73,122
1,0,9,37,1,3,55,17,0,59,46,49,63,76,123
1,0,9,37,1,6,55,12,0,62,46,52,58,74,121
1,0,8,42,1,3,53,15,0,57,50,53,65,72,123
1,0,8,40,1,3,54,14,0,58,48,51,62,72,121
1,0,7,46,0,2,53,12,0,56,53,55,65,68,121
0,0,9,43,0,3,52,15,0,55,52,55,67,70,122
1,0,8,41,1,2,54,15,0,57,49,51,64,72,122
0,0,7,40,0,3,57,13,0,60,47,50,60,73,120
1,0,8,45,0,2,48,18,0,51,53,55,71,69,122
1,0,7,45,1,4,50,15,0,55,52,56,67,70,123
1,0,10,40,1,3,55,14,0,59,50,53,64,73,124
1,0,7,42,1,4,55,13,0,60,49,53,62,73,123
0,0,7,46,1,3,49,15,0,52,53,56,68,67,121
0,0,10,40,0,3,54,15,0,57,50,53,65,72,122
1,0,0,52,1,2,51,16,0,54,52,54,68,70,123
0,0,8,44,1,4,51,16,0,55,52,56,68,71,124
1,0,10,37,1,4,59,10,0,64,47,51,57,74,122
2,0,7,44,0,3,53,13,0,58,51,54,64,71,122
2,0,10,38,0,2,55,14,0,59,48,50,62,73,121
1,0,10,35,1,4,57,12,0,62,45,49,57,74,120
0,0,7,46,0,4,55,9,0,59,53,57,62,68,121
1,0,10,41,0,3,50,17,0,54,51,54,68,71,122
1,0,0,47,1,2,55,15,0,58,47,49,62,73,121
1,0,8,38,1,2,57,15,0,60,46,48,61,75,122
1,0,9,42,1,2,55,12,0,58,51,53,63,70,122
0,0,10,40,1,4,54,15,0,58,50,54,65,73,124
1,0,0,43,0,6,63,10,0,70,43,49,53,80,123
1,0,7,45,0,2,52,13,0,55,52,54,65,68,120
2,0,8,42,1,3,56,11,0,61,50,53,61,72,123
0,0,9,44,1,2,48,17,0,50,53,55,70,67,121
1,0,9,44,1,0,48,18,0,49,53,53,71,67,121
1,0,9,40,1,3,55,14,0,59,49,52,63,73,123
1,0,7,41,1,3,58,13,0,62,48,51,61,75,124
1,0,0,50,0,4,53,14,0,58,50,54,64,72,122
1,0,0,49,0,2,53,15,0,56,49,51,64,71,120
0,0,9,40,0,3,56,14,0,59,49,52,63,73,122
1,0,9,41,0,4,53,16,0,58,50,54,66,74,124
1,0,8,40,1,3,54,15,0,58,48,51,63,73,122
1,0,0,52,0,4,51,12,0,56,52,56,64,68,120
0,0,9,37,0,2,60,13,0,62,46,48,59,75,121
1,0,7,44,0,5,54,13,0,60,51,56,64,73,124
0,0,8,38,2,4,60,10,0,64,46,50,56,74,122
2,0,11,45,0,2,46,14,0,50,56,58,70,64,120
1,0,7,45,0,5,53,13,0,59,52,57,65,72,124
1,0,8,45,0,3,52,13,0,56,53,56,66,69,122
1,0,9,45,0,3,50,12,0,54,54,57,66,66,120
1,0,8,41,0,4,50,17,0,55,49,53,66,72,121
3,0,8,42,1,4,52,13,0,59,50,54,63,72,123
1,0,7,42,0,2,55,14,0,58,49,51,63,72,121
1,0,7,44,0,4,51,15,0,56,51,55,66,71,122
1,0,6,48,0,2,54,11,0,57,54,56,65,68,122
1,0,8,43,1,1,56,11,0,58,51,52,62,69,121
1,0,9,38,1,4,52,18,0,57,47,51,65,75,123
2,0,9,41,1,4,57,9,0,63,50,54,59,72,123
1,0,9,46,0,4,49,13,0,54,55,59,68,67,122
1,0,9,38,0,3,55,14,0,59,47,50,61,73,120
1,0,7,44,1,3,54,14,0,58,51,54,65,72,124
1,0,11,35,1,3,50,12,9,63,46,49,58,75,122
3,0,7,36,1,2,62,11,0,67,43,45,54,78,122
1,0,7,41,0,0,56,15,0,57,48,48,63,72,120
1,0,8,41,1,4,58,11,0,63,49,53,60,74,124
1,0,8,44,1,2,54,11,0,57,52,54,63,68,121
0,0,0,43,0,2,61,14,0,63,43,45,57,77,120
0,0,10,42,0,3,51,15,0,54,52,55,67,69,121
2,0,9,45,1,4,50,13,0,56,54,58,67,69,124
0,0,6,44,1,3,54,13,0,57,50,53,63,70,121
0,0,8,49,0,4,47,14,0,51,57,61,71,65,122
1,0,7,42,1,2,54,15,0,57,49,51,64,72,122
1,0,9,42,1,4,53,12,0,58,51,55,63,70,122
2,0,7,44,1,4,49,14,0,55,51,55,65,69,121
1,0,0,48,0,5,53,18,0,59,48,53,66,77,125
0,0,0,49,0,2,55,15,0,57,49,51,64,72,121
1,0,6,40,0,4,56,15,0,61,46,50,61,76,122
1,0,6,42,1,1,59,12,0,61,48,49,60,73,122
1,0,0,44,1,4,59,14,0,64,44,48,58,78,123
1,0,0,47,1,4,52,18,0,57,47,51,65,75,123
1,0,9,43,1,4,49,15,0,54,52,56,67,69,122
1,0,9,43,1,2,49,17,0,52,52,54,69,69,122
0,0,7,48,0,4,49,12,0,53,55,59,67,65,120
1,0,8,43,1,4,54,13,0,59,51,55,64,72,124
0,0,7,45,0,4,50,16,0,54,52,56,68,70,122
1,0,6,47,0,5,47,17,0,53,53,58,70,70,123
0,0,8,48,1,2,51,11,0,53,56,58,67,64,121
1,0,7,44,0,3,55,12,0,59,51,54,63,71,122
1,0,9,40,0,4,57,11,0,62,49,53,60,73,122
1,0,8,40,0,4,57,13,0,62,48,52,61,75,123
1,0,7,42,1,4,54,14,0,59,49,53,63,73,123
1,0,7,44,0,4,51,16,0,56,51,55,67,72,123
2,0,8,44,1,3,52,12,0,57,52,55,64,69,122
0,0,6,46,0,2,52,14,0,54,52,54,66,68,120
1,0,0,51,0,3,54,11,0,58,51,54,62,69,120
1,0,7,45,0,3,50,15,0,54,52,55,67,69,121
1,0,7,43,1,3,52,15,0,56,50,53,65,71,122
1,0,8,40,0,3,51,11,7,62,48,51,59,73,121
1,0,10,38,1,3,55,13,0,59,48,51,61,72,121
0,0,7,44,0,4,58,9,0,62,51,55,60,71,122
1,0,8,44,0,5,54,11,0,60,52,57,63,71,123
1,0,7,41,1,2,57,13,0,60,48,50,61,73,122
1,0,9,40,1,2,51,17,0,54,49,51,66,71,121
1,0,8,39,0,2,55,16,0,58,47,49,63,74,121
1,0,13,36,0,3,52,17,0,56,49,52,66,73,122
1,0,7,42,1,4,55,12,0,60,49,53,61,72,122
1,0,9,39,0,4,54,14,0,59,48,52,62,73,121
1,0,7,43,1,3,56,11,0,60,50,53,61,71,122
1,0,6,45,0,4,56,12,0,61,51,55,63,73,124
1,0,12,44,0,3,52,10,0,56,56,59,66,66,122
0,0,10,39,1,3,52,19,0,55,49,52,68,74,124
1,0,7,44,0,3,49,18,0,53,51,54,69,71,122
1,0,8,40,1,2,51,19,0,54,48,50,67,73,122
1,0,8,42,1,3,52,14,0,56,50,53,64,70,121
1,0,11,37,1,2,50,18,0,53,48,50,66,71,120
1,0,10,41,0,5,56,10,0,62,51,56,61,72,123
0,0,7,41,0,2,60,11,0,62,48,50,59,73,121
1,0,9,42,1,1,53,15,0,55,51,52,66,70,122
1,0,8,44,1,4,53,12,0,58,52,56,64,70,123
1,0,9,43,0,4,55,10,0,60,52,56,62,70,122
1,0,9,40,1,4,51,19,0,56,49,53,68,75,125
0,0,8,42,0,3,51,16,0,54,50,53,66,70,120
3,0,0,47,1,2,58,10,0,63,47,49,57,73,121
1,0,6,47,1,4,52,14,0,57,53,57,67,71,125
1,0,8,44,1,4,49,17,0,54,52,56,69,71,124
1,0,11,42,1,3,50,15,0,54,53,56,68,69,123
1,0,6,46,1,4,57,9,0,62,52,56,61,71,124
1,0,10,38,1,6,56,13,0,63,48,54,61,76,125
1,0,8,43,0,3,53,14,0,57,51,54,65,71,122
3,0,8,44,1,3,50,13,0,56,52,55,65,69,122
1,0,8,40,0,2,56,13,0,59,48,50,61,72,120
1,0,12,39,1,3,47,20,0,51,51,54,71,71,123
1,0,7,42,1,3,55,14,0,59,49,52,63,73,123
1,0,6,43,0,2,50,18,0,53,49,51,67,71,120
1,0,8,45,1,2,51,14,0,54,53,55,67,68,122
1,0,11,44,0,3,48,13,0,52,55,58,68,65,120
1,0,10,43,1,3,51,13,0,55,53,56,66,68,122
1,0,8,42,0,4,54,14,0,59,50,54,64,73,123
0,0,6,42,0,4,55,15,0,59,48,52,63,74,122
1,0,0,44,1,4,60,14,0,65,44,48,58,79,124
2,0,8,44,0,2,49,15,0,53,52,54,67,68,120
1,0,0,48,1,2,54,16,0,57,48,50,64,73,122
1,0,8,44,0,3,50,14,0,54,52,55,66,68,120
1,0,7,41,0,3,58,12,0,62,48,51,60,74,122
0,0,8,43,1,1,55,13,0,56,51,52,64,69,121
0,0,7,40,1,3,55,17,0,58,47,50,64,75,123
1,0,8,50,0,2,49,11,0,52,58,60,69,63,121
1,0,7,44,1,4,54,12,0,59,51,55,63,71,123
1,0,9,41,0,2,55,13,0,58,50,52,63,71,121
1,0,6,46,0,3,56,9,0,60,52,55,61,69,121
0,0,8,38,1,6,55,13,0,61,46,52,59,74,121
2,0,11,38,1,2,54,13,0,58,49,51,62,71,121
1,0,7,42,0,4,54,15,0,59,49,53,64,74,123
0,0,7,48,0,3,49,15,0,52,55,58,70,67,122
2,0,10,41,1,3,50,14,0,55,51,54,65,69,121
0,0,9,39,0,2,56,14,0,58,48,50,62,72,120
1,0,8,41,0,2,51,18,0,54,49,51,67,72,121
0,0,8,38,1,2,57,15,0,59,46,48,61,74,121
1,0,9,40,1,4,56,13,0,61,49,53,62,74,124
1,0,11,40,0,2,46,21,0,49,51,53,72,70,121
0,0,8,42,1,5,53,16,0,58,50,55,66,74,125
1,0,9,41,1,2,58,10,0,61,50,52,60,71,122
1,0,8,45,1,3,48,16,0,52,53,56,69,68,122
1,0,0,49,0,4,54,12,0,59,49,53,61,71,120
1,0,7,43,0,2,55,12,0,58,50,52,62,70,120
0,0,7,46,0,4,52,13,0,56,53,57,66,69,122
1,0,8,41,1,3,51,17,0,55,49,52,66,72,122
2,0,7,46,0,4,50,11,0,56,53,57,64,67,120
1,0,7,42,1,4,52,15,0,57,49,53,64,72,122
1,0,7,37,1,4,62,12,0,67,44,48,56,79,124
2,0,10,39,0,3,54,13,0,59,49,52,62,72,121
0,0,12,42,0,4,51,13,0,55,54,58,67,68,122
1,0,6,49,0,4,49,14,0,54,55,59,69,68,123
1,0,9,42,1,5,54,12,0,60,51,56,63,72,124
0,0,8,42,0,3,55,13,0,58,50,53,63,71,121
1,0,7,39,0,5,57,15,0,63,46,51,61,78,124
1,0,8,40,0,3,56,12,0,60,48,51,60,72,120
0,0,0,45,1,1,56,18,0,57,45,46,63,75,121
1,0,7,47,1,2,48,17,0,51,54,56,71,68,123
1,0,10,39,1,4,54,13,0,59,49,53,62,72,122
0,0,8,43,0,3,51,17,0,54,51,54,68,71,122
1,0,8,41,1,3,53,16,0,57,49,52,65,73,123
5,0,9,38,1,3,54,12,0,62,47,50,59,74,122
1,0,11,43,0,4,51,14,0,56,54,58,68,70,124
1,0,8,41,0,2,54,15,0,57,49,51,64,72,121
5,0,8,41,0,3,49,15,0,57,49,52,64,72,121
1,0,0,45,0,3,60,12,0,64,45,48,57,76,121
0,0,8,43,1,4,55,12,0,59,51,55,63,71,123
0,0,10,44,1,4,53,11,0,57,54,58,65,68,123
1,0,8,41,0,4,53,15,0,58,49,53,64,73,122
1,0,0,49,1,3,56,12,0,60,49,52,61,72,122
1,0,8,41,0,4,56,13,0,61,49,53,62,74,123
0,0,8,44,1,4,50,15,0,54,52,56,67,69,122
0,0,8,37,0,4,61,13,0,65,45,49,58,78,123
1,0,6,48,1,4,52,13,0,57,54,58,67,70,125
0,0,0,48,1,3,60,11,0,63,48,51,59,74,123
2,0,7,43,0,5,48,15,0,55,50,55,65,70,120
0,0,8,41,0,4,53,17,0,57,49,53,66,74,123
1,0,7,43,0,4,56,10,0,61,50,54,60,71,121
1,0,0,49,0,3,54,14,0,58,49,52,63,72,121
2,0,10,41,1,3,55,11,0,60,51,54,62,71,123
1,0,6,44,0,3,54,14,0,58,50,53,64,72,122
1,0,6,48,1,6,50,13,0,57,54,60,67,70,125
0,0,9,40,0,2,54,16,0,56,49,51,65,72,121
2,0,8,42,1,2,50,16,0,54,50,52,66,70,121
1,0,10,45,1,4,48,16,0,53,55,59,71,69,125
1,0,11,36,0,3,52,18,0,56,47,50,65,74,121
0,0,7,42,1,3,57,11,0,60,49,52,60,71,121
1,0,7,41,1,4,58,13,0,63,48,52,61,76,125
1,0,8,43,1,4,48,17,0,53,51,55,68,70,122
1,0,8,45,1,4,51,13,0,56,53,57,66,69,123
0,0,6,46,0,5,52,11,0,57,52,57,63,68,120
1,0,7,45,1,3,52,15,0,56,52,55,67,71,124
0,0,7,42,1,4,54,16,0,58,49,53,65,74,124
1,0,7,44,1,3,52,16,0,56,51,54,67,72,124
0,0,8,41,1,4,54,15,0,58,49,53,64,73,123
1,0,8,44,0,5,51,14,0,57,52,57,66,71,123
1,0,7,44,0,3,53,12,0,57,51,54,63,69,120
1,0,7,47,1,3,53,9,0,57,54,57,63,66,121
1,0,10,41,1,5,53,15,0,59,51,56,66,74,126
1,0,8,43,1,3,50,16,0,54,51,54,67,70,122
1,0,9,42,0,4,52,13,0,57,51,55,64,70,121
1,0,8,43,1,1,49,19,0,51,51,52,70,70,122
4,0,7,42,1,5,57,9,0,66,49,54,58,75,125
1,0,8,36,0,3,54,20,0,58,44,47,64,78,122
1,0,8,46,1,3,51,13,0,55,54,57,67,68,123
1,0,8,42,0,3,56,10,0,60,50,53,60,70,120
1,0,6,44,0,3,53,15,0,57,50,53,65,72,122
0,0,9,42,0,2,53,14,0,55,51,53,65,69,120
1,0,8,46,1,6,53,11,0,60,54,60,65,71,126
1,0,6,40,0,2,55,16,0,58,46,48,62,74,120
4,0,8,41,1,3,51,13,0,58,49,52,62,71,121
1,0,7,43,0,5,53,14,0,59,50,55,64,73,123
1,0,14,37,0,3,49,18,0,53,51,54,69,71,122
1,0,9,39,0,5,53,18,0,59,48,53,66,77,125
1,0,7,47,0,4,51,13,0,56,54,58,67,69,123
1,0,8,42,1,3,58,10,0,62,50,53,60,72,123
1,0,6,45,0,3,57,10,0,61,51,54,61,71,122
0,0,9,42,0,3,54,13,0,57,51,54,64,70,121
0,0,8,44,0,3,54,13,0,57,52,55,65,70,122
1,0,9,41,1,3,48,18,0,52,50,53,68,70,121
1,0,0,47,1,3,56,14,0,60,47,50,61,74,122
1,0,8,46,0,4,49,13,0,54,54,58,67,67,121
1,0,8,44,1,2,54,13,0,57,52,54,65,70,123
1,0,10,46,0,0,49,14,0,50,56,56,70,64,120
1,0,8,42,0,3,54,12,0,58,50,53,62,70,120
1,0,8,40,1,4,57,12,0,62,48,52,60,74,123
1,0,6,43,0,4,55,11,0,60,49,53,60,71,120
1,0,0,45,0,4,59,13,0,64,45,49,58,77,122
0,0,9,40,1,5,55,14,0,60,49,54,63,74,124
0,0,11,39,0,1,58,11,0,59,50,51,61,70,120
1,0,6,40,0,3,59,13,0,63,46,49,59,76,122
1,0,11,39,1,0,55,14,0,56,50,50,64,70,121
0,0,7,47,1,4,51,14,0,55,54,58,68,69,124
0,0,8,42,1,3,54,12,0,57,50,53,62,69,120
1,0,8,43,0,2,53,14,0,56,51,53,65,70,121
1,0,7,45,0,3,54,10,0,58,52,55,62,68,120
1,0,8,41,1,3,55,14,0,59,49,52,63,73,123
1,0,8,44,1,3,53,15,0,57,52,55,67,72,125
1,0,7,41,0,3,54,15,0,58,48,51,63,73,121
1,0,7,48,1,3,52,11,0,56,55,58,66,67,123
1,0,6,44,1,3,54,13,0,58,50,53,63,71,122
0,0,7,44,1,1,55,13,0,56,51,52,64,69,121
1,0,8,43,0,2,52,14,0,55,51,53,65,69,120
0,0,9,39,0,1,54,17,0,55,48,49,65,72,120
0,0,10,41,1,4,57,11,0,61,51,55,62,72,124
2,0,8,39,0,2,58,12,0,62,47,49,59,74,121
1,0,8,40,1,3,56,13,0,60,48,51,61,73,122
0,0,7,39,1,2,59,13,0,61,46,48,59,74,121
1,0,7,41,0,2,51,18,0,54,48,50,66,72,120
1,0,9,47,0,3,48,12,0,52,56,59,68,64,120
1,0,9,40,0,2,56,12,0,59,49,51,61,71,120
0,0,8,46,1,3,49,14,0,52,54,57,68,66,121
1,0,0,48,0,3,55,14,0,59,48,51,62,73,121
0,0,8,42,0,3,56,11,0,59,50,53,61,70,120
0,0,8,41,1,3,55,13,0,58,49,52,62,71,121
0,0,9,41,0,3,55,14,0,58,50,53,64,72,122
0,0,8,49,1,3,48,13,0,51,57,60,70,64,122
0,0,9,39,0,4,58,13,0,62,48,52,61,75,123
1,0,7,52,0,4,47,12,0,52,59,63,71,64,123
1,0,8,44,0,3,48,19,0,52,52,55,71,71,123
1,0,8,48,1,3,49,14,0,53,56,59,70,67,124
0,0,7,45,0,3,50,17,0,53,52,55,69,70,122
1,0,7,45,0,2,49,17,0,52,52,54,69,69,121
1,0,6,42,0,4,58,11,0,63,48,52,59,74,122
0,0,10,40,1,3,55,14,0,58,50,53,64,72,123
4,0,8,44,1,4,47,15,0,55,52,56,67,70,123
2,0,10,44,0,4,47,15,0,53,54,58,69,68,122
1,0,10,36,0,3,57,15,0,61,46,49,61,76,122
1,0,0,48,0,4,54,16,0,59,48,52,64,75,123
1,0,8,48,0,3,48,12,0,52,56,59,68,64,120
2,0,8,43,0,4,49,17,0,55,51,55,68,72,123
0,0,0,53,0,2,52,13,0,54,53,55,66,67,120
1,0,12,37,1,4,57,12,0,62,49,53,61,74,124
0,0,6,46,1,4,54,13,0,58,52,56,65,71,124
1,0,7,48,0,4,49,11,0,54,55,59,66,65,120
1,0,7,45,0,3,53,12,0,57,52,55,64,69,121
2,0,7,41,0,4,52,16,0,58,48,52,64,74,122
1,0,8,42,0,4,50,18,0,55,50,54,68,73,123
1,0,7,47,1,0,50,16,0,51,54,54,70,67,122
2,0,8,44,1,2,53,11,0,57,52,54,63,68,121
1,0,12,39,0,2,53,14,0,56,51,53,65,70,121
1,0,10,39,0,3,53,17,0,57,49,52,66,74,123
1,0,0,50,1,2,53,15,0,56,50,52,65,71,122
1,0,9,46,0,3,47,17,0,51,55,58,72,68,123
1,0,7,43,1,2,53,15,0,56,50,52,65,71,122
1,0,10,45,1,2,51,12,0,54,55,57,67,66,122
1,0,9,39,1,4,56,14,0,61,48,52,62,75,124
1,0,9,42,0,4,56,11,0,61,51,55,62,72,123
2,0,0,44,1,5,58,14,0,65,44,49,58,79,124
1,0,9,43,0,2,54,11,0,57,52,54,63,68,120
1,0,11,42,1,3,54,11,0,58,53,56,64,69,123
1,0,8,45,1,2,53,12,0,56,53,55,65,68,122
1,0,8,43,0,3,51,15,0,55,51,54,66,70,121
0,0,9,39,1,2,56,14,0,58,48,50,62,72,121
0,0,7,44,0,2,52,16,0,54,51,53,67,70,121
1,0,8,43,1,5,54,13,0,60,51,56,64,73,125
1,0,8,45,1,3,48,16,0,52,53,56,69,68,122
2,0,8,44,0,2,51,14,0,55,52,54,66,69,121
1,0,6,45,0,3,55,12,0,59,51,54,63,71,122
1,0,11,41,1,4,48,16,0,53,52,56,68,69,122
1,0,8,41,1,4,57,12,0,62,49,53,61,74,124
0,0,7,42,1,3,51,19,0,54,49,52,68,73,123
1,0,13,36,0,2,57,11,0,60,49,51,60,71,120
1,0,9,41,0,5,52,15,0,58,50,55,65,73,123
1,0,9,42,0,2,52,15,0,55,51,53,66,70,121
1,0,6,47,0,2,51,13,0,54,53,55,66,67,120
1,0,8,46,0,2,52,13,0,55,54,56,67,68,122
1,0,8,39,0,4,54,17,0,59,47,51,64,76,123
0,0,7,42,1,4,57,13,0,61,49,53,62,74,124
1,0,6,47,1,4,53,12,0,58,53,57,65,70,124
0,0,7,44,0,3,55,13,0,58,51,54,64,71,122
1,0,0,49,0,0,59,11,0,60,49,49,60,71,120
0,0,7,40,0,5,57,13,0,62,47,52,60,75,122
1,0,7,46,1,2,49,15,0,52,53,55,68,67,121
0,0,7,46,0,2,54,11,0,56,53,55,64,67,120
1,0,9,38,0,2,59,11,0,62,47,49,58,73,120
0,0,7,46,1,2,56,10,0,58,53,55,63,68,122
1,0,7,47,0,6,50,14,0,57,54,60,68,71,125
2,0,7,46,0,3,49,14,0,54,53,56,67,68,121
1,0,0,47,0,3,59,11,0,63,47,50,58,74,121
1,0,6,40,0,3,58,14,0,62,46,49,60,76,122
1,0,8,49,0,5,49,13,0,55,57,62,70,68,125
1,0,6,43,1,2,54,14,0,57,49,51,63,71,121
1,0,7,45,0,4,56,11,0,61,52,56,63,72,124
1,0,6,41,1,3,59,12,0,63,47,50,59,75,123
0,0,11,34,0,4,60,14,0,64,45,49,59,78,123
1,0,10,44,0,3,51,11,0,55,54,57,65,66,120
1,0,0,48,0,3,58,13,0,62,48,51,61,75,123
1,0,7,46,0,3,48,15,0,52,53,56,68,67,120
1,0,8,46,0,2,51,12,0,54,54,56,66,66,120
2,0,7,45,0,4,52,12,0,58,52,56,64,70,122
1,0,8,42,1,3,51,17,0,55,50,53,67,72,123
1,0,6,43,1,4,53,16,0,58,49,53,65,74,124
1,0,8,44,1,3,52,14,0,56,52,55,66,70,123
1,0,0,46,0,2,58,13,0,61,46,48,59,74,120
1,0,8,44,1,4,55,10,0,60,52,56,62,70,123
1,0,8,42,1,3,56,12,0,60,50,53,62,72,123
1,0,0,50,0,3,58,11,0,62,50,53,61,73,123
0,0,0,54,1,3,50,15,0,53,54,57,69,68,123
1,0,11,42,0,4,51,14,0,56,53,57,67,70,123
1,0,7,43,1,5,53,16,0,59,50,55,66,75,126
0,0,14,39,0,3,49,16,0,52,53,56,69,68,121
1,0,10,38,1,3,53,16,0,57,48,51,64,73,122
1,0,8,40,1,5,58,12,0,64,48,53,60,76,125
1,0,7,45,0,5,51,16,0,57,52,57,68,73,125
1,0,9,44,0,4,53,12,0,58,53,57,65,70,123
1,0,9,44,0,2,52,12,0,55,53,55,65,67,120
0,0,7,45,1,3,51,14,0,54,52,55,66,68,121
0,0,0,53,1,5,51,15,0,56,53,58,68,71,125
1,0,6,46,0,3,55,10,0,59,52,55,62,69,121
1,0,8,45,1,3,51,12,0,55,53,56,65,67,121
1,0,9,44,1,3,52,12,0,56,53,56,65,68,122
0,0,7,37,0,4,62,12,0,66,44,48,56,78,122
1,0,6,43,0,3,57,12,0,61,49,52,61,73,122
1,0,11,42,0,3,50,16,0,54,53,56,69,70,123
1,0,8,42,0,3,55,12,0,59,50,53,62,71,121
0,0,9,40,0,2,54,16,0,56,49,51,65,72,121
1,0,9,40,0,2,52,16,0,55,49,51,65,71,120
1,0,10,41,1,2,48,19,0,51,51,53,70,70,122
0,0,8,43,1,4,53,13,0,57,51,55,64,70,122
3,0,7,43,1,4,50,15,0,57,50,54,65,72,123
3,0,10,42,1,3,50,13,0,56,52,55,65,69,122
1,0,6,47,1,5,54,11,0,60,53,58,64,71,125
1,0,8,43,1,2,55,13,0,58,51,53,64,71,123
1,0,9,47,0,2,46,17,0,49,56,58,73,66,122
0,0,9,42,1,3,55,13,0,58,51,54,64,71,123
1,0,8,42,0,2,56,13,0,59,50,52,63,72,122
1,0,0,46,0,3,58,14,0,62,46,49,60,76,122
1,0,10,37,1,4,58,14,0,63,47,51,61,77,125
1,0,7,41,1,6,53,17,0,60,48,54,65,77,126
0,0,9,42,0,3,52,15,0,55,51,54,66,70,121
1,0,0,49,0,3,57,12,0,61,49,52,61,73,122
1,0,8,40,1,4,56,14,0,61,48,52,62,75,124
0,0,10,39,0,2,53,16,0,55,49,51,65,71,120
1,0,8,44,1,2,52,13,0,55,52,54,65,68,121
1,0,10,40,1,3,54,13,0,58,50,53,63,71,122
0,0,7,46,0,5,48,17,0,53,53,58,70,70,123
1,0,7,41,0,3,54,14,0,58,48,51,62,72,120
2,0,10,36,1,3,56,15,0,61,46,49,61,76,123
1,0,9,39,0,2,57,12,0,60,48,50,60,72,120
0,0,7,46,0,4,51,14,0,55,53,57,67,69,122
1,0,7,43,0,3,51,15,0,55,50,53,65,70,120
0,0,6,42,0,3,57,14,0,60,48,51,62,74,122
2,0,9,41,0,3,52,15,0,57,50,53,65,72,122
1,0,6,42,1,5,52,15,0,58,48,53,63,73,122
1,0,6,48,1,4,50,14,0,55,54,58,68,69,124
1,0,0,46,0,4,57,16,0,62,46,50,62,78,124
1,0,6,43,1,2,56,13,0,59,49,51,62,72,122
0,0,10,37,0,3,57,15,0,60,47,50,62,75,122
0,0,11,45,1,0,52,12,0,52,56,56,68,64,121
1,0,11,40,1,4,53,14,0,58,51,55,65,72,124
1,0,0,46,2,4,60,10,0,65,46,50,56,75,123
1,0,7,42,1,1,56,13,0,58,49,50,62,71,121
1,0,7,44,1,2,53,15,0,56,51,53,66,71,123
1,0,7,45,1,2,54,12,0,57,52,54,64,69,122
1,0,8,38,1,3,55,18,0,59,46,49,64,77,124
1,0,10,43,1,2,54,10,0,57,53,55,63,67,121
1,0,10,38,1,4,55,16,0,60,48,52,64,76,125
0,0,7,42,1,2,56,13,0,58,49,51,62,71,121
0,0,6,40,1,5,56,14,0,61,46,51,60,75,122
0,0,9,40,1,4,54,15,0,58,49,53,64,73,123
1,0,11,41,0,3,54,12,0,58,52,55,64,70,122
1,0,9,42,1,3,54,13,0,58,51,54,64,71,123
2,0,12,37,0,0,58,11,0,60,49,49,60,71,120
1,0,8,40,0,4,56,11,0,61,48,52,59,72,120
1,0,9,45,1,4,49,16,0,54,54,58,70,70,125
1,0,7,47,0,3,53,12,0,57,54,57,66,69,123
3,0,9,46,0,3,49,12,0,55,55,58,67,67,122
1,0,7,40,1,3,59,12,0,63,47,50,59,75,123
0,0,7,48,1,1,52,12,0,53,55,56,67,65,121
2,0,8,41,0,4,55,13,0,61,49,53,62,74,123
1,0,7,45,1,2,53,12,0,56,52,54,64,68,121
1,0,8,44,0,5,51,15,0,57,52,57,67,72,124
1,0,8,44,1,5,50,16,0,56,52,57,68,72,125
0,0,8,49,1,2,50,12,0,52,57,59,69,64,122
1,0,9,38,1,2,59,12,0,62,47,49,59,74,122
1,0,7,42,1,5,51,17,0,57,49,54,66,74,124
1,0,14,36,0,3,51,16,0,55,50,53,66,71,121
1,0,6,50,1,3,47,13,0,51,56,59,69,64,121
1,0,8,42,0,2,54,14,0,57,50,52,64,71,121
1,0,8,44,0,3,54,13,0,58,52,55,65,71,123
0,0,7,37,1,3,60,13,0,63,44,47,57,76,121
1,0,7,44,1,2,53,14,0,56,51,53,65,70,122
1,0,0,48,1,4,57,13,0,62,48,52,61,75,124
1,0,0,45,1,4,63,10,0,68,45,49,55,78,124
1,0,7,48,1,4,50,13,0,55,55,59,68,68,124
1,0,7,45,1,3,53,12,0,57,52,55,64,69,122
1,0,6,46,1,3,51,15,0,55,52,55,67,70,123
1,0,10,42,1,3,53,14,0,57,52,55,66,71,124
1,0,6,43,0,3,53,16,0,57,49,52,65,73,122
1,0,0,50,1,3,57,11,0,61,50,53,61,72,123
1,0,8,41,0,4,58,11,0,63,49,53,60,74,123
1,0,8,39,1,2,59,11,0,62,47,49,58,73,121
1,0,8,44,1,3,50,16,0,54,52,55,68,70,123
1,0,8,42,0,3,57,12,0,61,50,53,62,73,123
1,0,10,40,0,4,54,15,0,59,50,54,65,74,124
1,0,8,45,1,5,51,15,0,57,53,58,68,72,126
0,0,8,44,0,4,55,9,0,59,52,56,61,68,120
1,0,7,43,0,4,51,15,0,56,50,54,65,71,121
2,0,9,36,1,3,57,15,0,62,45,48,60,77,123
1,0,7,43,0,3,55,13,0,59,50,53,63,72,122
1,0,11,41,1,3,50,16,0,54,52,55,68,70,123
2,0,9,40,0,4,52,16,0,58,49,53,65,74,123
1,0,9,40,0,2,57,12,0,60,49,51,61,72,121
0,0,9,41,0,3,54,13,0,57,50,53,63,70,120
1,0,10,41,0,3,51,15,0,55,51,54,66,70,121
1,0,8,41,1,5,57,12,0,63,49,54,61,75,125
0,0,7,50,0,2,53,9,0,55,57,59,66,64,121
1,0,6,41,1,4,57,13,0,62,47,51,60,75,123
0,0,10,42,0,3,54,11,0,57,52,55,63,68,120
0,0,6,45,1,2,53,14,0,55,51,53,65,69,121
1,0,7,43,1,5,56,12,0,62,50,55,62,74,125
1,0,7,41,1,4,56,14,0,61,48,52,62,75,124
1,0,6,44,0,4,54,14,0,59,50,54,64,73,123
1,0,6,45,1,2,50,16,0,53,51,53,67,69,121
1,0,10,39,1,3,56,10,0,60,49,52,59,70,120
1,0,9,38,0,3,58,12,0,62,47,50,59,74,121
1,0,12,34,1,4,55,16,0,60,46,50,62,76,123
1,0,6,44,1,4,57,10,0,62,50,54,60,72,123
2,0,8,38,1,2,56,14,0,60,46,48,60,74,121
0,0,6,49,1,2,50,13,0,52,55,57,68,65,121
4,0,10,40,1,1,53,12,0,58,50,51,62,70,121
1,0,8,41,1,2,51,17,0,54,49,51,66,71,121
1,0,8,44,1,4,52,12,0,57,52,56,64,69,122
1,0,8,41,0,2,55,13,0,58,49,51,62,71,120
2,0,11,35,0,3,55,15,0,60,46,49,61,75,121
3,0,8,44,1,3,52,10,0,58,52,55,62,68,121
0,0,9,41,0,2,58,11,0,60,50,52,61,71,121
1,0,0,47,0,3,59,12,0,63,47,50,59,75,122
1,0,8,43,0,4,53,14,0,58,51,55,65,72,123
1,0,10,39,1,3,52,15,0,56,49,52,64,71,121
0,0,8,43,1,3,57,9,0,60,51,54,60,69,121
1,0,11,42,0,3,56,10,0,60,53,56,63,70,123
1,0,9,39,0,3,55,14,0,59,48,51,62,73,121
1,0,8,44,1,2,54,13,0,57,52,54,65,70,123
1,0,9,42,0,3,56,12,0,60,51,54,63,72,123
1,0,15,35,1,3,53,15,0,57,50,53,65,72,123
1,0,0,47,1,4,48,21,0,53,47,51,68,74,122
1,0,9,44,1,4,51,13,0,56,53,57,66,69,123
1,0,0,48,0,5,58,12,0,64,48,53,60,76,124
0,0,7,42,0,3,56,13,0,59,49,52,62,72,121
0,0,8,42,0,5,52,17,0,57,50,55,67,74,124
1,0,11,40,0,2,52,14,0,55,51,53,65,69,120
1,0,10,38,1,6,51,14,0,58,48,54,62,72,121
1,0,7,50,0,4,50,12,0,55,57,61,69,67,124
1,0,0,47,1,6,54,17,0,61,47,53,64,78,126
1,0,11,40,1,3,51,17,0,55,51,54,68,72,124
1,0,9,41,1,2,52,15,0,55,50,52,65,70,121
1,0,10,40,0,3,54,15,0,58,50,53,65,73,123
0,0,7,46,1,2,53,12,0,55,53,55,65,67,121
0,0,10,38,1,3,57,13,0,60,48,51,61,73,122
0,0,8,44,1,4,55,11,0,59,52,56,63,70,123
1,0,8,41,1,2,59,11,0,62,49,51,60,73,123
1,0,6,41,0,2,56,15,0,59,47,49,62,74,121
1,0,11,42,0,2,49,16,0,52,53,55,69,68,121
1,0,10,41,0,3,54,13,0,58,51,54,64,71,122
1,0,7,45,0,2,55,11,0,58,52,54,63,69,121
1,0,7,47,0,2,52,11,0,55,54,56,65,66,120
1,0,8,46,0,1,48,17,0,50,54,55,71,67,121
1,0,8,41,1,3,54,15,0,58,49,52,64,73,123
3,0,9,39,1,3,58,9,0,64,48,51,57,73,122
1,0,8,43,0,4,50,16,0,55,51,55,67,71,122
1,0,8,42,0,2,51,16,0,54,50,52,66,70,120
0,0,8,41,1,0,54,17,0,54,49,49,66,71,121
0,0,7,46,1,2,52,13,0,54,53,55,66,67,121
2,0,6,42,1,2,55,13,0,59,48,50,61,72,121
1,0,8,39,1,1,61,10,0,63,47,48,57,73,121
1,0,8,40,0,2,52,17,0,55,48,50,65,72,120
1,0,10,39,0,3,48,21,0,52,49,52,70,73,122
1,0,9,42,0,5,48,20,0,54,51,56,71,74,125
1,0,9,39,1,3,53,15,0,57,48,51,63,72,121
1,0,9,46,0,3,51,10,0,55,55,58,65,65,120
0,0,6,48,0,4,47,17,0,51,54,58,71,68,122
1,0,6,44,0,3,57,11,0,61,50,53,61,72,122
1,0,10,43,0,2,51,13,0,54,53,55,66,67,120
1,0,9,41,1,3,53,14,0,57,50,53,64,71,122
1,0,8,44,0,3,52,14,0,56,52,55,66,70,122
3,0,8,44,1,4,55,8,0,62,52,56,60,70,123
0,0,11,45,0,2,54,8,0,56,56,58,64,64,120
0,0,9,37,1,4,58,14,0,62,46,50,60,76,123
1,0,8,42,1,2,53,15,0,56,50,52,65,71,122
0,0,8,43,1,4,55,13,0,59,51,55,64,72,124
1,0,9,45,0,3,51,12,0,55,54,57,66,67,121
1,0,9,42,0,1,54,14,0,56,51,52,65,70,121
1,0,8,41,0,2,53,15,0,56,49,51,64,71,120
1,0,9,39,0,4,54,16,0,59,48,52,64,75,123
1,0,9,41,1,2,51,17,0,54,50,52,67,71,122
2,0,8,42,0,3,56,10,0,61,50,53,60,71,121
1,0,9,35,0,2,58,16,0,61,44,46,60,77,121
1,0,6,51,1,3,47,14,0,51,57,60,71,65,123
1,0,8,40,0,4,56,13,0,61,48,52,61,74,122
1,0,8,46,0,2,50,14,0,53,54,56,68,67,121
2,0,12,39,0,4,53,12,0,59,51,55,63,71,122
1,0,7,43,1,2,58,10,0,61,50,52,60,71,122
0,0,10,39,1,4,52,17,0,56,49,53,66,73,123
1,0,7,42,1,4,60,8,0,65,49,53,57,73,123
1,0,9,40,0,5,55,13,0,61,49,54,62,74,123
1,0,6,37,1,3,57,17,0,61,43,46,60,78,122
1,0,8,43,1,5,48,18,0,54,51,56,69,72,124
1,0,6,44,1,4,54,14,0,59,50,54,64,73,124
1,0,0,48,0,3,58,11,0,62,48,51,59,73,121
1,0,0,47,1,5,59,12,0,65,47,52,59,77,125
1,0,6,48,0,4,50,14,0,55,54,58,68,69,123
1,0,11,40,1,3,53,14,0,57,51,54,65,71,123
1,0,8,38,0,2,54,19,0,57,46,48,65,76,122
1,0,6,50,1,4,51,12,0,56,56,60,68,68,125
3,0,7,43,0,2,53,13,0,58,50,52,63,71,121
1,0,7,47,0,3,48,17,0,52,54,57,71,69,123
3,0,7,42,1,4,47,17,0,54,49,53,66,71,121
1,0,0,50,1,5,56,12,0,62,50,55,62,74,125
1,0,7,45,0,5,53,13,0,59,52,57,65,72,124
1,0,10,38,0,3,55,13,0,59,48,51,61,72,120
0,0,8,43,0,2,59,8,0,61,51,53,59,69,120
1,0,7,41,0,2,56,13,0,59,48,50,61,72,120
1,0,9,38,1,5,57,13,0,63,47,52,60,76,124
1,0,8,41,1,3,53,14,0,57,49,52,63,71,121
1,0,7,42,1,4,59,9,0,64,49,53,58,73,123
1,0,7,42,0,5,54,15,0,60,49,54,64,75,124
1,0,0,47,1,4,58,13,0,63,47,51,60,76,124
1,0,8,43,0,3,47,20,0,51,51,54,71,71,122
1,0,10,42,1,4,51,15,0,56,52,56,67,71,124
1,0,0,52,1,0,51,17,0,52,52,52,69,69,122
1,0,9,43,0,1,51,15,0,53,52,53,67,68,120
1,0,7,44,1,4,47,18,0,52,51,55,69,70,122
0,0,8,42,0,4,54,14,0,58,50,54,64,72,122
1,0,7,40,0,3,58,13,0,62,47,50,60,75,122
0,0,10,43,1,3,49,16,0,52,53,56,69,68,122
1,0,8,46,0,3,52,11,0,56,54,57,65,67,121
1,0,7,45,1,3,51,14,0,55,52,55,66,69,122
0,0,0,48,0,5,52,18,0,57,48,53,66,75,123
1,0,8,43,0,2,53,14,0,56,51,53,65,70,121
1,0,8,44,1,1,55,12,0,57,52,53,64,69,122
0,0,7,48,1,2,50,14,0,52,55,57,69,66,122
1,0,9,40,0,2,59,10,0,62,49,51,59,72,121
1,0,10,40,1,4,54,13,0,59,50,54,63,72,123
1,0,7,43,1,0,55,14,0,56,50,50,64,70,121
1,0,7,46,1,4,51,13,0,56,53,57,66,69,123
0,0,7,43,1,4,53,15,0,57,50,54,65,72,123
1,0,10,40,0,2,52,16,0,55,50,52,66,71,121
0,0,7,44,1,0,55,14,0,55,51,51,65,69,121
1,0,6,41,1,3,54,16,0,58,47,50,63,74,122
1,0,10,42,0,4,50,16,0,55,52,56,68,71,123
3,0,10,39,0,6,51,11,0,60,49,55,60,71,120
1,0,7,42,1,2,53,17,0,56,49,51,66,73,123
1,0,9,43,1,5,49,14,0,55,52,57,66,69,122
1,0,7,44,1,4,57,10,0,62,51,55,61,72,124
1,0,0,48,0,5,53,17,0,59,48,53,65,76,124
1,0,9,40,1,4,58,10,0,63,49,53,59,73,123
1,0,9,42,0,3,53,13,0,57,51,54,64,70,121
1,0,9,41,1,3,59,10,0,63,50,53,60,73,124
1,0,9,40,0,3,55,13,0,59,49,52,62,72,121
1,0,11,42,0,2,49,16,0,52,53,55,69,68,121
1,0,0,49,1,2,56,12,0,59,49,51,61,71,121
0,0,7,44,0,2,51,16,0,53,51,53,67,69,120
1,0,11,37,0,3,58,11,0,62,48,51,59,73,121
1,0,8,42,1,2,52,15,0,55,50,52,65,70,121
1,0,8,42,0,2,57,11,0,60,50,52,61,71,121
1,0,7,42,1,2,56,12,0,59,49,51,61,71,121
0,0,0,52,0,3,53,14,0,56,52,55,66,70,122
1,0,9,41,0,4,58,11,0,63,50,54,61,74,124
1,0,10,42,0,4,52,14,0,57,52,56,66,71,123
1,0,11,42,0,3,51,15,0,55,53,56,68,70,123
1,0,9,40,0,1,57,12,0,59,49,50,61,71,120
1,0,8,43,1,3,50,16,0,54,51,54,67,70,122
1,0,8,43,0,4,52,14,0,57,51,55,65,71,122
0,0,7,41,0,3,57,14,0,60,48,51,62,74,122
1,0,0,52,0,3,50,15,0,54,52,55,67,69,121
0,0,7,41,1,2,58,12,0,60,48,50,60,72,121
1,0,7,43,1,4,52,16,0,57,50,54,66,73,124
1,0,9,37,0,3,59,12,0,63,46,49,58,75,121
2,0,7,41,1,2,55,13,0,59,48,50,61,72,121
1,0,8,39,1,3,59,12,0,63,47,50,59,75,123
1,0,7,45,0,3,53,14,0,57,52,55,66,71,123
1,0,8,43,1,3,55,12,0,59,51,54,63,71,123
0,0,10,43,0,3,47,17,0,50,53,56,70,67,120
1,0,8,41,0,3,52,18,0,56,49,52,67,74,123
1,0,0,50,1,3,59,10,0,63,50,53,60,73,124
0,0,11,41,0,2,54,13,0,56,52,54,65,69,121
1,0,8,44,0,3,51,15,0,55,52,55,67,70,122
1,0,8,43,0,4,51,15,0,56,51,55,66,71,122
4,0,11,42,1,2,53,8,0,59,53,55,61,67,121
1,0,7,44,0,4,54,13,0,59,51,55,64,72,123
1,0,7,43,1,2,58,10,0,61,50,52,60,71,122
1,0,7,43,1,3,55,13,0,59,50,53,63,72,123
0,0,7,41,1,3,57,13,0,60,48,51,61,73,122
0,0,6,45,1,4,49,16,0,53,51,55,67,69,121
1,0,7,47,0,3,49,14,0,53,54,57,68,67,121
1,0,10,39,1,4,56,13,0,61,49,53,62,74,124
0,0,6,47,1,4,48,17,0,52,53,57,70,69,123
2,0,10,40,1,6,54,13,0,62,50,56,63,75,126
1,0,7,46,1,4,52,12,0,57,53,57,65,69,123
0,0,9,39,0,3,57,14,0,60,48,51,62,74,122
1,0,9,39,1,3,57,12,0,61,48,51,60,73,122
1,0,8,44,0,3,53,12,0,57,52,55,64,69,121
1,0,7,40,1,2,59,11,0,62,47,49,58,73,121
1,0,8,43,1,2,51,15,0,54,51,53,66,69,121
1,0,11,40,1,4,54,13,0,59,51,55,64,72,124
0,0,8,47,0,3,46,18,0,49,55,58,73,67,122
1,0,7,43,1,2,52,15,0,55,50,52,65,70,121
1,0,0,52,1,5,50,15,0,56,52,57,67,71,124
1,0,9,39,1,2,54,17,0,57,48,50,65,74,123
1,0,7,46,0,3,53,10,0,57,53,56,63,67,120
1,0,6,43,1,3,56,14,0,60,49,52,63,74,124
1,0,7,48,0,4,49,13,0,54,55,59,68,67,122
1,0,8,47,1,5,50,11,0,56,55,60,66,67,123
1,0,9,38,1,4,55,17,0,60,47,51,64,77,125
1,0,9,41,1,3,55,13,0,59,50,53,63,72,123
1,0,9,40,1,3,54,16,0,58,49,52,65,74,124
1,0,0,51,1,2,50,17,0,53,51,53,68,70,122
1,0,9,39,1,1,52,18,0,54,48,49,66,72,121
1,0,9,41,0,4,58,10,0,63,50,54,60,73,123
1,0,7,43,0,3,53,15,0,57,50,53,65,72,122
0,0,8,41,0,4,54,13,0,58,49,53,62,71,120
1,0,9,42,1,5,49,18,0,55,51,56,69,73,125
0,0,7,44,1,4,54,13,0,58,51,55,64,71,123
1,0,8,44,0,3,52,14,0,56,52,55,66,70,122
1,0,8,46,0,3,49,14,0,53,54,57,68,67,121
2,0,0,51,1,4,51,15,0,57,51,55,66,72,124
1,0,7,43,1,3,53,13,0,57,50,53,63,70,121
1,0,9,47,1,3,49,14,0,53,56,59,70,67,124
1,0,9,46,1,3,49,14,0,53,55,58,69,67,123
1,0,10,47,0,1,45,16,0,47,57,58,73,63,120
0,0,9,43,1,4,54,12,0,58,52,56,64,70,123
0,0,7,46,1,3,55,10,0,58,53,56,63,68,122
1,0,8,40,1,4,56,13,0,61,48,52,61,74,123
1,0,10,39,1,4,55,14,0,60,49,53,63,74,124
1,0,7,42,0,4,54,15,0,59,49,53,64,74,123
1,0,10,38,1,3,53,17,0,57,48,51,65,74,123
1,0,11,36,0,3,59,11,0,63,47,50,58,74,121
2,0,9,39,0,4,57,11,0,63,48,52,59,74,122
1,0,7,47,0,3,52,10,0,56,54,57,64,66,120
1,0,8,41,1,5,51,18,0,57,49,54,67,75,125
1,0,10,40,0,2,51,16,0,54,50,52,66,70,120
0,0,6,42,1,1,58,13,0,59,48,49,61,72,121
1,0,7,41,1,1,56,15,0,58,48,49,63,73,122
0,0,10,49,1,4,47,13,0,51,59,63,72,64,124
0,0,8,44,0,5,51,15,0,56,52,57,67,71,123
3,0,7,46,0,2,52,10,0,57,53,55,63,67,120
1,0,0,46,1,3,54,18,0,58,46,49,64,76,123
1,0,9,44,1,3,51,12,0,55,53,56,65,67,121
1,0,8,44,1,3,53,12,0,57,52,55,64,69,122
0,0,0,46,0,5,57,15,0,62,46,51,61,77,123
1,0,9,41,1,3,52,15,0,56,50,53,65,71,122
1,0,7,39,0,3,56,16,0,60,46,49,62,76,122
1,0,0,48,1,3,54,17,0,58,48,51,65,75,124
1,0,9,47,0,3,49,14,0,53,56,59,70,67,123
1,0,10,41,0,4,53,13,0,58,51,55,64,71,122
3,0,9,39,1,4,55,13,0,62,48,52,61,75,124
1,0,8,42,1,2,55,12,0,58,50,52,62,70,121
2,0,8,40,1,2,54,14,0,58,48,50,62,72,121
1,0,9,44,1,2,52,12,0,55,53,55,65,67,121
2,0,0,47,0,3,58,10,0,63,47,50,57,73,120
2,0,0,46,1,4,54,14,0,60,46,50,60,74,121
1,0,9,43,0,3,49,18,0,53,52,55,70,71,123
1,0,8,41,0,0,61,9,0,62,49,49,58,71,120
1,0,0,50,1,2,55,13,0,58,50,52,63,71,122
0,0,11,39,0,1,50,19,0,51,50,51,69,70,120
2,0,11,42,0,3,50,13,0,55,53,56,66,68,121
1,0,10,40,0,2,57,10,0,60,50,52,60,70,120
0,0,9,41,1,3,53,16,0,56,50,53,66,72,123
1,0,10,42,0,4,51,16,0,56,52,56,68,72,124
1,0,11,38,0,5,58,11,0,64,49,54,60,75,124
0,0,7,42,0,4,56,13,0,60,49,53,62,73,122
0,0,10,41,0,2,57,11,0,59,51,53,62,70,121
1,0,9,38,0,6,53,13,0,60,47,53,60,73,120
1,0,8,43,1,2,52,14,0,55,51,53,65,69,121
1,0,7,44,0,3,54,14,0,58,51,54,65,72,123
1,0,0,50,1,2,54,14,0,57,50,52,64,71,122
1,0,11,43,0,4,51,12,0,56,54,58,66,68,122
1,0,6,46,1,3,54,13,0,58,52,55,65,71,124
0,0,8,45,1,3,48,16,0,51,53,56,69,67,121
1,0,7,48,0,2,49,15,0,52,55,57,70,67,122
1,0,7,45,1,2,52,14,0,55,52,54,66,69,122
1,0,12,41,1,3,50,15,0,54,53,56,68,69,123
1,0,7,46,0,6,49,12,0,56,53,59,65,68,121
0,0,6,44,0,2,54,15,0,56,50,52,65,71,121
0,0,11,41,1,2,54,12,0,56,52,54,64,68,121
1,0,7,47,0,3,53,11,0,57,54,57,65,68,122
3,0,8,43,1,2,48,15,0,53,51,53,66,68,120
0,0,7,46,1,2,55,10,0,57,53,55,63,67,121
0,0,8,43,0,3,54,13,0,57,51,54,64,70,121
1,0,7,46,1,4,51,14,0,56,53,57,67,70,124
1,0,7,43,0,2,52,16,0,55,50,52,66,71,121
1,0,8,46,0,4,50,12,0,55,54,58,66,67,121
3,0,8,39,1,4,59,10,0,66,47,51,57,76,124
0,0,9,46,1,4,50,13,0,54,55,59,68,67,123
1,0,0,51,0,3,52,16,0,56,51,54,67,72,123
1,0,8,42,1,4,52,13,0,57,50,54,63,70,121
1,0,8,36,0,3,58,14,0,62,44,47,58,76,120
1,0,7,43,0,2,56,11,0,59,50,52,61,70,120
1,0,0,48,1,2,57,12,0,60,48,50,60,72,121
1,0,6,45,1,4,56,11,0,61,51,55,62,72,124
1,0,7,40,1,3,56,14,0,60,47,50,61,74,122
1,0,7,43,1,2,56,12,0,59,50,52,62,71,122
0,0,10,41,1,3,53,13,0,56,51,54,64,69,121
5,0,14,31,1,5,50,15,0,60,45,50,60,75,121
0,0,8,41,1,2,58,12,0,60,49,51,61,72,122
1,0,8,44,1,2,55,10,0,58,52,54,62,68,121
1,0,6,49,1,4,50,11,0,55,55,59,66,66,122
1,0,9,48,1,2,47,13,0,50,57,59,70,63,121
2,0,10,41,0,3,52,13,0,57,51,54,64,70,121
1,0,8,44,1,5,54,11,0,60,52,57,63,71,124
0,0,10,42,1,3,54,11,0,57,52,55,63,68,121
1,0,0,50,0,2,52,16,0,55,50,52,66,71,121
1,0,9,42,0,3,53,14,0,57,51,54,65,71,122
1,0,7,44,0,4,53,13,0,58,51,55,64,71,122
1,0,11,42,1,4,52,14,0,57,53,57,67,71,125
1,0,0,48,0,2,54,16,0,57,48,50,64,73,121
1,0,9,43,0,2,52,13,0,55,52,54,65,68,120
1,0,0,50,0,2,54,14,0,57,50,52,64,71,121
0,0,11,36,0,5,58,14,0,63,47,52,61,77,124
1,0,8,40,0,3,56,13,0,60,48,51,61,73,121
1,0,10,41,1,4,56,11,0,61,51,55,62,72,124
1,0,7,48,0,5,46,14,0,52,55,60,69,66,121
1,0,6,44,1,3,54,14,0,58,50,53,64,72,123
1,0,7,45,0,2,54,12,0,57,52,54,64,69,121
1,0,7,44,1,3,57,10,0,61,51,54,61,71,123
0,0,7,45,1,3,54,12,0,57,52,55,64,69,122
1,0,7,44,1,4,53,15,0,58,51,55,66,73,125
0,0,8,39,1,4,60,10,0,64,47,51,57,74,122
1,0,6,50,1,2,50,13,0,53,56,58,69,66,123
1,0,8,41,1,3,55,14,0,59,49,52,63,73,123
0,0,0,47,0,4,59,11,0,63,47,51,58,74,121
1,0,10,41,0,5,52,14,0,58,51,56,65,72,123
1,0,0,49,1,4,53,13,0,58,49,53,62,71,121
3,0,9,42,1,6,54,10,0,63,51,57,61,73,125
1,0,8,45,1,3,49,15,0,53,53,56,68,68,122
1,0,7,46,1,4,55,10,0,60,53,57,63,70,124
1,0,8,44,0,3,51,13,0,55,52,55,65,68,120
1,0,10,43,1,5,53,13,0,59,53,58,66,72,126
1,0,7,44,0,3,52,14,0,56,51,54,65,70,121
1,0,9,42,0,2,51,16,0,54,51,53,67,70,121
1,0,0,45,1,2,61,12,0,64,45,47,57,76,122
1,0,7,40,0,5,55,14,0,61,47,52,61,75,122
1,0,9,42,0,4,53,15,0,58,51,55,66,73,124
0,0,7,42,0,3,52,17,0,55,49,52,66,72,121
1,0,7,44,1,1,53,14,0,55,51,52,65,69,121
1,0,7,41,0,3,57,11,0,61,48,51,59,72,120
0,0,8,41,1,4,59,10,0,63,49,53,59,73,123
1,0,10,45,0,0,49,16,0,50,55,55,71,66,121
1,0,0,41,1,3,61,14,0,65,41,44,55,79,121
1,0,7,48,0,4,51,9,0,56,55,59,64,65,120
0,0,0,50,0,2,57,12,0,59,50,52,62,71,121
0,0,0,47,1,2,58,13,0,60,47,49,60,73,121
1,0,9,43,1,3,51,15,0,55,52,55,67,70,123
1,0,9,44,0,3,52,14,0,56,53,56,67,70,123
1,0,10,37,0,0,56,17,0,57,47,47,64,74,121
1,0,9,41,1,4,56,11,0,61,50,54,61,72,123
2,0,8,38,1,2,56,14,0,60,46,48,60,74,121
1,0,9,38,1,4,55,17,0,60,47,51,64,77,125
1,0,10,41,0,3,53,13,0,57,51,54,64,70,121
0,0,8,42,1,2,58,11,0,60,50,52,61,71,122
0,0,14,37,0,3,46,20,0,49,51,54,71,69,120
1,0,9,46,0,3,47,15,0,51,55,58,70,66,121
1,0,9,36,0,2,57,15,0,60,45,47,60,75,120
1,0,8,40,0,2,56,15,0,59,48,50,63,74,122
1,0,8,43,0,3,51,16,0,55,51,54,67,71,122
1,0,0,53,1,3,50,14,0,54,53,56,67,68,122
1,0,9,39,0,3,54,15,0,58,48,51,63,73,121
1,0,8,39,0,5,54,18,0,60,47,52,65,78,125
1,0,9,44,1,3,49,16,0,53,53,56,69,69,123
0,0,0,51,0,3,54,13,0,57,51,54,64,70,121
1,0,13,38,1,3,52,14,0,56,51,54,65,70,122
1,0,10,41,1,3,51,16,0,55,51,54,67,71,123
1,0,0,51,1,4,51,15,0,56,51,55,66,71,123
1,0,10,40,0,5,54,15,0,60,50,55,65,75,125
0,0,11,40,1,5,53,14,0,58,51,56,65,72,124
2,0,9,39,1,4,55,13,0,61,48,52,61,74,123
1,0,8,43,1,4,55,12,0,60,51,55,63,72,124
0,0,8,42,0,3,53,15,0,56,50,53,65,71,121
1,0,11,41,1,4,48,17,0,53,52,56,69,70,123
0,0,7,47,0,5,54,10,0,59,54,59,64,69,123
1,0,6,49,1,3,47,15,0,51,55,58,70,66,122
0,0,9,38,1,2,56,15,0,58,47,49,62,73,121
1,0,6,45,1,3,53,13,0,57,51,54,64,70,122
1,0,8,50,0,3,48,13,0,52,58,61,71,65,123
0,0,10,38,1,3,57,13,0,60,48,51,61,73,122
1,0,9,40,0,4,54,16,0,59,49,53,65,75,124
1,0,7,46,0,3,47,17,0,51,53,56,70,68,121
2,0,9,38,1,3,52,17,0,57,47,50,64,74,122
1,0,8,45,0,2,52,14,0,55,53,55,67,69,122
1,0,7,48,1,3,49,13,0,53,55,58,68,66,122
1,0,8,41,1,2,52,16,0,55,49,51,65,71,121
1,0,0,48,0,5,53,18,0,59,48,53,66,77,125
3,0,9,40,1,3,51,15,0,57,49,52,64,72,122
1,0,7,42,0,3,57,12,0,61,49,52,61,73,122
0,0,9,42,0,3,54,14,0,57,51,54,65,71,122
1,0,7,40,1,3,54,17,0,58,47,50,64,75,123
1,0,7,46,1,5,53,12,0,59,53,58,65,71,125
1,0,8,37,1,2,54,18,0,57,45,47,63,75,121
1,0,0,49,1,3,57,11,0,61,49,52,60,72,122
0,0,7,40,1,4,59,12,0,63,47,51,59,75,123
1,0,8,41,1,2,51,18,0,54,49,51,67,72,122
0,0,6,46,1,3,57,10,0,60,52,55,62,70,123
1,0,0,49,0,1,56,14,0,58,49,50,63,72,121
1,0,0,48,0,4,60,10,0,65,48,52,58,75,123
1,0,9,42,1,4,54,12,0,59,51,55,63,71,123
1,0,8,42,0,2,58,9,0,61,50,52,59,70,120
1,0,10,37,1,4,53,15,0,58,47,51,62,73,121
0,0,6,43,0,4,56,13,0,60,49,53,62,73,122
1,0,10,42,1,0,54,13,0,55,52,52,65,68,121
0,0,8,46,1,2,51,13,0,53,54,56,67,66,121
0,0,9,43,0,3,50,16,0,53,52,55,68,69,121
1,0,8,40,0,3,55,14,0,59,48,51,62,73,121
5,0,8,43,1,3,52,11,0,60,51,54,62,71,123
1,0,0,52,1,2,51,15,0,54,52,54,67,69,122
1,0,8,41,0,5,49,18,0,55,49,54,67,73,122
1,0,7,42,0,2,54,15,0,57,49,51,64,72,121
0,0,8,45,1,4,50,15,0,54,53,57,68,69,123
0,0,8,42,1,2,56,13,0,58,50,52,63,71,122
1,0,7,46,0,5,51,14,0,57,53,58,67,71,124
0,0,14,36,1,2,53,15,0,55,50,52,65,70,121
1,0,9,39,1,3,56,12,0,60,48,51,60,72,121
2,0,11,39,1,4,52,15,0,58,50,54,65,73,124
1,0,11,39,1,1,60,9,0,62,50,51,59,71,122
1,0,9,38,1,0,56,16,0,57,47,47,63,73,121
0,0,8,39,1,2,56,15,0,58,47,49,62,73,121
1,0,12,40,0,2,47,18,0,50,52,54,70,68,120
1,0,8,45,1,4,50,13,0,55,53,57,66,68,122
0,0,8,41,1,3,52,18,0,55,49,52,67,73,123
1,0,8,43,0,3,55,11,0,59,51,54,62,70,121
2,0,7,38,0,4,59,13,0,65,45,49,58,78,123
1,0,0,52,0,2,52,14,0,55,52,54,66,69,121
0,0,8,39,1,4,59,12,0,63,47,51,59,75,123
1,0,9,39,0,2,58,11,0,61,48,50,59,72,120
1,0,10,38,1,4,53,16,0,58,48,52,64,74,123
1,0,11,43,1,4,53,11,0,58,54,58,65,69,124
0,0,10,40,0,4,52,16,0,56,50,54,66,72,122
1,0,8,43,1,4,49,17,0,54,51,55,68,71,123
0,0,8,43,1,4,53,14,0,57,51,55,65,71,123
1,0,8,45,0,0,52,14,0,53,53,53,67,67,120
1,0,9,41,1,4,59,9,0,64,50,54,59,73,124
1,0,9,41,0,3,52,15,0,56,50,53,65,71,121
1,0,10,43,1,3,51,12,0,55,53,56,65,67,121
1,0,9,42,0,3,53,15,0,57,51,54,66,72,123
0,0,12,38,1,4,52,17,0,56,50,54,67,73,124
0,0,10,42,0,4,54,13,0,58,52,56,65,71,123
1,0,8,40,1,2,57,13,0,60,48,50,61,73,122
1,0,6,46,0,3,53,13,0,57,52,55,65,70,122
1,0,0,47,1,3,55,14,0,59,47,50,61,73,121
1,0,0,53,1,2,54,11,0,57,53,55,64,68,122
1,0,8,40,1,2,55,14,0,58,48,50,62,72,121
0,0,6,43,1,5,55,15,0,60,49,54,64,75,125
1,0,7,46,0,3,53,13,0,57,53,56,66,70,123
1,0,0,47,1,5,57,14,0,63,47,52,61,77,125
1,0,7,44,1,4,52,15,0,57,51,55,66,72,124
1,0,6,45,0,4,52,14,0,57,51,55,65,71,122
1,0,0,51,0,3,48,19,0,52,51,54,70,71,122
0,0,9,43,1,2,50,16,0,52,52,54,68,68,121
1,0,7,43,1,4,54,12,0,59,50,54,62,71,122
1,0,11,34,1,1,53,21,0,55,45,46,66,76,122
1,0,9,44,1,3,53,13,0,57,53,56,66,70,124
0,0,11,44,0,2,51,12,0,53,55,57,67,65,120
0,0,0,47,1,6,53,14,0,59,47,53,61,73,121
1,0,7,44,1,3,51,17,0,55,51,54,68,72,124
0,0,11,40,0,2,53,14,0,55,51,53,65,69,120
1,0,6,43,1,3,56,12,0,60,49,52,61,72,122
1,0,0,47,0,1,59,13,0,61,47,48,60,74,121
1,0,0,48,1,3,55,14,0,59,48,51,62,73,122
0,0,6,41,1,4,55,14,0,59,47,51,61,73,121
1,0,0,50,1,3,51,16,0,55,50,53,66,71,122
1,0,0,45,1,4,60,14,0,65,45,49,59,79,125
0,0,7,46,0,3,54,11,0,57,53,56,64,68,121
1,0,11,41,0,5,50,17,0,56,52,57,69,73,125
1,0,11,46,1,4,51,11,0,56,57,61,68,67,125
1,0,7,44,1,3,53,13,0,57,51,54,64,70,122
1,0,8,43,0,3,51,14,0,55,51,54,65,69,120
2,0,7,47,0,2,50,13,0,54,54,56,67,67,121
1,0,8,41,1,2,55,13,0,58,49,51,62,71,121
2,0,8,43,1,3,48,17,0,53,51,54,68,70,122
3,0,9,40,0,4,54,11,0,61,49,53,60,72,121
1,0,6,47,1,4,52,13,0,57,53,57,66,70,124
1,0,9,43,1,4,54,12,0,59,52,56,64,71,124
1,0,12,42,1,2,50,14,0,53,54,56,68,67,122
1,0,9,39,1,4,55,15,0,60,48,52,63,75,124
1,0,6,47,1,4,51,12,0,56,53,57,65,68,122
0,0,6,42,1,5,55,15,0,60,48,53,63,75,124
1,0,8,43,0,5,54,12,0,60,51,56,63,72,123
1,0,6,44,1,4,59,10,0,64,50,54,60,74,125
1,0,7,43,1,4,53,15,0,58,50,54,65,73,124
1,0,7,48,1,5,51,11,0,57,55,60,66,68,124
3,0,6,36,1,2,61,12,0,66,42,44,54,78,121
1,0,6,45,1,3,52,14,0,56,51,54,65,70,122
1,0,9,42,0,3,51,14,0,55,51,54,65,69,120
1,0,6,45,1,3,51,15,0,55,51,54,66,70,122
1,0,0,50,0,5,54,14,0,60,50,55,64,74,124
1,0,0,45,0,5,62,11,0,68,45,50,56,79,124
1,0,6,47,0,3,51,12,0,55,53,56,65,67,120
1,0,9,40,0,3,52,16,0,56,49,52,65,72,121
1,0,10,40,1,4,53,15,0,58,50,54,65,73,124
1,0,6,45,1,2,56,12,0,59,51,53,63,71,123
0,0,7,44,1,3,53,13,0,56,51,54,64,69,121
1,0,8,42,0,5,54,14,0,60,50,55,64,74,124
1,0,7,40,0,3,50,20,0,54,47,50,67,74,121
1,0,9,44,0,6,54,11,0,61,53,59,64,72,125
1,0,9,42,0,4,51,13,0,56,51,55,64,69,120
0,0,6,43,0,3,56,13,0,59,49,52,62,72,121
1,0,8,46,0,3,51,13,0,55,54,57,67,68,122
1,0,0,48,1,3,58,13,0,62,48,51,61,75,124
0,0,12,40,0,3,52,13,0,55,52,55,65,68,120
1,0,7,42,0,3,54,14,0,58,49,52,63,72,121
2,0,7,44,0,2,54,12,0,58,51,53,63,70,121
1,0,8,39,0,5,59,14,0,65,47,52,61,79,126
0,0,7,42,1,3,50,20,0,53,49,52,69,73,123
2,0,10,41,1,3,53,11,0,58,51,54,62,69,121
1,0,8,47,0,2,49,14,0,52,55,57,69,66,121
1,0,9,41,1,3,54,13,0,58,50,53,63,71,122
0,0,9,36,1,4,56,15,0,60,45,49,60,75,121
1,0,7,41,1,6,51,14,0,58,48,54,62,72,121
1,0,10,44,1,3,54,11,0,58,54,57,65,69,124
1,0,8,48,0,2,48,14,0,51,56,58,70,65,121
0,0,10,40,1,3,54,14,0,57,50,53,64,71,122
1,0,9,42,0,2,55,12,0,58,51,53,63,70,121
1,0,8,42,0,2,54,14,0,57,50,52,64,71,121
0,0,8,44,0,2,54,12,0,56,52,54,64,68,120
2,0,6,40,0,2,58,13,0,62,46,48,59,75,121
1,0,11,40,1,1,54,13,0,56,51,52,64,69,121
1,0,7,46,1,4,55,11,0,60,53,57,64,71,125
1,0,0,46,0,3,58,13,0,62,46,49,59,75,121
1,0,11,38,1,5,57,10,0,63,49,54,59,73,123
0,0,9,42,1,4,52,16,0,56,51,55,67,72,124
3,0,8,40,0,2,54,13,0,59,48,50,61,72,120
1,0,8,45,0,3,49,16,0,53,53,56,69,69,122
1,0,7,43,1,2,50,18,0,53,50,52,68,71,122
0,0,0,57,0,2,51,11,0,53,57,59,68,64,121
1,0,10,42,1,5,52,12,0,58,52,57,64,70,123
1,0,8,41,0,2,56,14,0,59,49,51,63,73,122
1,0,11,38,1,3,60,7,0,64,49,52,56,71,121
1,0,8,39,0,3,56,14,0,60,47,50,61,74,121
1,0,9,41,0,2,57,12,0,60,50,52,62,72,122
0,0,10,45,0,4,51,13,0,55,55,59,68,68,123
1,0,0,54,0,2,50,14,0,53,54,56,68,67,121
3,0,7,44,1,5,54,11,0,62,51,56,62,73,125
1,0,11,40,0,3,56,11,0,60,51,54,62,71,122
1,0,8,41,1,2,56,13,0,59,49,51,62,72,122
1,0,11,38,1,5,52,18,0,58,49,54,67,76,126
1,0,7,42,1,3,58,10,0,62,49,52,59,72,122
1,0,0,52,1,2,55,10,0,58,52,54,62,68,121
1,0,11,41,1,1,52,14,0,54,52,53,66,68,121
0,0,6,42,1,4,57,13,0,61,48,52,61,74,123
1,0,6,47,0,3,51,13,0,55,53,56,66,68,121
1,0,10,43,1,3,54,11,0,58,53,56,64,69,123
1,0,8,41,0,2,52,17,0,55,49,51,66,72,121
1,0,8,41,0,3,57,12,0,61,49,52,61,73,122
0,0,9,37,1,6,57,15,0,63,46,52,61,78,125
1,0,7,42,1,2,53,15,0,56,49,51,64,71,121
1,0,9,46,0,4,48,15,0,53,55,59,70,68,123
1,0,0,46,0,3,58,13,0,62,46,49,59,75,121
1,0,8,42,0,3,55,14,0,59,50,53,64,73,123
0,0,9,45,0,5,46,15,0,51,54,59,69,66,120
1,0,7,46,0,1,51,14,0,53,53,54,67,67,120
1,0,9,39,1,2,53,17,0,56,48,50,65,73,122
0,0,9,43,0,4,53,12,0,57,52,56,64,69,121
3,0,8,40,0,3,55,12,0,61,48,51,60,73,121
1,0,7,45,0,5,54,11,0,60,52,57,63,71,123
1,0,6,45,0,3,52,13,0,56,51,54,64,69,120
1,0,6,44,1,3,52,15,0,56,50,53,65,71,122
1,0,0,46,1,3,58,14,0,62,46,49,60,76,123
0,0,7,46,0,4,53,13,0,57,53,57,66,70,123
1,0,9,40,1,3,55,15,0,59,49,52,64,74,124
1,0,7,47,0,4,48,16,0,53,54,58,70,69,123
0,0,7,49,0,2,53,10,0,55,56,58,66,65,121
1,0,9,42,0,3,53,14,0,57,51,54,65,71,122
1,0,8,44,0,5,55,12,0,61,52,57,64,73,125
1,0,7,48,1,3,48,14,0,52,55,58,69,66,122
2,0,7,38,1,5,58,13,0,65,45,50,58,78,124
0,0,10,42,0,1,54,13,0,55,52,53,65,68,120
1,0,11,43,1,2,53,10,0,56,54,56,64,66,121
1,0,8,42,0,3,55,13,0,59,50,53,63,72,122
1,0,9,41,1,4,49,16,0,54,50,54,66,70,121
0,0,7,43,1,3,55,13,0,58,50,53,63,71,122
1,0,9,41,0,2,54,14,0,57,50,52,64,71,121
1,0,10,42,1,2,50,15,0,53,52,54,67,68,121
1,0,7,44,1,2,54,13,0,57,51,53,64,70,122
0,0,7,43,1,2,52,16,0,54,50,52,66,70,121
1,0,7,41,0,3,59,10,0,63,48,51,58,73,121
1,0,8,41,0,3,54,14,0,58,49,52,63,72,121
1,0,9,40,1,2,56,12,0,59,49,51,61,71,121
1,0,6,45,0,2,53,14,0,56,51,53,65,70,121
1,0,7,43,0,3,55,14,0,59,50,53,64,73,123
2,0,10,43,0,3,49,13,0,54,53,56,66,67,120
1,0,8,39,0,4,56,14,0,61,47,51,61,75,122
0,0,8,40,0,5,56,11,0,61,48,53,59,72,120
1,0,10,40,0,5,53,14,0,59,50,55,64,73,123
0,0,0,47,0,2,58,14,0,60,47,49,61,74,121
1,0,8,40,1,5,58,11,0,64,48,53,59,75,124
2,0,8,42,0,3,57,10,0,62,50,53,60,72,122
1,0,11,40,1,3,47,17,0,51,51,54,68,68,120
0,0,7,45,1,4,48,18,0,52,52,56,70,70,123
2,0,8,45,0,3,52,12,0,57,53,56,65,69,122
1,0,0,48,1,2,58,13,0,61,48,50,61,74,123
1,0,8,44,1,3,56,10,0,60,52,55,62,70,123
1,0,9,49,0,3,49,11,0,53,58,61,69,64,122
1,0,9,44,0,1,53,13,0,55,53,54,66,68,121
1,0,8,42,1,3,58,10,0,62,50,53,60,72,123
1,0,9,49,1,2,46,14,0,49,58,60,72,63,122
1,0,8,43,1,3,50,17,0,54,51,54,68,71,123
1,0,7,43,0,2,56,12,0,59,50,52,62,71,121
1,0,7,42,1,1,53,17,0,55,49,50,66,72,122
1,0,0,50,1,3,50,16,0,54,50,53,66,70,121
1,0,7,46,0,5,53,11,0,59,53,58,64,70,123
1,0,8,37,1,5,59,14,0,65,45,50,59,79,125
1,0,9,42,0,3,56,10,0,60,51,54,61,70,121
1,0,8,48,0,2,51,11,0,54,56,58,67,65,121
0,0,10,39,0,3,55,15,0,58,49,52,64,73,122
1,0,9,40,0,2,55,14,0,58,49,51,63,72,121
2,0,9,35,0,4,60,10,0,66,44,48,54,76,120
1,0,9,40,0,2,52,18,0,55,49,51,67,73,122
1,0,7,45,0,5,51,14,0,57,52,57,66,71,123
1,0,8,42,1,3,51,15,0,55,50,53,65,70,121
0,0,9,41,0,2,51,17,0,53,50,52,67,70,120
1,0,10,40,1,4,49,15,0,54,50,54,65,69,120
1,0,9,38,0,1,56,16,0,58,47,48,63,74,121
1,0,8,43,0,4,51,16,0,56,51,55,67,72,123
2,0,10,43,0,2,52,12,0,56,53,55,65,68,121
1,0,0,42,1,1,57,20,0,59,42,43,62,79,122
1,0,0,46,1,5,52,16,0,58,46,51,62,74,121
1,0,6,47,0,5,48,17,0,54,53,58,70,71,124
0,0,8,42,1,3,51,18,0,54,50,53,68,72,123
1,0,9,38,0,5,54,16,0,60,47,52,63,76,123
0,0,0,47,1,2,56,15,0,58,47,49,62,73,121
2,0,8,42,0,5,52,13,0,59,50,55,63,72,122
1,0,6,46,1,4,53,14,0,58,52,56,66,72,125
1,0,8,43,1,2,52,14,0,55,51,53,65,69,121
0,0,10,40,1,2,53,16,0,55,50,52,66,71,122
1,0,9,41,0,2,56,13,0,59,50,52,63,72,122
1,0,7,44,1,3,52,14,0,56,51,54,65,70,122
1,0,0,51,1,3,50,16,0,54,51,54,67,70,122
1,0,0,42,0,1,61,15,0,63,42,43,57,78,120
1,0,0,48,1,4,55,15,0,60,48,52,63,75,124
1,0,8,43,0,2,55,12,0,58,51,53,63,70,121
1,0,11,46,0,3,47,13,0,51,57,60,70,64,121
1,0,8,44,0,2,54,12,0,57,52,54,64,69,121
1,0,11,38,1,4,50,17,0,55,49,53,66,72,122
0,0,8,43,0,3,51,17,0,54,51,54,68,71,122
1,0,0,48,0,3,54,15,0,58,48,51,63,73,121
1,0,7,44,0,5,53,14,0,59,51,56,65,73,124
1,0,7,43,1,3,54,13,0,58,50,53,63,71,122
1,0,8,40,0,4,52,16,0,57,48,52,64,73,121
2,0,12,35,1,4,56,12,0,62,47,51,59,74,122
1,0,10,39,1,3,57,13,0,61,49,52,62,74,124
1,0,10,40,1,3,53,15,0,57,50,53,65,72,123
0,0,7,42,0,5,56,14,0,61,49,54,63,75,124
1,0,7,44,1,2,54,13,0,57,51,53,64,70,122
1,0,8,42,1,4,49,16,0,54,50,54,66,70,121
1,0,7,42,0,3,48,20,0,52,49,52,69,72,121
1,0,6,42,0,2,59,11,0,62,48,50,59,73,121
1,0,0,47,0,5,58,14,0,64,47,52,61,78,125
1,0,16,38,1,3,50,15,0,54,54,57,69,69,124
1,0,8,43,1,4,54,13,0,59,51,55,64,72,124
1,0,8,42,1,1,55,13,0,57,50,51,63,70,121
1,0,7,44,1,4,53,13,0,58,51,55,64,71,123
2,0,7,44,1,3,55,11,0,60,51,54,62,71,123
1,0,0,45,1,3,58,13,0,62,45,48,58,75,121
0,0,8,42,1,3,54,15,0,57,50,53,65,72,123
0,0,8,40,1,3,57,14,0,60,48,51,62,74,123
1,0,9,43,1,2,55,11,0,58,52,54,63,69,122
1,0,8,47,1,4,53,11,0,58,55,59,66,69,125
0,0,12,36,1,0,55,16,0,55,48,48,64,71,120
1,0,7,43,0,3,54,13,0,58,50,53,63,71,121
1,0,9,43,1,4,53,12,0,58,52,56,64,70,123
1,0,6,45,0,3,54,13,0,58,51,54,64,71,122
0,0,8,42,1,4,55,13,0,59,50,54,63,72,123
0,0,7,41,1,3,54,16,0,57,48,51,64,73,122
0,0,0,47,1,2,58,13,0,60,47,49,60,73,121
2,0,7,44,0,3,52,14,0,57,51,54,65,71,122
0,0,7,42,1,2,56,13,0,58,49,51,62,71,121
1,0,8,37,1,4,59,14,0,64,45,49,59,78,124
1,0,7,39,1,3,58,15,0,62,46,49,61,77,124
0,0,7,37,1,4,61,12,0,65,44,48,56,77,122
1,0,7,41,1,4,53,16,0,58,48,52,64,74,123
1,0,8,42,0,2,52,15,0,55,50,52,65,70,120
1,0,7,48,1,2,54,10,0,57,55,57,65,67,123
1,0,9,40,1,2,54,16,0,57,49,51,65,73,123
5,0,9,37,0,4,56,11,0,65,46,50,57,76,122
0,0,9,43,0,1,51,16,0,52,52,53,68,68,120
1,0,7,42,0,4,55,12,0,60,49,53,61,72,121
1,0,8,47,1,2,50,13,0,53,55,57,68,66,122
3,0,7,43,0,2,53,13,0,58,50,52,63,71,121
1,0,7,42,0,2,54,14,0,57,49,51,63,71,120
1,0,8,45,1,3,53,11,0,57,53,56,64,68,122
1,0,8,43,1,3,53,13,0,57,51,54,64,70,122
1,0,7,42,0,4,53,16,0,58,49,53,65,74,123
1,0,8,50,1,0,46,16,0,47,58,58,74,63,122
0,0,9,38,0,3,56,15,0,59,47,50,62,74,121
0,0,7,43,1,3,54,15,0,57,50,53,65,72,123
1,0,7,44,1,4,54,11,0,59,51,55,62,70,122
1,0,9,39,0,3,50,18,0,54,48,51,66,72,120
1,0,10,41,1,2,54,13,0,57,51,53,64,70,122
1,0,6,46,1,2,54,11,0,57,52,54,63,68,121
1,0,0,45,1,2,55,17,0,58,45,47,62,75,121
1,0,7,37,1,4,59,14,0,64,44,48,58,78,123
1,0,7,43,0,0,54,16,0,55,50,50,66,71,121
1,0,7,44,1,3,52,15,0,56,51,54,66,71,123
1,0,0,47,0,4,56,16,0,61,47,51,63,77,124
2,0,7,42,0,2,53,14,0,57,49,51,63,71,120
2,0,10,38,0,5,57,12,0,64,48,53,60,76,124
0,0,8,43,0,3,55,12,0,58,51,54,63,70,121
1,0,7,40,0,2,58,13,0,61,47,49,60,74,121
0,0,7,40,1,2,57,13,0,59,47,49,60,72,120
1,0,8,40,0,2,56,13,0,59,48,50,61,72,120
1,0,10,40,1,2,53,13,0,56,50,52,63,69,120
1,0,14,39,0,4,52,12,0,57,53,57,65,69,122
4,0,9,37,0,3,56,12,0,63,46,49,58,75,121
1,0,11,39,0,4,50,16,0,55,50,54,66,71,121
0,0,9,44,0,1,52,14,0,53,53,54,67,67,120
0,0,8,42,1,4,57,13,0,61,50,54,63,74,125
1,0,8,40,0,5,54,17,0,60,48,53,65,77,125
1,0,6,45,1,4,53,14,0,58,51,55,65,72,124
1,0,8,45,1,3,51,15,0,55,53,56,68,70,124
1,0,7,45,1,2,52,14,0,55,52,54,66,69,122
1,0,7,42,0,1,54,15,0,56,49,50,64,71,120
0,0,8,45,0,2,56,9,0,58,53,55,62,67,120
1,0,8,43,1,2,48,19,0,51,51,53,70,70,122
1,0,11,40,1,2,53,14,0,56,51,53,65,70,122
1,0,9,38,0,3,59,12,0,63,47,50,59,75,122
1,0,11,40,1,2,47,20,0,50,51,53,71,70,122
1,0,11,45,0,4,48,14,0,53,56,60,70,67,123
1,0,6,40,0,4,59,11,0,64,46,50,57,75,121
1,0,8,41,1,3,53,16,0,57,49,52,65,73,123
1,0,7,44,1,3,50,16,0,54,51,54,67,70,122
1,0,10,39,1,2,52,18,0,55,49,51,67,73,123
0,0,8,44,0,4,53,11,0,57,52,56,63,68,120
1,0,8,42,0,3,50,16,0,54,50,53,66,70,120
1,0,9,46,1,3,49,13,0,53,55,58,68,66,122
1,0,8,41,0,3,57,12,0,61,49,52,61,73,122
1,0,10,42,0,5,53,13,0,59,52,57,65,72,124
1,0,7,45,0,1,51,15,0,53,52,53,67,68,120
1,0,10,39,0,2,55,14,0,58,49,51,63,72,121
0,0,7,41,1,5,59,11,0,64,48,53,59,75,124
0,0,0,44,1,5,60,15,0,65,44,49,59,80,125
1,0,8,41,0,3,55,14,0,59,49,52,63,73,122
0,0,9,40,0,1,55,15,0,56,49,50,64,71,120
1,0,10,40,0,2,53,15,0,56,50,52,65,71,121
0,0,10,43,1,2,53,12,0,55,53,55,65,67,121
0,0,0,50,0,3,55,14,0,58,50,53,64,72,122
1,0,7,41,1,3,49,20,0,53,48,51,68,73,122
1,0,7,42,1,2,59,10,0,62,49,51,59,72,122
1,0,8,47,0,2,52,10,0,55,55,57,65,65,120
1,0,8,42,0,3,56,12,0,60,50,53,62,72,122
1,0,7,45,1,5,52,11,0,58,52,57,63,69,122
1,0,10,38,1,4,55,12,0,60,48,52,60,72,121
1,0,8,43,0,2,57,10,0,60,51,53,61,70,121
2,0,6,44,1,3,53,12,0,58,50,53,62,70,121
1,0,10,42,1,3,50,16,0,54,52,55,68,70,123
1,0,8,42,1,3,49,17,0,53,50,53,67,70,121
1,0,7,47,0,4,51,13,0,56,54,58,67,69,123
0,0,9,45,0,4,53,11,0,57,54,58,65,68,122
1,0,7,42,0,2,53,16,0,56,49,51,65,72,121
1,0,6,48,1,3,49,15,0,53,54,57,69,68,123
1,0,10,43,1,3,51,15,0,55,53,56,68,70,124
1,0,7,40,1,6,56,14,0,63,47,53,61,77,125
2,0,12,37,0,1,58,10,0,61,49,50,59,71,120
0,0,10,44,1,3,48,15,0,51,54,57,69,66,121
0,0,9,41,0,6,54,14,0,60,50,56,64,74,124
1,0,7,42,1,3,58,11,0,62,49,52,60,73,123
0,0,9,42,1,2,52,15,0,54,51,53,66,69,121
1,0,9,41,0,2,55,12,0,58,50,52,62,70,120
0,0,9,42,1,2,52,15,0,54,51,53,66,69,121
1,0,9,44,1,2,51,13,0,54,53,55,66,67,121
1,0,8,39,1,4,54,16,0,59,47,51,63,75,123
1,0,9,45,1,4,52,13,0,57,54,58,67,70,125
0,0,8,41,0,3,57,12,0,60,49,52,61,72,121
1,0,9,41,0,3,55,14,0,59,50,53,64,73,123
1,0,13,42,1,1,49,15,0,51,55,56,70,66,122
1,0,7,42,1,4,60,9,0,65,49,53,58,74,124
1,0,7,42,1,3,56,12,0,60,49,52,61,72,122
1,0,10,43,1,2,51,14,0,54,53,55,67,68,122
0,0,8,43,0,4,53,13,0,57,51,55,64,70,121
1,0,7,46,1,1,53,12,0,55,53,54,65,67,121
1,0,8,45,0,3,54,11,0,58,53,56,64,69,122
1,0,0,55,1,3,49,14,0,53,55,58,69,67,123
0,0,9,44,0,2,54,11,0,56,53,55,64,67,120
1,0,7,44,1,2,50,16,0,53,51,53,67,69,121
1,0,10,37,0,4,54,14,0,59,47,51,61,73,120
1,0,9,42,0,3,53,13,0,57,51,54,64,70,121
0,0,9,41,0,3,56,13,0,59,50,53,63,72,122
0,0,8,47,1,2,48,15,0,50,55,57,70,65,121
1,0,9,43,1,2,53,12,0,56,52,54,64,68,121
1,0,9,40,0,5,57,13,0,63,49,54,62,76,125
1,0,9,43,1,3,54,12,0,58,52,55,64,70,123
1,0,10,45,1,3,47,16,0,51,55,58,71,67,123
2,0,9,37,0,5,55,16,0,62,46,51,62,78,124
0,0,0,51,1,3,53,13,0,56,51,54,64,69,121
1,0,7,47,1,3,53,12,0,57,54,57,66,69,124
1,0,7,43,0,4,56,10,0,61,50,54,60,71,121
3,0,8,39,1,2,52,16,0,57,47,49,63,73,121
0,0,0,45,0,4,64,10,0,68,45,49,55,78,123
1,0,7,44,1,1,51,17,0,53,51,52,68,70,122
1,0,7,44,1,3,53,15,0,57,51,54,66,72,124
1,0,8,42,0,2,56,11,0,59,50,52,61,70,120
1,0,13,38,0,3,54,12,0,58,51,54,63,70,121
1,0,7,40,1,4,54,16,0,59,47,51,63,75,123
1,0,9,39,1,4,56,14,0,61,48,52,62,75,124
1,0,7,45,0,1,52,15,0,54,52,53,67,69,121
1,0,11,40,0,3,53,14,0,57,51,54,65,71,122
3,0,0,43,0,4,60,12,0,67,43,47,55,79,122
1,0,7,45,1,3,51,15,0,55,52,55,67,70,123
0,0,7,45,0,2,56,10,0,58,52,54,62,68,120
1,0,0,51,0,2,53,14,0,56,51,53,65,70,121
2,0,10,38,0,2,55,13,0,59,48,50,61,72,120
1,0,6,43,0,2,53,15,0,56,49,51,64,71,120
0,0,9,43,1,6,54,13,0,60,52,58,65,73,126
1,0,0,47,1,2,56,14,0,59,47,49,61,73,121
0,0,7,42,0,3,54,14,0,57,49,52,63,71,120
1,0,8,46,0,2,49,14,0,52,54,56,68,66,120
1,0,7,44,1,0,56,13,0,57,51,51,64,70,122
2,0,7,44,1,4,54,11,0,60,51,55,62,71,123
1,0,8,41,1,3,57,12,0,61,49,52,61,73,123
1,0,8,39,1,3,58,13,0,62,47,50,60,75,123
1,0,10,39,1,2,56,13,0,59,49,51,62,72,122
1,0,8,41,0,4,49,19,0,54,49,53,68,73,122
2,0,9,36,0,3,55,16,0,60,45,48,61,76,121
1,0,8,42,0,3,50,17,0,54,50,53,67,71,121
0,0,9,40,1,2,55,13,0,57,49,51,62,70,120
1,0,9,41,1,3,52,16,0,56,50,53,66,72,123
2,0,10,42,0,2,52,12,0,56,52,54,64,68,120
1,0,9,42,1,4,53,14,0,58,51,55,65,72,124
1,0,6,46,1,3,51,14,0,55,52,55,66,69,122
1,0,7,44,0,3,53,12,0,57,51,54,63,69,120
1,0,7,42,1,4,56,11,0,61,49,53,60,72,122
1,0,7,48,1,2,46,16,0,49,55,57,71,65,121
1,0,11,41,1,3,51,14,0,55,52,55,66,69,122
1,0,9,38,0,4,55,15,0,60,47,51,62,75,122
1,0,0,49,1,3,53,15,0,57,49,52,64,72,122
1,0,8,42,1,3,55,13,0,59,50,53,63,72,123
1,0,0,52,1,2,52,15,0,55,52,54,67,70,123
1,0,9,41,1,4,53,16,0,58,50,54,66,74,125
3,0,7,42,1,3,56,10,0,62,49,52,59,72,122
1,0,10,41,1,3,54,13,0,58,51,54,64,71,123
1,0,8,43,1,2,50,18,0,53,51,53,69,71,123
1,0,10,41,1,2,52,15,0,55,51,53,66,70,122
1,0,10,48,0,2,47,14,0,50,58,60,72,64,122
1,0,8,43,0,3,51,16,0,55,51,54,67,71,122
0,0,12,40,0,3,55,11,0,58,52,55,63,69,121
1,0,7,46,0,3,53,12,0,57,53,56,65,69,122
1,0,6,45,0,3,54,14,0,58,51,54,65,72,123
1,0,6,47,1,3,56,9,0,60,53,56,62,69,123
0,0,7,44,1,2,52,16,0,54,51,53,67,70,122
1,0,8,40,1,3,58,11,0,62,48,51,59,73,122
1,0,0,52,1,4,50,14,0,55,52,56,66,69,122
1,0,8,44,1,3,50,16,0,54,52,55,68,70,123
1,0,11,47,1,3,49,12,0,53,58,61,70,65,124
1,0,8,42,0,4,56,11,0,61,50,54,61,72,122
1,0,7,45,0,4,53,14,0,58,52,56,66,72,124
1,0,8,37,1,5,62,11,0,68,45,50,56,79,125
0,0,8,41,0,3,55,15,0,58,49,52,64,73,122
0,0,9,45,1,2,52,13,0,54,54,56,67,67,122
1,0,8,45,1,4,50,13,0,55,53,57,66,68,122
1,0,0,48,0,3,56,13,0,60,48,51,61,73,121
1,0,7,46,1,2,54,12,0,57,53,55,65,69,123
0,0,8,45,0,2,51,15,0,53,53,55,68,68,121
1,0,11,40,0,4,52,13,0,57,51,55,64,70,121
0,0,9,43,1,3,52,13,0,55,52,55,65,68,121
1,0,7,44,1,2,55,13,0,58,51,53,64,71,123
1,0,7,43,1,4,50,16,0,55,50,54,66,71,122
3,0,7,38,1,2,59,12,0,64,45,47,57,76,122
1,0,9,44,1,3,47,17,0,51,53,56,70,68,122
1,0,9,43,1,2,50,15,0,53,52,54,67,68,121
1,0,7,44,1,3,53,13,0,57,51,54,64,70,122
1,0,7,41,0,4,54,16,0,59,48,52,64,75,123
1,0,7,46,1,2,51,14,0,54,53,55,67,68,122
0,0,0,48,1,4,58,13,0,62,48,52,61,75,124
1,0,7,41,0,3,54,14,0,58,48,51,62,72,120
1,0,8,42,1,3,56,12,0,60,50,53,62,72,123
1,0,7,41,1,5,58,12,0,64,48,53,60,76,125
1,0,7,49,0,2,51,11,0,54,56,58,67,65,121
1,0,10,40,2,4,54,12,0,59,50,54,62,71,123
1,0,7,47,1,0,54,12,0,55,54,54,66,67,122
1,0,9,44,0,3,49,16,0,53,53,56,69,69,122
1,0,7,42,1,4,55,14,0,60,49,53,63,74,124
1,0,0,49,1,4,54,14,0,59,49,53,63,73,123
1,0,10,42,1,2,55,11,0,58,52,54,63,69,122
1,0,8,42,0,3,52,15,0,56,50,53,65,71,121
1,0,6,44,0,5,54,14,0,60,50,55,64,74,124
1,0,7,45,0,3,51,16,0,55,52,55,68,71,123
0,0,9,40,1,1,58,12,0,59,49,50,61,71,121
2,0,8,44,1,4,53,12,0,59,52,56,64,71,124
1,0,0,47,1,3,56,15,0,60,47,50,62,75,123
3,0,9,39,1,2,55,12,0,60,48,50,60,72,121
0,0,9,42,1,5,54,14,0,59,51,56,65,73,125
1,0,9,40,0,4,50,18,0,55,49,53,67,73,122
0,0,10,41,1,3,54,13,0,57,51,54,64,70,122
1,0,8,45,1,2,52,13,0,55,53,55,66,68,122
1,0,7,41,0,4,51,19,0,56,48,52,67,75,123
1,0,9,39,1,4,58,12,0,63,48,52,60,75,124
2,0,8,39,0,3,53,16,0,58,47,50,63,74,121
1,0,7,42,1,2,54,16,0,57,49,51,65,73,123
1,0,7,45,1,4,56,11,0,61,52,56,63,72,125
1,0,8,45,1,4,51,13,0,56,53,57,66,69,123
1,0,6,44,0,3,57,12,0,61,50,53,62,73,123
1,0,7,45,0,2,54,13,0,57,52,54,65,70,122
1,0,9,48,0,2,49,12,0,52,57,59,69,64,121
1,0,9,38,0,4,58,13,0,63,47,51,60,76,123
2,0,8,45,0,3,51,13,0,56,53,56,66,69,122
0,0,10,39,1,4,54,15,0,58,49,53,64,73,123
0,0,7,45,0,2,54,12,0,56,52,54,64,68,120
1,0,9,42,0,4,50,15,0,55,51,55,66,70,121
1,0,8,44,1,4,51,14,0,56,52,56,66,70,123
1,0,8,42,1,3,51,16,0,55,50,53,66,71,122
2,0,6,44,1,1,56,11,0,59,50,51,61,70,121
2,0,6,45,1,1,53,13,0,56,51,52,64,69,121
1,0,12,39,0,2,51,15,0,54,51,53,66,69,120
0,0,7,40,1,4,55,15,0,59,47,51,62,74,122
0,0,9,40,1,3,56,14,0,59,49,52,63,73,123
0,0,6,44,0,3,54,14,0,57,50,53,64,71,121
1,0,7,41,0,3,57,14,0,61,48,51,62,75,123
1,0,9,45,1,2,51,14,0,54,54,56,68,68,123
1,0,0,47,0,5,58,13,0,64,47,52,60,77,124
1,0,8,45,0,3,53,12,0,57,53,56,65,69,122
1,0,8,45,1,3,51,15,0,55,53,56,68,70,124
2,0,8,43,1,2,53,12,0,57,51,53,63,69,121
1,0,8,44,0,3,50,16,0,54,52,55,68,70,122
1,0,9,40,1,3,51,17,0,55,49,52,66,72,122
1,0,13,39,1,2,51,14,0,54,52,54,66,68,121
1,0,8,44,0,2,52,14,0,55,52,54,66,69,121
1,0,11,39,0,3,53,14,0,57,50,53,64,71,121
1,0,0,49,1,1,60,10,0,62,49,50,59,72,122
1,0,6,41,0,2,55,17,0,58,47,49,64,75,122
0,0,0,49,1,4,57,11,0,61,49,53,60,72,122
1,0,8,44,1,3,52,14,0,56,52,55,66,70,123
0,0,0,49,1,3,53,16,0,56,49,52,65,72,122
2,0,6,48,1,4,49,13,0,55,54,58,67,68,123
1,0,11,40,0,3,50,17,0,54,51,54,68,71,122
2,0,12,34,0,4,55,15,0,61,46,50,61,76,122
0,0,9,46,0,4,54,9,0,58,55,59,64,67,122
2,0,7,42,1,2,52,15,0,56,49,51,64,71,121
1,0,8,47,1,2,51,12,0,54,55,57,67,66,122
1,0,9,47,1,0,47,16,0,48,56,56,72,64,121
1,0,0,48,1,2,54,15,0,57,48,50,63,72,121
0,0,10,49,0,2,46,14,0,48,59,61,73,62,121
0,0,7,44,0,3,52,15,0,55,51,54,66,70,121
1,0,7,36,1,4,59,14,0,64,43,47,57,78,122
0,0,8,48,0,2,48,14,0,50,56,58,70,64,120
0,0,10,44,1,3,51,13,0,54,54,57,67,67,122
0,0,12,37,1,4,52,18,0,56,49,53,67,74,124
2,0,10,34,0,2,61,11,0,65,44,46,55,76,120
0,0,0,48,0,4,61,9,0,65,48,52,57,74,122
1,0,11,38,0,4,53,16,0,58,49,53,65,74,123
0,0,0,44,0,3,57,17,0,60,44,47,61,77,121
1,0,0,48,0,4,58,11,0,63,48,52,59,74,122
1,0,10,40,1,4,56,11,0,61,50,54,61,72,123
2,0,9,41,1,3,56,11,0,61,50,53,61,72,123
0,0,6,46,1,0,57,11,0,57,52,52,63,68,121
0,0,9,48,1,3,47,14,0,50,57,60,71,64,122
1,0,11,41,1,3,49,18,0,53,52,55,70,71,124
1,0,0,47,1,3,52,18,0,56,47,50,65,74,122
0,0,10,46,0,2,47,15,0,49,56,58,71,64,120
1,0,7,47,1,4,50,11,0,55,54,58,65,66,121
1,0,8,44,0,4,53,13,0,58,52,56,65,71,123
0,0,8,45,1,5,50,13,0,55,53,58,66,68,122
1,0,10,42,1,2,52,14,0,55,52,54,66,69,122
0,0,10,40,1,5,54,14,0,59,50,55,64,73,124
1,0,8,40,0,2,56,15,0,59,48,50,63,74,122
0,0,9,43,1,2,52,14,0,54,52,54,66,68,121
0,0,0,47,0,3,55,16,0,58,47,50,63,74,121
1,0,7,43,1,2,57,11,0,60,50,52,61,71,122
1,0,11,34,1,3,55,19,0,59,45,48,64,78,124
1,0,7,46,1,4,50,14,0,55,53,57,67,69,123
1,0,7,42,1,3,58,11,0,62,49,52,60,73,123
0,0,9,48,0,3,48,12,0,51,57,60,69,63,120
0,0,9,44,0,2,49,16,0,51,53,55,69,67,120
1,0,0,52,1,3,53,12,0,57,52,55,64,69,122
1,0,9,43,1,5,53,14,0,59,52,57,66,73,126
1,0,8,44,1,2,52,15,0,55,52,54,67,70,123
1,0,7,43,1,3,55,13,0,59,50,53,63,72,123
1,0,0,49,0,4,51,19,0,56,49,53,68,75,124
0,0,10,40,1,2,54,14,0,56,50,52,64,70,121
1,0,7,39,1,4,54,18,0,59,46,50,64,77,124
1,0,9,41,0,2,53,16,0,56,50,52,66,72,122
0,0,8,41,1,3,58,12,0,61,49,52,61,73,123
0,0,8,41,1,2,56,14,0,58,49,51,63,72,122
1,0,10,42,0,6,52,12,0,59,52,58,64,71,123
1,0,7,38,0,2,61,12,0,64,45,47,57,76,121
1,0,11,36,0,4,57,14,0,62,47,51,61,76,123
1,0,6,45,0,4,54,13,0,59,51,55,64,72,123
1,0,9,41,0,5,57,8,0,63,50,55,58,71,121
0,0,9,43,0,4,50,16,0,54,52,56,68,70,122
0,0,7,39,1,0,58,16,0,58,46,46,62,74,121
1,0,8,41,1,4,54,14,0,59,49,53,63,73,123
0,0,10,41,1,3,51,15,0,54,51,54,66,69,121
1,0,7,45,0,3,53,13,0,57,52,55,65,70,122
0,0,9,38,0,2,58,13,0,60,47,49,60,73,120
1,0,9,42,1,4,52,12,0,57,51,55,63,69,121
1,0,10,44,0,2,49,14,0,52,54,56,68,66,120
1,0,8,44,1,2,54,11,0,57,52,54,63,68,121
2,0,9,36,0,4,59,13,0,65,45,49,58,78,123
3,0,7,44,1,3,48,15,0,54,51,54,66,69,121
1,0,9,41,1,4,55,12,0,60,50,54,62,72,123
0,0,9,45,1,3,51,13,0,54,54,57,67,67,122
2,0,0,49,1,3,52,14,0,57,49,52,63,71,121
1,0,12,41,1,3,50,15,0,54,53,56,68,69,123
0,0,9,39,0,4,58,12,0,62,48,52,60,74,122
1,0,9,41,0,3,51,18,0,55,50,53,68,73,123
2,0,9,43,0,4,51,12,0,57,52,56,64,69,121
0,0,7,43,1,2,58,11,0,60,50,52,61,71,122
1,0,10,40,1,4,53,15,0,58,50,54,65,73,124
0,0,8,44,1,2,53,14,0,55,52,54,66,69,122
0,0,10,41,1,4,53,14,0,57,51,55,65,71,123
1,0,8,38,1,3,61,10,0,65,46,49,56,75,122
1,0,7,44,0,4,57,10,0,62,51,55,61,72,123
2,0,7,45,1,4,46,16,0,52,52,56,68,68,121
1,0,8,39,0,3,54,15,0,58,47,50,62,73,120
1,0,8,46,1,3,54,11,0,58,54,57,65,69,124
1,0,9,39,0,5,58,12,0,64,48,53,60,76,124
3,0,7,43,0,5,52,14,0,60,50,55,64,74,124
1,0,7,38,0,3,58,15,0,62,45,48,60,77,122
1,0,9,40,0,5,54,16,0,60,49,54,65,76,125
1,0,8,41,1,4,49,20,0,54,49,53,69,74,124
1,0,12,42,1,4,54,10,0,59,54,58,64,69,124
1,0,8,42,0,3,50,16,0,54,50,53,66,70,120
1,0,9,39,1,2,57,12,0,60,48,50,60,72,121
1,0,9,42,0,5,52,14,0,58,51,56,65,72,123
1,0,6,47,1,2,53,12,0,56,53,55,65,68,122
2,0,7,44,1,2,56,10,0,60,51,53,61,70,122
0,0,6,42,1,5,54,16,0,59,48,53,64,75,124
0,0,0,51,1,2,54,13,0,56,51,53,64,69,121
1,0,7,45,1,2,54,12,0,57,52,54,64,69,122
1,0,8,42,0,4,56,12,0,61,50,54,62,73,123
0,0,8,44,1,4,56,10,0,60,52,56,62,70,123
2,0,9,41,1,3,54,11,0,59,50,53,61,70,121
1,0,9,43,1,3,54,12,0,58,52,55,64,70,123
1,0,6,47,1,3,51,14,0,55,53,56,67,69,123
0,0,8,42,0,4,51,18,0,55,50,54,68,73,123
1,0,8,40,0,4,55,14,0,60,48,52,62,74,122
1,0,8,40,0,2,56,13,0,59,48,50,61,72,120
1,0,9,44,1,4,50,14,0,55,53,57,67,69,123
1,0,7,46,0,2,48,18,0,51,53,55,71,69,122
0,0,8,41,0,4,51,18,0,55,49,53,67,73,122
1,0,7,42,1,4,49,17,0,54,49,53,66,71,121
1,0,9,39,1,3,57,12,0,61,48,51,60,73,122
1,0,0,45,0,2,61,12,0,64,45,47,57,76,121
1,0,7,43,0,3,57,10,0,61,50,53,60,71,121
0,0,7,45,1,3,54,12,0,57,52,55,64,69,122
1,0,8,41,0,3,52,16,0,56,49,52,65,72,121
1,0,9,43,0,2,55,12,0,58,52,54,64,70,122
1,0,9,40,1,3,56,13,0,60,49,52,62,73,123
0,0,9,39,0,3,59,10,0,62,48,51,58,72,120
2,0,10,36,0,3,58,12,0,63,46,49,58,75,121
1,0,7,42,1,4,51,16,0,56,49,53,65,72,122
1,0,0,48,0,2,57,13,0,60,48,50,61,73,121
1,0,8,42,0,3,52,15,0,56,50,53,65,71,121
2,0,9,39,1,6,52,16,0,60,48,54,64,76,125
1,0,8,43,1,4,54,14,0,59,51,55,65,73,125
1,0,11,40,0,4,52,13,0,57,51,55,64,70,121
1,0,0,53,0,3,48,16,0,52,53,56,69,68,121
2,0,8,44,1,5,51,14,0,58,52,57,66,72,125
0,0,9,42,0,4,54,14,0,58,51,55,65,72,123
1,0,0,43,1,3,59,16,0,63,43,46,59,79,123
1,0,7,50,0,2,51,11,0,54,57,59,68,65,122
1,0,6,46,0,4,55,11,0,60,52,56,63,71,123
1,0,0,48,1,6,59,11,0,66,48,54,59,77,126
1,0,6,44,1,4,53,13,0,58,50,54,63,71,122
1,0,9,42,1,2,56,11,0,59,51,53,62,70,122
0,0,11,43,0,4,49,13,0,53,54,58,67,66,120
1,0,8,39,0,5,56,14,0,62,47,52,61,76,123
1,0,8,43,0,2,54,12,0,57,51,53,63,69,120
0,0,9,41,1,1,56,13,0,57,50,51,63,70,121
0,0,8,41,0,2,55,15,0,57,49,51,64,72,121
1,0,7,42,0,3,54,15,0,58,49,52,64,73,122
1,0,0,45,1,2,60,14,0,63,45,47,59,77,123
1,0,7,38,0,3,56,17,0,60,45,48,62,77,122
1,0,10,42,1,3,52,13,0,56,52,55,65,69,122
3,0,8,40,1,3,53,14,0,59,48,51,62,73,122
1,0,9,37,0,4,54,18,0,59,46,50,64,77,123
1,0,8,41,1,2,54,15,0,57,49,51,64,72,122
0,0,7,47,0,2,51,13,0,53,54,56,67,66,120
0,0,10,38,0,3,55,15,0,58,48,51,63,73,121
1,0,0,52,1,3,50,16,0,54,52,55,68,70,123
0,0,7,42,0,3,57,11,0,60,49,52,60,71,120
1,0,9,42,0,3,53,15,0,57,51,54,66,72,123
2,0,0,48,1,4,53,14,0,59,48,52,62,73,122
1,0,8,44,0,3,54,12,0,58,52,55,64,70,122
1,0,10,40,1,3,55,13,0,59,50,53,63,72,123
0,0,6,45,0,4,52,14,0,56,51,55,65,70,121
1,0,8,43,1,4,51,15,0,56,51,55,66,71,123
1,0,6,44,0,2,55,12,0,58,50,52,62,70,120
1,0,7,45,1,3,51,13,0,55,52,55,65,68,121
1,0,8,39,1,4,58,13,0,63,47,51,60,76,124
0,0,8,43,1,4,50,18,0,54,51,55,69,72,124
2,0,6,46,0,3,48,16,0,53,52,55,68,69,121
1,0,8,44,0,5,54,13,0,60,52,57,65,73,125
2,0,7,41,1,5,55,13,0,62,48,53,61,75,124
1,0,0,50,0,3,52,17,0,56,50,53,67,73,123
1,0,10,39,1,3,52,18,0,56,49,52,67,74,124
1,0,0,49,0,2,54,14,0,57,49,51,63,71,120
1,0,0,49,1,2,55,15,0,58,49,51,64,73,123
0,0,6,43,0,4,57,13,0,61,49,53,62,74,123
1,0,11,38,1,4,55,13,0,60,49,53,62,73,123
1,0,7,40,0,2,54,16,0,57,47,49,63,73,120
0,0,6,47,0,1,54,12,0,55,53,54,65,67,120
1,0,6,45,0,2,52,15,0,55,51,53,66,70,121
1,0,7,47,0,2,49,14,0,52,54,56,68,66,120
0,0,8,40,0,4,54,16,0,58,48,52,64,74,122
0,0,8,47,1,5,51,13,0,56,55,60,68,69,125
1,0,10,38,0,3,56,13,0,60,48,51,61,73,121
1,0,8,42,1,2,53,14,0,56,50,52,64,70,121
1,0,8,42,0,5,54,14,0,60,50,55,64,74,124
1,0,9,46,1,5,47,16,0,53,55,60,71,69,125
1,0,9,43,0,3,51,13,0,55,52,55,65,68,120
4,0,0,47,1,3,54,12,0,61,47,50,59,73,121
1,0,7,45,1,5,49,16,0,55,52,57,68,71,124
1,0,10,40,1,2,53,14,0,56,50,52,64,70,121
0,0,11,35,1,1,57,16,0,58,46,47,62,74,121
0,0,9,40,1,4,52,18,0,56,49,53,67,74,124
1,0,0,50,0,1,55,14,0,57,50,51,64,71,121
1,0,6,45,0,5,53,13,0,59,51,56,64,72,123
1,0,8,40,0,2,56,13,0,59,48,50,61,72,120
0,0,8,41,1,1,54,16,0,55,49,50,65,71,121
1,0,7,45,0,3,51,16,0,55,52,55,68,71,123
1,0,9,41,0,2,53,15,0,56,50,52,65,71,121
1,0,7,44,1,2,58,9,0,61,51,53,60,70,122
0,0,8,43,1,3,58,10,0,61,51,54,61,71,123
1,0,8,42,0,4,53,15,0,58,50,54,65,73,123
1,0,8,43,0,4,52,15,0,57,51,55,66,72,123
0,0,9,41,0,3,55,12,0,58,50,53,62,70,120
1,0,7,44,0,4,49,19,0,54,51,55,70,73,124
9,0,10,39,1,4,46,12,0,59,49,53,61,71,121
1,0,8,48,0,3,49,13,0,53,56,59,69,66,122
1,0,7,44,0,2,57,11,0,60,51,53,62,71,122
1,0,8,44,0,2,52,13,0,55,52,54,65,68,120
2,0,8,44,1,3,49,16,0,54,52,55,68,70,123
1,0,0,50,1,2,57,12,0,60,50,52,62,72,123
1,0,10,43,1,5,51,12,0,57,53,58,65,69,123
1,0,7,45,1,3,55,10,0,59,52,55,62,69,122
1,0,9,44,1,4,50,15,0,55,53,57,68,70,124
1,0,10,41,1,3,54,12,0,58,51,54,63,70,122
1,0,14,33,1,3,55,16,0,59,47,50,63,75,123
1,0,7,45,0,2,53,12,0,56,52,54,64,68,120
1,0,7,45,1,1,52,14,0,54,52,53,66,68,121
2,0,6,50,1,2,49,12,0,53,56,58,68,65,122
1,0,12,35,3,3,51,15,0,55,47,50,62,70,120
1,0,9,41,1,3,51,17,0,55,50,53,67,72,123
1,0,7,43,1,4,52,14,0,57,50,54,64,71,122
1,0,6,44,1,3,53,15,0,57,50,53,65,72,123
1,0,10,40,0,3,56,11,0,60,50,53,61,71,121
1,0,7,43,0,4,54,14,0,59,50,54,64,73,123
1,0,7,41,0,5,54,13,0,60,48,53,61,73,121
1,0,9,44,1,2,48,18,0,51,53,55,71,69,123
0,0,11,38,1,2,57,13,0,59,49,51,62,72,122
1,0,9,41,0,7,50,13,0,58,50,57,63,71,121
1,0,9,44,0,4,44,19,0,49,53,57,72,68,121
1,0,7,45,0,3,49,16,0,53,52,55,68,69,121
1,0,7,40,1,2,57,14,0,60,47,49,61,74,122
1,0,10,43,0,0,54,13,0,55,53,53,66,68,121
1,0,8,44,0,1,54,12,0,56,52,53,64,68,120
1,0,7,47,0,4,49,14,0,54,54,58,68,68,122
1,0,7,40,0,3,57,14,0,61,47,50,61,75,122
1,0,9,41,1,5,54,12,0,60,50,55,62,72,123
0,0,9,42,1,1,48,20,0,49,51,52,71,69,121
1,0,9,41,0,5,57,11,0,63,50,55,61,74,124
1,0,7,45,1,4,51,15,0,56,52,56,67,71,124
0,0,7,45,1,2,48,19,0,50,52,54,71,69,122
1,0,0,50,0,4,54,14,0,59,50,54,64,73,123
1,0,7,43,1,4,53,14,0,58,50,54,64,72,123
1,0,9,44,1,2,52,13,0,55,53,55,66,68,122
0,0,6,42,0,2,57,14,0,59,48,50,62,73,121
2,0,14,35,1,3,58,10,0,63,49,52,59,73,123
0,0,6,43,1,3,59,10,0,62,49,52,59,72,122
1,0,6,46,0,2,52,14,0,55,52,54,66,69,121
1,0,9,41,0,2,54,14,0,57,50,52,64,71,121
1,0,7,48,0,3,52,11,0,56,55,58,66,67,122
0,0,6,48,1,2,50,14,0,52,54,56,68,66,121
1,0,9,44,0,1,52,14,0,54,53,54,67,68,121
1,0,8,41,0,4,57,13,0,62,49,53,62,75,124
1,0,0,44,1,3,59,14,0,63,44,47,58,77,122
0,0,8,41,1,2,57,13,0,59,49,51,62,72,122
0,0,6,49,0,4,48,13,0,52,55,59,68,65,120
1,0,8,44,1,2,53,12,0,56,52,54,64,68,121
1,0,8,39,1,3,56,13,0,60,47,50,60,73,121
1,0,8,38,1,3,56,16,0,60,46,49,62,76,123
1,0,0,49,0,4,57,12,0,62,49,53,61,74,123
0,0,0,50,0,1,59,10,0,60,50,51,60,70,120
0,0,7,39,0,4,61,11,0,65,46,50,57,76,122
1,0,7,47,1,2,50,13,0,53,54,56,67,66,121
1,0,8,41,1,4,53,16,0,58,49,53,65,74,124
1,0,7,47,0,3,49,15,0,53,54,57,69,68,122
1,0,9,38,2,3,53,14,0,57,47,50,61,71,120
1,0,8,42,1,3,55,13,0,59,50,53,63,72,123
0,0,7,45,0,2,55,12,0,57,52,54,64,69,121
2,0,10,36,0,3,57,13,0,62,46,49,59,75,121
1,0,7,42,1,2,57,11,0,60,49,51,60,71,121
2,0,9,38,1,2,61,9,0,65,47,49,56,74,122
1,0,10,41,1,3,54,13,0,58,51,54,64,71,123
0,0,9,44,0,4,52,13,0,56,53,57,66,69,122
2,0,8,36,1,5,60,12,0,67,44,49,56,79,124
3,0,0,46,1,4,51,16,0,58,46,50,62,74,121
1,0,9,39,0,2,59,11,0,62,48,50,59,73,121
1,0,9,41,1,3,54,15,0,58,50,53,65,73,124
0,0,6,44,1,6,53,16,0,59,50,56,66,75,126
1,0,8,41,1,4,53,15,0,58,49,53,64,73,123
1,0,8,48,1,3,51,12,0,55,56,59,68,67,124
1,0,8,44,1,2,54,12,0,57,52,54,64,69,122
0,0,12,38,1,2,55,14,0,57,50,52,64,71,122
1,0,7,43,0,3,53,14,0,57,50,53,64,71,121
1,0,7,47,0,2,51,12,0,54,54,56,66,66,120
1,0,8,44,1,3,52,11,0,56,52,55,63,67,120
0,0,9,43,1,0,56,12,0,56,52,52,64,68,121
1,0,12,40,0,2,48,18,0,51,52,54,70,69,121
1,0,13,42,1,4,50,13,0,55,55,59,68,68,124
1,0,11,40,0,3,53,14,0,57,51,54,65,71,122
0,0,8,45,1,3,48,17,0,51,53,56,70,68,122
1,0,7,44,1,3,54,14,0,58,51,54,65,72,124
1,0,0,50,0,2,52,15,0,55,50,52,65,70,120
0,0,6,45,0,4,52,13,0,56,51,55,64,69,120
1,0,9,43,0,2,54,12,0,57,52,54,64,69,121
1,0,7,42,1,1,55,14,0,57,49,50,63,71,121
1,0,8,44,0,3,51,15,0,55,52,55,67,70,122
1,0,7,46,1,2,52,13,0,55,53,55,66,68,122
1,0,0,49,1,4,55,13,0,60,49,53,62,73,123
1,0,9,41,1,4,56,11,0,61,50,54,61,72,123
1,0,0,47,1,3,56,16,0,60,47,50,63,76,124
2,0,6,47,0,0,49,16,0,51,53,53,69,67,120
1,0,7,43,1,5,56,11,0,62,50,55,61,73,124
2,0,11,39,0,2,58,9,0,62,50,52,59,71,121
0,0,8,50,0,1,49,12,0,50,58,59,70,62,120
1,0,8,44,1,4,50,15,0,55,52,56,67,70,123
0,0,9,44,0,4,52,13,0,56,53,57,66,69,122
0,0,8,43,1,3,54,12,0,57,51,54,63,69,121
1,0,9,46,0,3,47,14,0,51,55,58,69,65,120
1,0,8,40,0,3,58,13,0,62,48,51,61,75,123
1,0,11,43,1,3,51,13,0,55,54,57,67,68,123
1,0,9,36,0,3,57,16,0,61,45,48,61,77,122
0,0,8,45,1,4,52,13,0,56,53,57,66,69,123
1,0,9,40,1,1,55,14,0,57,49,50,63,71,121
1,0,11,38,0,3,55,14,0,59,49,52,63,73,122
1,0,7,45,0,5,54,12,0,60,52,57,64,72,124
2,0,0,49,1,3,56,11,0,61,49,52,60,72,122
1,0,6,45,1,3,54,14,0,58,51,54,65,72,124
1,0,8,43,1,2,50,18,0,53,51,53,69,71,123
1,0,7,46,0,4,51,15,0,56,53,57,68,71,124
1,0,9,42,1,2,52,15,0,55,51,53,66,70,122
0,0,11,39,0,4,50,18,0,54,50,54,68,72,122
1,0,8,41,0,4,55,14,0,60,49,53,63,74,123
1,0,6,47,0,5,53,14,0,59,53,58,67,73,126
0,0,0,51,0,2,54,13,0,56,51,53,64,69,120
1,0,0,51,1,4,56,12,0,61,51,55,63,73,125
1,0,11,38,1,3,55,12,0,59,49,52,61,71,121
0,0,11,42,1,3,52,13,0,55,53,56,66,68,122
3,0,12,40,0,3,51,13,0,57,52,55,65,70,122
1,0,9,41,1,3,56,11,0,60,50,53,61,71,122
1,0,7,41,1,2,58,11,0,61,48,50,59,72,121
1,0,9,46,1,2,49,14,0,52,55,57,69,66,122
2,0,11,39,0,3,53,14,0,58,50,53,64,72,122
1,0,9,42,1,3,52,15,0,56,51,54,66,71,123
1,0,8,44,0,4,49,16,0,54,52,56,68,70,122
0,0,7,46,0,2,52,13,0,54,53,55,66,67,120
1,0,8,43,0,3,54,12,0,58,51,54,63,70,121
1,0,6,45,1,1,55,12,0,57,51,52,63,69,121
1,0,10,37,0,5,59,10,0,65,47,52,57,75,122
4,0,7,43,1,3,54,10,0,61,50,53,60,71,122
1,0,7,43,1,2,55,12,0,58,50,52,62,70,121
0,0,0,47,1,3,61,10,0,64,47,50,57,74,122
1,0,9,43,0,0,49,18,0,50,52,52,70,68,120
3,0,10,35,1,3,54,15,0,60,45,48,60,75,121
1,0,10,38,0,2,53,18,0,56,48,50,66,74,122
1,0,8,42,1,3,52,17,0,56,50,53,67,73,124
1,0,8,41,1,2,55,14,0,58,49,51,63,72,122
0,0,7,45,1,0,55,13,0,55,52,52,65,68,121
0,0,8,40,1,5,55,12,0,60,48,53,60,72,121
1,0,8,45,0,2,53,12,0,56,53,55,65,68,121
1,0,7,44,0,3,50,17,0,54,51,54,68,71,122
1,0,0,48,1,5,60,11,0,66,48,53,59,77,126
1,0,10,42,0,2,51,15,0,54,52,54,67,69,121
2,0,8,41,1,2,54,14,0,58,49,51,63,72,122
0,0,9,45,1,4,51,13,0,55,54,58,67,68,123
2,0,12,37,1,2,52,15,0,56,49,51,64,71,121
1,0,10,36,0,5,59,11,0,65,46,51,57,76,122
1,0,7,45,1,4,53,14,0,58,52,56,66,72,125
1,0,8,42,0,2,54,13,0,57,50,52,63,70,120
1,0,7,47,0,3,51,13,0,55,54,57,67,68,122
1,0,8,46,0,3,53,12,0,57,54,57,66,69,123
1,0,6,48,1,4,50,14,0,55,54,58,68,69,124
1,0,12,39,0,5,53,13,0,59,51,56,64,72,123
1,0,8,44,0,2,52,14,0,55,52,54,66,69,121
5,0,9,40,1,1,51,13,0,57,49,50,62,70,120
1,0,7,45,0,2,54,13,0,57,52,54,65,70,122
1,0,11,38,0,6,57,12,0,64,49,55,61,76,125
0,0,0,49,0,3,58,10,0,61,49,52,59,71,120
0,0,7,47,1,2,53,12,0,55,54,56,66,67,122
1,0,7,42,0,3,56,11,0,60,49,52,60,71,120
1,0,10,43,0,3,51,15,0,55,53,56,68,70,123
1,0,7,39,1,3,57,14,0,61,46,49,60,75,122
0,0,9,47,0,3,52,10,0,55,56,59,66,65,121
0,0,0,49,1,5,55,14,0,60,49,54,63,74,124
1,0,0,48,0,2,58,12,0,61,48,50,60,73,121
1,0,11,36,0,3,56,15,0,60,47,50,62,75,122
1,0,9,41,1,3,45,21,0,49,50,53,71,70,121
1,0,0,51,1,2,56,11,0,59,51,53,62,70,122
0,0,8,41,1,3,50,20,0,53,49,52,69,73,123
1,0,8,42,0,3,55,14,0,59,50,53,64,73,123
1,0,7,43,0,1,53,16,0,55,50,51,66,71,121
1,0,8,41,1,4,54,15,0,59,49,53,64,74,124
1,0,10,36,0,2,54,17,0,57,46,48,63,74,120
1,0,0,47,0,1,57,15,0,59,47,48,62,74,121
1,0,9,46,0,4,50,11,0,55,55,59,66,66,121
1,0,0,44,1,4,58,15,0,63,44,48,59,78,123
2,0,7,45,1,3,54,10,0,59,52,55,62,69,122
1,0,8,42,0,2,58,10,0,61,50,52,60,71,121
1,0,0,45,0,3,57,17,0,61,45,48,62,78,123
1,0,7,46,0,2,51,14,0,54,53,55,67,68,121
0,0,10,45,1,4,49,12,0,53,55,59,67,65,121
1,0,8,46,0,4,51,14,0,56,54,58,68,70,124
1,0,0,44,0,3,58,17,0,62,44,47,61,79,123
1,0,8,44,0,2,47,20,0,50,52,54,72,70,122
1,0,12,42,1,4,52,12,0,57,54,58,66,69,124
1,0,12,39,1,2,52,15,0,55,51,53,66,70,122
1,0,8,39,0,3,56,13,0,60,47,50,60,73,120
1,0,6,41,0,4,57,11,0,62,47,51,58,73,120
0,0,7,48,0,3,52,11,0,55,55,58,66,66,121
1,0,7,45,0,2,52,13,0,55,52,54,65,68,120
2,0,9,34,1,4,52,21,0,58,43,47,64,79,123
1,0,7,44,0,4,56,9,0,61,51,55,60,70,121
0,0,11,41,1,3,49,17,0,52,52,55,69,69,122
1,0,8,40,0,4,56,14,0,61,48,52,62,75,123
1,0,9,40,1,3,55,14,0,59,49,52,63,73,123
0,0,9,41,0,2,55,14,0,57,50,52,64,71,121
1,0,8,40,0,4,52,17,0,57,48,52,65,74,122
0,0,0,51,0,2,55,12,0,57,51,53,63,69,120
1,0,9,39,1,2,56,14,0,59,48,50,62,73,122
1,0,8,42,1,4,53,13,0,58,50,54,63,71,122
1,0,6,46,0,2,51,15,0,54,52,54,67,69,121
1,0,11,40,0,5,52,15,0,58,51,56,66,73,124
1,0,9,43,1,2,53,13,0,56,52,54,65,69,122
1,0,7,44,1,2,53,15,0,56,51,53,66,71,123
1,0,8,37,0,4,53,20,0,58,45,49,65,78,123
1,0,8,44,1,3,52,14,0,56,52,55,66,70,123
0,0,10,38,1,3,55,15,0,58,48,51,63,73,122
1,0,0,40,0,5,63,14,0,69,40,45,54,83,123
0,0,11,45,3,2,48,12,0,50,56,58,68,62,121
1,0,13,37,0,2,50,17,0,53,50,52,67,70,120
1,0,9,44,1,4,53,9,0,58,53,57,62,67,121
1,0,8,47,0,4,49,14,0,54,55,59,69,68,123
1,0,7,42,0,2,55,13,0,58,49,51,62,71,120
0,0,10,45,1,5,54,9,0,59,55,60,64,68,124
1,0,10,39,0,2,54,14,0,57,49,51,63,71,120
0,0,7,41,0,4,55,16,0,59,48,52,64,75,123
1,0,8,50,0,3,48,12,0,52,58,61,70,64,122
1,0,13,35,0,0,57,15,0,58,48,48,63,73,121
1,0,10,40,0,6,54,13,0,61,50,56,63,74,124
0,0,0,47,1,2,58,13,0,60,47,49,60,73,121
4,0,10,37,0,3,55,12,0,62,47,50,59,74,121
1,0,7,43,1,3,56,12,0,60,50,53,62,72,123
1,0,8,47,0,1,53,11,0,55,55,56,66,66,121
3,0,8,40,0,4,55,13,0,62,48,52,61,75,123
1,0,9,42,1,4,48,18,0,53,51,55,69,71,123
1,0,7,44,0,4,53,15,0,58,51,55,66,73,124
0,0,9,46,1,4,45,17,0,49,55,59,72,66,122
2,0,7,44,0,0,54,13,0,56,51,51,64,69,120
0,0,7,48,0,5,49,11,0,54,55,60,66,65,120
1,0,8,47,1,4,52,11,0,57,55,59,66,68,124
1,0,10,41,1,4,52,16,0,57,51,55,67,73,125
1,0,9,37,1,3,58,15,0,62,46,49,61,77,124
1,0,8,41,0,4,56,11,0,61,49,53,60,72,121
0,0,7,43,1,5,54,15,0,59,50,55,65,74,125
1,0,7,53,0,4,48,9,0,53,60,64,69,62,122
0,0,9,42,0,4,51,17,0,55,51,55,68,72,123
1,0,8,45,0,2,48,18,0,51,53,55,71,69,122
1,0,8,39,0,4,55,17,0,60,47,51,64,77,124
1,0,6,41,1,3,51,19,0,55,47,50,66,74,122
1,0,8,45,0,3,51,14,0,55,53,56,67,69,122
1,0,7,42,0,4,54,15,0,59,49,53,64,74,123
1,0,10,38,1,5,55,16,0,61,48,53,64,77,126
1,0,7,43,0,3,54,13,0,58,50,53,63,71,121
0,0,7,43,1,2,54,14,0,56,50,52,64,70,121
0,0,8,43,0,5,52,15,0,57,51,56,66,72,123
1,0,0,52,1,2,50,16,0,53,52,54,68,69,122
2,0,7,41,0,3,55,14,0,60,48,51,62,74,122
1,0,7,45,0,2,55,11,0,58,52,54,63,69,121
0,0,7,47,1,3,54,11,0,57,54,57,65,68,123
0,0,8,46,1,2,53,12,0,55,54,56,66,67,122
1,0,6,39,0,3,60,12,0,64,45,48,57,76,121
2,0,8,40,0,4,55,13,0,61,48,52,61,74,122
1,0,8,41,1,4,56,12,0,61,49,53,61,73,123
1,0,8,51,1,3,49,11,0,53,59,62,70,64,124
0,0,10,45,1,3,50,12,0,53,55,58,67,65,121
1,0,0,51,0,3,54,12,0,58,51,54,63,70,121
1,0,9,44,0,3,51,12,0,55,53,56,65,67,120
0,0,8,41,0,3,54,15,0,57,49,52,64,72,121
1,0,7,40,1,3,56,14,0,60,47,50,61,74,122
1,0,6,42,0,5,57,12,0,63,48,53,60,75,123
1,0,9,35,1,4,58,16,0,63,44,48,60,79,124
1,0,7,44,0,5,53,11,0,59,51,56,62,70,121
1,0,7,41,1,4,58,12,0,63,48,52,60,75,124
0,0,9,40,0,4,55,12,0,59,49,53,61,71,120
1,0,11,39,1,2,54,14,0,57,50,52,64,71,122
1,0,0,49,0,2,54,14,0,57,49,51,63,71,120
1,0,10,42,1,2,53,14,0,56,52,54,66,70,123
1,0,8,41,0,3,54,14,0,58,49,52,63,72,121
1,0,6,44,1,6,50,13,0,57,50,56,63,70,121
1,0,11,36,1,1,59,11,0,61,47,48,58,72,120
1,0,13,37,1,3,50,15,0,54,50,53,65,69,120
2,0,9,46,0,4,50,11,0,56,55,59,66,67,122
1,0,0,44,0,2,60,13,0,63,44,46,57,76,120
0,0,7,44,0,2,53,15,0,55,51,53,66,70,121
1,0,11,39,1,4,51,18,0,56,50,54,68,74,125
1,0,10,36,1,5,58,13,0,64,46,51,59,77,124
1,0,9,45,1,3,48,15,0,52,54,57,69,67,122
1,0,10,44,1,3,51,12,0,55,54,57,66,67,122
1,0,11,40,0,4,52,15,0,57,51,55,66,72,123
1,0,8,39,1,3,55,15,0,59,47,50,62,74,122
0,0,10,43,0,4,47,16,0,51,53,57,69,67,120
0,0,8,46,1,4,49,14,0,53,54,58,68,67,122
1,0,8,42,1,4,54,15,0,59,50,54,65,74,125
1,0,6,48,1,5,56,9,0,62,54,59,63,71,126
1,0,6,43,0,1,60,10,0,62,49,50,59,72,121
2,0,7,46,1,3,52,12,0,57,53,56,65,69,123
1,0,0,49,0,6,52,12,0,59,49,55,61,71,120
0,0,8,42,1,3,56,13,0,59,50,53,63,72,123
1,0,7,45,1,4,51,13,0,56,52,56,65,69,122
1,0,9,43,1,2,54,11,0,57,52,54,63,68,121
1,0,7,40,0,5,56,15,0,62,47,52,62,77,124
1,0,12,40,1,4,53,14,0,58,52,56,66,72,125
3,0,0,45,0,2,58,12,0,63,45,47,57,75,120
1,0,10,42,1,2,56,10,0,59,52,54,62,69,122
2,0,9,38,1,1,57,12,0,60,47,48,59,72,120
0,0,7,48,1,3,50,12,0,53,55,58,67,65,121
1,0,9,44,0,2,51,15,0,54,53,55,68,69,122
2,0,13,36,1,5,50,15,0,57,49,54,64,72,122
1,0,7,44,1,5,53,15,0,59,51,56,66,74,126
1,0,9,42,0,4,53,14,0,58,51,55,65,72,123
1,0,7,44,0,4,55,12,0,60,51,55,63,72,123
3,0,10,39,1,4,56,11,0,63,49,53,60,74,124
1,0,14,37,1,4,52,15,0,57,51,55,66,72,124
0,0,9,41,1,2,55,13,0,57,50,52,63,70,121
1,0,7,42,0,5,50,17,0,56,49,54,66,73,122
1,0,9,42,1,5,51,15,0,57,51,56,66,72,124
1,0,6,42,1,3,56,14,0,60,48,51,62,74,123
1,0,0,45,0,3,58,15,0,62,45,48,60,77,122
1,0,7,42,1,4,55,11,0,60,49,53,60,71,121
1,0,7,43,1,1,54,15,0,56,50,51,65,71,122
1,0,7,44,0,0,52,16,0,53,51,51,67,69,120
1,0,0,43,0,2,63,13,0,66,43,45,56,79,122
1,0,10,38,0,5,54,15,0,60,48,53,63,75,123
1,0,7,48,1,3,47,16,0,51,55,58,71,67,123
3,0,7,46,1,3,48,15,0,54,53,56,68,69,123
4,0,8,39,1,2,54,12,0,60,47,49,59,72,120
1,0,9,41,1,4,55,12,0,60,50,54,62,72,123
2,0,7,41,0,4,54,15,0,60,48,52,63,75,123
1,0,8,41,0,2,57,12,0,60,49,51,61,72,121
1,0,7,41,1,4,52,17,0,57,48,52,65,74,123
1,0,11,36,1,3,57,14,0,61,47,50,61,75,123
1,0,8,44,0,4,52,14,0,57,52,56,66,71,123
1,0,9,42,0,4,52,15,0,57,51,55,66,72,123
2,0,11,43,1,5,51,11,0,58,54,59,65,69,124
1,0,10,38,0,3,49,20,0,53,48,51,68,73,121
1,0,8,48,0,4,48,13,0,53,56,60,69,66,122
1,0,0,48,1,3,57,12,0,61,48,51,60,73,122
2,0,6,43,0,6,49,14,0,57,49,55,63,71,120
0,0,10,39,0,4,56,13,0,60,49,53,62,73,122
1,0,7,41,0,2,56,14,0,59,48,50,62,73,121
1,0,7,41,1,4,55,15,0,60,48,52,63,75,124
1,0,7,41,0,3,58,12,0,62,48,51,60,74,122
4,0,9,40,1,3,54,12,0,61,49,52,61,73,123
1,0,6,44,0,3,54,13,0,58,50,53,63,71,121
1,0,8,42,1,6,57,11,0,64,50,56,61,75,126
1,0,7,45,1,4,53,12,0,58,52,56,64,70,123
0,0,7,46,1,3,56,9,0,59,53,56,62,68,122
1,0,8,44,0,2,51,14,0,54,52,54,66,68,120
1,0,8,42,1,3,54,13,0,58,50,53,63,71,122
1,0,6,46,0,3,50,17,0,54,52,55,69,71,123
2,0,0,50,1,4,55,11,0,61,50,54,61,72,123
1,0,9,40,1,3,54,16,0,58,49,52,65,74,124
1,0,6,49,1,4,50,13,0,55,55,59,68,68,124
1,0,8,42,1,3,55,11,0,59,50,53,61,70,121
1,0,9,36,1,3,51,20,0,55,45,48,65,75,121
1,0,9,39,1,5,52,15,0,58,48,53,63,73,122
1,0,7,44,1,5,51,15,0,57,51,56,66,72,124
1,0,10,43,1,2,49,15,0,52,53,55,68,67,121
1,0,11,41,0,4,50,15,0,55,52,56,67,70,122
3,0,8,40,0,5,53,15,0,61,48,53,63,76,124
1,0,0,49,0,3,54,15,0,58,49,52,64,73,122
1,0,8,46,1,3,50,16,0,54,54,57,70,70,125
1,0,0,50,1,2,51,17,0,54,50,52,67,71,122
3,0,9,41,1,4,55,10,0,62,50,54,60,72,123
2,0,9,42,1,4,58,8,0,64,51,55,59,72,124
1,0,8,45,0,2,44,20,0,47,53,55,73,67,120
1,0,9,41,1,4,55,12,0,60,50,54,62,72,123
1,0,0,45,1,2,57,16,0,60,45,47,61,76,122
1,0,9,42,1,3,56,10,0,60,51,54,61,70,122
1,0,8,41,0,2,55,14,0,58,49,51,63,72,121
0,0,6,41,1,1,60,12,0,61,47,48,59,73,121
1,0,8,44,0,1,51,15,0,53,52,53,67,68,120
1,0,8,41,1,4,52,15,0,57,49,53,64,72,122
2,0,8,41,0,3,57,11,0,62,49,52,60,73,122
1,0,10,42,1,5,53,14,0,59,52,57,66,73,126
1,0,6,44,1,2,50,16,0,53,50,52,66,69,120
0,0,10,42,0,0,53,15,0,53,52,52,67,68,120
2,0,0,50,1,2,56,9,0,60,50,52,59,69,120
1,0,7,43,0,2,53,16,0,56,50,52,66,72,122
0,0,10,41,1,2,54,13,0,56,51,53,64,69,121
1,0,8,46,1,3,49,14,0,53,54,57,68,67,122
1,0,7,46,1,0,52,14,0,53,53,53,67,67,121
1,0,7,40,0,3,56,15,0,60,47,50,62,75,122
4,0,7,40,0,4,55,13,0,63,47,51,60,76,123
2,0,7,42,0,3,56,10,0,61,49,52,59,71,120
0,0,10,42,0,3,54,13,0,57,52,55,65,70,122
0,0,0,50,1,4,54,14,0,58,50,54,64,72,123
1,0,8,47,0,2,50,14,0,53,55,57,69,67,122
2,0,10,40,1,3,50,16,0,55,50,53,66,71,122
1,0,7,45,1,2,55,12,0,58,52,54,64,70,123
1,0,8,40,1,2,54,14,0,57,48,50,62,71,120
1,0,0,49,0,2,53,15,0,56,49,51,64,71,120
0,0,8,45,0,4,51,14,0,55,53,57,67,69,122
1,0,14,38,1,4,52,12,0,57,52,56,64,69,122
0,0,7,44,1,6,54,9,0,60,51,57,60,69,121
1,0,8,42,1,2,56,11,0,59,50,52,61,70,121
0,0,7,43,0,3,53,14,0,56,50,53,64,70,120
1,0,10,37,1,6,55,15,0,62,47,53,62,77,125
1,0,7,48,1,2,55,8,0,58,55,57,63,66,122
1,0,10,38,0,3,52,18,0,56,48,51,66,74,122
1,0,6,43,1,2,56,13,0,59,49,51,62,72,122
1,0,0,45,1,1,63,11,0,65,45,46,56,76,122
0,0,9,41,0,5,48,17,0,53,50,55,67,70,120
1,0,9,43,1,4,51,15,0,56,52,56,67,71,124
2,0,7,42,1,1,58,10,0,61,49,50,59,71,121
1,0,10,40,0,3,55,14,0,59,50,53,64,73,123
1,0,8,40,0,2,53,17,0,56,48,50,65,73,121
1,0,8,43,1,4,52,16,0,57,51,55,67,73,125
1,0,9,44,1,3,51,13,0,55,53,56,66,68,122
1,10,8,40,1,0,46,14,0,57,48,48,62,71,120
0,0,0,47,1,4,59,12,0,63,47,51,59,75,123
0,0,8,46,0,4,51,13,0,55,54,58,67,68,122
1,0,7,45,1,4,54,12,0,59,52,56,64,71,124
1,0,0,49,1,1,55,13,0,57,49,50,62,70,120
0,0,7,46,1,3,53,11,0,56,53,56,64,67,121
1,0,6,40,1,2,59,12,0,62,46,48,58,74,121
3,0,8,41,1,2,52,15,0,57,49,51,64,72,122
1,0,13,42,0,0,50,15,0,51,55,55,70,66,121
1,0,9,40,1,3,57,11,0,61,49,52,60,72,122
1,0,9,40,0,4,54,15,0,59,49,53,64,74,123
1,0,0,50,0,2,50,18,0,53,50,52,68,71,121
0,0,7,47,1,2,52,12,0,54,54,56,66,66,121
1,0,7,41,1,3,56,14,0,60,48,51,62,74,123
0,0,8,44,1,2,54,13,0,56,52,54,65,69,122
1,0,7,44,0,3,52,14,0,56,51,54,65,70,121
1,0,0,47,0,2,58,13,0,61,47,49,60,74,121
1,0,9,40,1,2,56,12,0,59,49,51,61,71,121
1,0,0,50,1,2,52,16,0,55,50,52,66,71,122
1,0,0,50,1,2,51,16,0,54,50,52,66,70,121
1,0,7,42,0,3,56,11,0,60,49,52,60,71,120
0,0,8,39,0,3,58,13,0,61,47,50,60,74,121
1,0,9,42,0,5,55,13,0,61,51,56,64,74,125
1,0,8,43,0,5,55,12,0,61,51,56,63,73,124
1,0,9,46,1,4,49,13,0,54,55,59,68,67,123
1,0,9,42,0,3,54,12,0,58,51,54,63,70,121
0,0,11,39,1,4,58,11,0,62,50,54,61,73,124
1,0,7,44,1,4,55,13,0,60,51,55,64,73,125
0,0,7,43,0,3,58,10,0,61,50,53,60,71,121
1,0,11,39,1,5,52,15,0,58,50,55,65,73,124
1,0,10,39,0,2,50,19,0,53,49,51,68,72,121
1,0,8,43,0,2,55,12,0,58,51,53,63,70,121
2,0,9,44,0,3,49,13,0,54,53,56,66,67,120
1,0,9,41,0,3,53,14,0,57,50,53,64,71,121
0,0,10,42,0,6,50,16,0,56,52,58,68,72,124
1,0,7,47,0,2,50,13,0,53,54,56,67,66,120
1,0,10,41,0,2,54,14,0,57,51,53,65,71,122
2,0,9,40,1,4,54,12,0,60,49,53,61,72,122
1,0,0,50,0,3,54,13,0,58,50,53,63,71,121
1,0,7,41,1,3,56,14,0,60,48,51,62,74,123
1,0,8,43,0,3,51,16,0,55,51,54,67,71,122
1,0,8,43,0,2,51,17,0,54,51,53,68,71,122
0,0,8,46,1,4,53,12,0,57,54,58,66,69,124
0,0,7,41,0,2,57,14,0,59,48,50,62,73,121
3,0,9,42,0,3,52,13,0,58,51,54,64,71,122
1,0,7,47,0,3,50,15,0,54,54,57,69,69,123
1,0,7,46,0,4,52,14,0,57,53,57,67,71,124
2,0,8,38,0,2,53,18,0,57,46,48,64,75,121
1,0,9,41,0,4,54,13,0,59,50,54,63,72,122
2,0,10,38,0,4,53,13,0,59,48,52,61,72,120
1,0,7,46,0,3,51,14,0,55,53,56,67,69,122
1,0,7,41,0,4,53,17,0,58,48,52,65,75,123
2,0,10,40,1,4,55,11,0,61,50,54,61,72,123
0,0,8,42,0,1,53,16,0,54,50,51,66,70,120
1,0,7,41,1,3,57,13,0,61,48,51,61,74,123
1,0,0,45,0,2,59,14,0,62,45,47,59,76,121
1,0,7,41,1,3,59,10,0,63,48,51,58,73,122
1,0,7,41,0,1,59,12,0,61,48,49,60,73,121
0,0,7,47,1,3,52,13,0,55,54,57,67,68,123
1,0,11,41,1,3,55,11,0,59,52,55,63,70,123
0,0,7,42,1,3,53,15,0,56,49,52,64,71,121
1,0,8,41,0,3,54,14,0,58,49,52,63,72,121
1,0,13,37,1,1,53,15,0,55,50,51,65,70,121
1,0,0,50,0,4,53,13,0,58,50,54,63,71,121
1,0,0,54,0,4,52,13,0,57,54,58,67,70,124
1,0,8,42,0,3,49,18,0,53,50,53,68,71,121
1,0,8,48,1,2,50,11,0,53,56,58,67,64,121
1,0,7,43,1,3,56,13,0,60,50,53,63,73,124
1,0,10,44,0,3,50,13,0,54,54,57,67,67,121
1,0,7,44,0,3,49,16,0,53,51,54,67,69,120
0,0,9,39,1,3,59,11,0,62,48,51,59,73,122
1,0,8,43,1,4,52,15,0,57,51,55,66,72,124
2,0,9,42,0,4,50,16,0,56,51,55,67,72,123
1,0,8,43,1,2,51,15,0,54,51,53,66,69,121
0,0,8,42,1,3,56,12,0,59,50,53,62,71,122
3,0,9,37,1,3,52,17,0,58,46,49,63,75,122
0,0,10,36,1,2,59,13,0,61,46,48,59,74,121
1,0,7,49,1,5,47,16,0,53,56,61,72,69,126
1,0,8,46,0,2,50,14,0,53,54,56,68,67,121
1,0,7,41,1,3,56,14,0,60,48,51,62,74,123
1,0,10,44,0,3,47,16,0,51,54,57,70,67,121
1,0,9,43,0,4,50,17,0,55,52,56,69,72,124
1,0,10,41,1,2,49,18,0,52,51,53,69,70,122
2,0,7,44,0,4,53,11,0,59,51,55,62,70,121
1,0,7,47,1,3,52,12,0,56,54,57,66,68,123
3,0,6,44,1,1,54,12,0,58,50,51,62,70,121
1,0,7,44,1,2,53,13,0,56,51,53,64,69,121
0,0,8,44,1,4,54,12,0,58,52,56,64,70,123
0,0,9,40,0,2,56,13,0,58,49,51,62,71,120
1,0,8,41,0,3,56,13,0,60,49,52,62,73,122
0,0,7,44,0,4,56,12,0,60,51,55,63,72,123
1,0,8,46,0,3,50,14,0,54,54,57,68,68,122
0,0,8,42,1,1,54,15,0,55,50,51,65,70,121
0,0,7,43,1,5,53,16,0,58,50,55,66,74,125
1,0,6,43,1,3,55,14,0,59,49,52,63,73,123
0,0,8,43,0,3,52,14,0,55,51,54,65,69,120
1,0,9,42,0,4,52,15,0,57,51,55,66,72,123
1,0,7,45,0,4,49,17,0,54,52,56,69,71,123
0,0,9,40,0,2,55,14,0,57,49,51,63,71,120
1,0,8,43,0,3,54,12,0,58,51,54,63,70,121
1,0,10,41,0,2,56,11,0,59,51,53,62,70,121
1,0,8,42,1,2,54,14,0,57,50,52,64,71,122
1,0,9,42,1,5,55,12,0,61,51,56,63,73,125
1,0,9,38,1,4,54,14,0,59,47,51,61,73,121
0,0,7,43,0,2,54,14,0,56,50,52,64,70,120
1,0,7,40,0,0,57,15,0,58,47,47,62,73,120
1,0,10,35,0,3,59,13,0,63,45,48,58,76,121
0,0,7,45,1,3,50,15,0,53,52,55,67,68,121
1,0,6,45,1,4,52,13,0,57,51,55,64,70,122
1,0,11,42,0,4,52,14,0,57,53,57,67,71,124
1,0,7,45,1,4,51,16,0,56,52,56,68,72,125
1,0,7,43,1,5,53,15,0,59,50,55,65,74,125
1,0,0,46,1,3,56,15,0,60,46,49,61,75,122
1,0,6,44,1,4,56,13,0,61,50,54,63,74,125
1,0,0,48,1,2,57,14,0,60,48,50,62,74,123
1,0,7,45,0,3,51,13,0,55,52,55,65,68,120
1,0,9,42,1,2,50,16,0,53,51,53,67,69,121
1,0,7,46,0,3,52,14,0,56,53,56,67,70,123
1,0,7,44,0,4,51,17,0,56,51,55,68,73,124
0,0,8,44,0,2,52,15,0,54,52,54,67,69,121
1,0,8,42,1,3,53,16,0,57,50,53,66,73,124
1,0,8,44,0,4,50,15,0,55,52,56,67,70,122
1,0,0,43,0,6,60,10,0,67,43,49,53,77,120
0,0,8,41,1,4,54,16,0,58,49,53,65,74,124
1,0,10,38,1,3,58,11,0,62,48,51,59,73,122
1,0,9,41,1,4,54,14,0,59,50,54,64,73,124
1,0,6,41,0,3,60,12,0,64,47,50,59,76,123
1,0,7,40,1,4,55,15,0,60,47,51,62,75,123
0,0,10,41,1,4,54,13,0,58,51,55,64,71,123
1,0,0,48,1,3,54,14,0,58,48,51,62,72,121
0,0,8,40,0,1,59,12,0,60,48,49,60,72,120
0,0,7,44,0,2,52,16,0,54,51,53,67,70,121
1,0,8,43,0,2,55,11,0,58,51,53,62,69,120
1,0,10,40,0,4,50,15,0,55,50,54,65,70,120
0,0,7,40,1,4,55,14,0,59,47,51,61,73,121
1,0,7,46,1,2,54,11,0,57,53,55,64,68,122
0,0,10,42,0,3,55,12,0,58,52,55,64,70,122
0,0,7,44,1,5,54,14,0,59,51,56,65,73,125
0,0,7,46,1,3,47,18,0,50,53,56,71,68,122
1,0,7,47,1,4,53,12,0,58,54,58,66,70,125
0,0,6,43,0,3,54,16,0,57,49,52,65,73,122
1,0,11,38,0,3,54,14,0,58,49,52,63,72,121
1,0,8,41,1,2,49,18,0,52,49,51,67,70,120
1,0,10,38,0,4,56,14,0,61,48,52,62,75,123
1,0,7,41,1,2,57,14,0,60,48,50,62,74,123
1,0,6,44,1,2,54,13,0,57,50,52,63,70,121
0,0,7,41,0,0,61,11,0,61,48,48,59,72,120
1,0,8,39,1,2,55,14,0,58,47,49,61,72,120
1,0,0,47,1,1,58,13,0,60,47,48,60,73,121
1,0,8,42,0,3,55,12,0,59,50,53,62,71,121
1,0,8,44,1,4,50,15,0,55,52,56,67,70,123
0,0,6,49,1,2,48,15,0,50,55,57,70,65,121
1,0,7,42,2,3,56,10,0,60,49,52,59,70,121
1,0,6,47,0,3,54,10,0,58,53,56,63,68,121
2,0,7,42,0,3,57,11,0,62,49,52,60,73,122
1,0,7,44,1,3,53,13,0,57,51,54,64,70,122
0,0,12,38,1,4,54,13,0,58,50,54,63,71,122
2,0,0,54,0,2,49,14,0,53,54,56,68,67,121
1,0,8,44,1,4,53,14,0,58,52,56,66,72,125
1,0,7,43,0,3,55,13,0,59,50,53,63,72,122
1,0,7,49,1,4,52,10,0,57,56,60,66,67,124
1,0,7,47,0,2,51,13,0,54,54,56,67,67,121
1,0,0,50,1,3,53,14,0,57,50,53,64,71,122
1,0,8,44,1,3,53,12,0,57,52,55,64,69,122
1,0,9,40,1,4,52,14,0,57,49,53,63,71,121
1,0,0,55,0,2,49,14,0,52,55,57,69,66,121
0,0,8,40,0,4,58,12,0,62,48,52,60,74,122
1,0,11,36,0,4,55,15,0,60,47,51,62,75,122
1,0,9,43,1,3,53,12,0,57,52,55,64,69,122
1,0,12,39,0,5,48,18,0,54,51,56,69,72,123
1,0,8,39,0,4,54,14,0,59,47,51,61,73,120
0,0,0,52,1,3,52,13,0,55,52,55,65,68,121
1,0,0,46,0,3,57,16,0,61,46,49,62,77,123
1,0,8,45,1,3,49,15,0,53,53,56,68,68,122
1,0,9,47,1,4,52,10,0,57,56,60,66,67,124
1,0,8,44,1,2,53,13,0,56,52,54,65,69,122
1,0,10,41,1,3,51,15,0,55,51,54,66,70,122
1,0,9,38,0,1,60,11,0,62,47,48,58,73,120
0,0,7,42,1,2,52,18,0,54,49,51,67,72,122
1,0,9,42,1,2,52,15,0,55,51,53,66,70,122
0,0,0,44,0,4,59,13,0,63,44,48,57,76,120
1,0,10,41,1,3,52,13,0,56,51,54,64,69,121
1,0,9,40,0,4,53,16,0,58,49,53,65,74,123
1,0,0,49,0,3,54,14,0,58,49,52,63,72,121
1,0,10,42,1,2,52,14,0,55,52,54,66,69,122
1,0,7,42,1,3,56,12,0,60,49,52,61,72,122
1,0,8,44,1,2,52,15,0,55,52,54,67,70,123
1,0,0,50,1,3,57,11,0,61,50,53,61,72,123
0,0,8,43,1,3,53,14,0,56,51,54,65,70,122
2,0,0,48,1,2,54,14,0,58,48,50,62,72,121
0,0,11,40,1,5,49,16,0,54,51,56,67,70,122
0,0,10,45,0,3,49,15,0,52,55,58,70,67,122
1,0,8,43,0,2,53,14,0,56,51,53,65,70,121
1,0,11,40,1,5,53,14,0,59,51,56,65,73,125
0,0,6,44,1,3,49,20,0,52,50,53,70,72,123
1,0,7,43,1,2,60,7,0,63,50,52,57,70,121
0,0,0,45,0,5,61,11,0,66,45,50,56,77,122
0,0,8,42,0,3,58,9,0,61,50,53,59,70,120
1,0,9,40,1,4,55,13,0,60,49,53,62,73,123
1,0,0,48,0,1,56,14,0,58,48,49,62,72,120
1,0,9,47,1,3,50,12,0,54,56,59,68,66,123
1,0,9,40,1,3,57,12,0,61,49,52,61,73,123
1,0,7,46,0,4,51,12,0,56,53,57,65,68,121
0,0,10,44,1,4,51,13,0,55,54,58,67,68,123
1,0,0,52,0,2,55,10,0,58,52,54,62,68,120
0,0,0,49,0,4,56,14,0,60,49,53,63,74,123
1,0,7,45,1,2,51,15,0,54,52,54,67,69,122
1,0,10,38,1,3,58,12,0,62,48,51,60,74,123
3,0,9,41,0,5,49,17,0,57,50,55,67,74,124
1,0,8,44,0,6,51,11,0,58,52,58,63,69,121
1,0,8,44,0,4,50,16,0,55,52,56,68,71,123
1,0,9,45,1,3,49,15,0,53,54,57,69,68,123
0,0,0,46,1,3,59,13,0,62,46,49,59,75,122
1,0,0,48,1,3,56,13,0,60,48,51,61,73,122
1,0,9,44,0,2,50,15,0,53,53,55,68,68,121
1,0,6,43,1,2,55,13,0,58,49,51,62,71,121
2,0,8,41,0,4,57,9,0,63,49,53,58,72,121
1,0,0,50,1,4,53,14,0,58,50,54,64,72,123
1,0,9,40,0,4,51,15,0,56,49,53,64,71,120
1,0,8,46,0,4,50,13,0,55,54,58,67,68,122
1,0,7,47,1,4,50,13,0,55,54,58,67,68,123
1,0,7,45,1,5,53,13,0,59,52,57,65,72,125
1,0,9,41,1,3,57,11,0,61,50,53,61,72,123
0,0,9,40,0,4,56,14,0,60,49,53,63,74,123
0,0,10,39,1,2,50,19,0,52,49,51,68,71,121
1,0,10,40,0,4,49,18,0,54,50,54,68,72,122
1,0,8,41,1,0,57,14,0,58,49,49,63,72,122
1,0,9,42,1,3,52,14,0,56,51,54,65,70,122
0,0,9,43,0,3,50,17,0,53,52,55,69,70,122
1,0,8,50,1,2,49,11,0,52,58,60,69,63,122
0,0,6,51,1,1,49,13,0,50,57,58,70,63,121
0,0,0,46,1,3,62,9,0,65,46,49,55,74,121
1,0,12,38,0,5,51,16,0,57,50,55,66,73,123
1,0,10,37,0,5,57,13,0,63,47,52,60,76,123
1,0,14,33,1,3,58,13,0,62,47,50,60,75,123
0,0,8,47,1,6,53,11,0,59,55,61,66,70,126
1,0,6,49,0,3,48,16,0,52,55,58,71,68,123
1,0,7,45,0,4,51,15,0,56,52,56,67,71,123
1,0,8,44,1,3,53,13,0,57,52,55,65,70,123
0,0,9,43,1,0,54,14,0,54,52,52,66,68,121
1,0,7,45,0,4,55,11,0,60,52,56,63,71,123
1,0,10,43,1,4,53,10,0,58,53,57,63,68,122
1,0,7,47,1,4,51,13,0,56,54,58,67,69,124
1,0,7,43,1,4,52,14,0,57,50,54,64,71,122
1,0,0,50,0,2,55,12,0,58,50,52,62,70,120
3,0,7,44,0,4,54,10,0,61,51,55,61,71,122
1,0,9,41,0,2,53,16,0,56,50,52,66,72,122
1,0,8,46,1,3,54,11,0,58,54,57,65,69,124
1,0,9,41,0,4,57,11,0,62,50,54,61,73,123
1,0,8,40,0,2,55,16,0,58,48,50,64,74,122
1,0,7,46,0,5,51,15,0,57,53,58,68,72,125
1,0,8,45,0,2,56,9,0,59,53,55,62,68,121
1,0,8,42,1,4,53,14,0,58,50,54,64,72,123
1,0,10,42,0,4,53,14,0,58,52,56,66,72,124
1,0,7,47,1,2,54,10,0,57,54,56,64,67,122
1,0,10,38,1,3,56,13,0,60,48,51,61,73,122
1,0,7,44,0,2,56,12,0,59,51,53,63,71,122
1,0,9,37,1,3,52,19,0,56,46,49,65,75,122
1,0,7,37,1,2,59,15,0,62,44,46,59,77,122
3,0,0,50,1,2,56,10,0,61,50,52,60,71,122
1,0,8,44,0,3,54,11,0,58,52,55,63,69,121
1,0,6,41,0,3,60,12,0,64,47,50,59,76,123
2,0,9,37,0,4,56,15,0,62,46,50,61,77,123
1,0,7,44,0,5,55,11,0,61,51,56,62,72,123
1,0,7,48,0,3,48,15,0,52,55,58,70,67,122
0,0,8,47,0,2,51,13,0,53,55,57,68,66,121
1,0,10,43,1,3,53,12,0,57,53,56,65,69,123
2,0,8,45,0,4,49,12,0,55,53,57,65,67,120
1,0,7,46,0,5,53,11,0,59,53,58,64,70,123
1,0,7,43,1,4,53,16,0,58,50,54,66,74,125
0,0,9,42,1,5,50,17,0,55,51,56,68,72,124
1,0,9,42,1,3,51,16,0,55,51,54,67,71,123
1,0,7,45,1,3,55,11,0,59,52,55,63,70,123
1,0,6,42,1,3,54,16,0,58,48,51,64,74,123
2,0,7,46,0,4,51,13,0,57,53,57,66,70,123
1,0,7,42,1,4,58,11,0,63,49,53,60,74,124
1,0,8,43,1,0,52,16,0,53,51,51,67,69,121
1,0,8,36,1,0,57,19,0,58,44,44,63,77,122
0,0,7,45,1,4,54,13,0,58,52,56,65,71,124
1,0,7,45,1,3,52,12,0,56,52,55,64,68,121
0,0,9,41,0,3,53,14,0,56,50,53,64,70,120
1,0,0,47,1,4,56,14,0,61,47,51,61,75,123
1,0,9,42,1,5,50,17,0,56,51,56,68,73,125
1,0,8,40,1,3,56,12,0,60,48,51,60,72,121
1,0,10,42,1,3,53,13,0,57,52,55,65,70,123
1,0,10,43,0,4,54,12,0,59,53,57,65,71,124
0,0,7,44,1,2,52,15,0,54,51,53,66,69,121
0,0,8,47,0,2,47,16,0,49,55,57,71,65,120
1,0,6,40,1,4,57,12,0,62,46,50,58,74,121
1,0,13,39,0,2,55,11,0,58,52,54,63,69,121
0,0,8,42,0,4,53,13,0,57,50,54,63,70,120
1,0,7,42,1,1,55,15,0,57,49,50,64,72,122
0,0,8,39,0,2,60,11,0,62,47,49,58,73,120
0,0,10,39,0,4,57,13,0,61,49,53,62,74,123
1,0,9,43,0,3,54,10,0,58,52,55,62,68,120
1,0,7,46,1,3,51,13,0,55,53,56,66,68,122
1,0,13,35,0,3,57,12,0,61,48,51,60,73,121
1,0,9,42,0,4,55,11,0,60,51,55,62,71,122
1,0,7,40,0,3,53,17,0,57,47,50,64,74,121
1,0,10,40,1,2,55,13,0,58,50,52,63,71,122
1,0,10,37,0,3,52,19,0,56,47,50,66,75,122
1,0,0,47,0,3,56,15,0,60,47,50,62,75,122
1,0,10,39,1,5,52,13,0,58,49,54,62,71,121
1,0,8,44,1,5,52,14,0,58,52,57,66,72,125
1,0,7,44,0,5,50,14,0,56,51,56,65,70,121
1,0,0,43,0,4,58,16,0,63,43,47,59,79,122
1,0,11,42,0,2,48,16,0,51,53,55,69,67,120
1,0,9,43,0,3,49,15,0,53,52,55,67,68,120
1,0,9,41,0,5,52,17,0,58,50,55,67,75,125
1,0,13,39,0,4,54,12,0,59,52,56,64,71,123
1,0,8,41,1,5,55,14,0,61,49,54,63,75,125
1,0,7,38,0,1,57,17,0,59,45,46,62,76,121
1,0,6,42,0,3,60,11,0,64,48,51,59,75,123
1,0,8,37,1,2,59,14,0,62,45,47,59,76,122
1,0,10,43,1,2,52,13,0,55,53,55,66,68,122
0,0,8,39,0,2,61,10,0,63,47,49,57,73,120
1,0,0,49,0,2,57,11,0,60,49,51,60,71,120
1,0,7,39,0,3,54,18,0,58,46,49,64,76,122
0,0,8,48,0,3,50,11,0,53,56,59,67,64,120
1,0,8,45,0,5,49,15,0,55,53,58,68,70,123
0,0,8,43,1,3,50,18,0,53,51,54,69,71,123
1,0,8,46,1,3,48,16,0,52,54,57,70,68,123
1,0,0,51,0,2,53,13,0,56,51,53,64,69,120
1,0,10,45,0,0,51,14,0,52,55,55,69,66,121
1,0,7,46,0,2,52,14,0,55,53,55,67,69,122
0,0,8,41,1,0,56,15,0,56,49,49,64,71,121
1,0,8,48,1,4,49,11,0,54,56,60,67,65,122
1,0,7,44,0,4,56,11,0,61,51,55,62,72,123
1,0,0,47,1,4,54,18,0,59,47,51,65,77,125
0,0,7,45,0,2,54,12,0,56,52,54,64,68,120
2,0,7,38,0,3,54,18,0,59,45,48,63,77,122
1,0,8,46,1,3,51,13,0,55,54,57,67,68,123
1,0,0,47,1,3,57,15,0,61,47,50,62,76,124
1,0,7,39,1,3,60,12,0,64,46,49,58,76,123
2,0,9,40,1,3,55,13,0,60,49,52,62,73,123
1,0,10,40,1,3,55,12,0,59,50,53,62,71,122
2,0,7,47,0,2,50,12,0,54,54,56,66,66,120
1,0,7,47,0,6,50,14,0,57,54,60,68,71,125
3,0,9,42,1,4,51,14,0,58,51,55,65,72,124
0,0,9,35,0,1,60,15,0,61,44,45,59,76,120
1,0,12,41,0,3,53,10,0,57,53,56,63,67,120
1,0,0,50,0,3,53,14,0,57,50,53,64,71,121
1,0,10,37,1,2,55,16,0,58,47,49,63,74,122
1,0,0,45,0,4,56,17,0,61,45,49,62,78,123
1,0,0,48,1,4,55,14,0,60,48,52,62,74,123
1,0,8,46,1,3,53,11,0,57,54,57,65,68,123
1,0,10,39,0,4,53,15,0,58,49,53,64,73,122
1,0,10,43,1,4,50,16,0,55,53,57,69,71,125
1,0,12,38,0,6,54,14,0,61,50,56,64,75,125
0,0,7,43,1,5,56,13,0,61,50,55,63,74,125
1,0,7,41,0,3,53,17,0,57,48,51,65,74,122
1,0,10,40,2,4,52,11,0,57,50,54,61,68,120
1,0,8,42,1,3,52,15,0,56,50,53,65,71,122
1,0,8,40,0,2,53,16,0,56,48,50,64,72,120
0,0,8,44,0,3,54,12,0,57,52,55,64,69,121
1,0,9,39,1,4,56,11,0,61,48,52,59,72,121
1,0,9,43,1,4,52,15,0,57,52,56,67,72,125
1,0,0,49,0,4,55,13,0,60,49,53,62,73,122
1,0,10,39,1,3,56,11,0,60,49,52,60,71,121
0,0,9,46,1,3,45,18,0,48,55,58,73,66,122
1,0,6,42,1,4,57,12,0,62,48,52,60,74,123
0,0,7,45,1,2,53,14,0,55,52,54,66,69,122
2,0,10,34,0,3,53,20,0,58,44,47,64,78,122
1,0,7,43,0,2,54,15,0,57,50,52,65,72,122
1,0,12,37,1,2,53,15,0,56,49,51,64,71,121
1,0,0,47,1,3,57,15,0,61,47,50,62,76,124
1,0,0,54,0,1,54,10,0,56,54,55,64,66,120
1,0,10,41,0,3,52,16,0,56,51,54,67,72,123
1,0,9,45,1,5,54,10,0,60,54,59,64,70,125
1,0,7,42,1,4,56,14,0,61,49,53,63,75,125
1,0,8,44,1,4,54,12,0,59,52,56,64,71,124
1,0,8,41,1,4,53,14,0,58,49,53,63,72,122
2,0,9,38,1,4,54,15,0,60,47,51,62,75,123
1,0,7,47,1,2,49,14,0,52,54,56,68,66,121
1,0,8,43,1,3,46,19,0,50,51,54,70,69,121
2,0,8,43,0,4,53,13,0,59,51,55,64,72,123
1,0,7,44,0,3,54,12,0,58,51,54,63,70,121
1,0,9,44,1,4,52,13,0,57,53,57,66,70,124
1,0,11,37,1,4,55,12,0,60,48,52,60,72,121
1,0,9,42,1,3,50,16,0,54,51,54,67,70,122
0,0,11,43,0,4,51,14,0,55,54,58,68,69,123
1,0,8,46,0,2,51,13,0,54,54,56,67,67,121
2,0,7,41,0,2,53,15,0,57,48,50,63,72,120
1,0,9,42,0,4,46,21,0,51,51,55,72,72,123
1,0,8,45,0,4,51,13,0,56,53,57,66,69,122
2,0,9,42,1,2,49,15,0,53,51,53,66,68,120
1,0,9,42,0,2,53,14,0,56,51,53,65,70,121
1,0,9,36,1,2,54,20,0,57,45,47,65,77,123
1,0,10,43,0,1,49,17,0,51,53,54,70,68,121
1,0,8,45,0,4,52,13,0,57,53,57,66,70,123
1,0,7,44,0,3,50,17,0,54,51,54,68,71,122
1,0,9,38,0,3,56,13,0,60,47,50,60,73,120
1,0,10,43,0,2,53,13,0,56,53,55,66,69,122
0,0,7,43,0,3,55,13,0,58,50,53,63,71,121
1,0,8,41,0,2,53,15,0,56,49,51,64,71,120
1,0,7,44,1,4,53,13,0,58,51,55,64,71,123
0,0,9,42,0,3,53,15,0,56,51,54,66,71,122
1,0,7,43,1,3,55,11,0,59,50,53,61,70,121
1,0,8,48,0,3,50,13,0,54,56,59,69,67,123
1,0,7,48,0,3,49,15,0,53,55,58,70,68,123
1,0,9,39,1,2,55,13,0,58,48,50,61,71,120
0,0,7,40,0,2,59,12,0,61,47,49,59,73,120
1,0,8,47,0,4,51,12,0,56,55,59,67,68,123
0,0,7,45,0,5,52,13,0,57,52,57,65,70,122
0,0,7,42,0,5,53,13,0,58,49,54,62,71,120
0,0,12,37,1,2,53,16,0,55,49,51,65,71,121
1,0,7,43,1,4,55,12,0,60,50,54,62,72,123
1,0,8,47,0,2,48,14,0,51,55,57,69,65,120
0,0,7,47,0,3,54,11,0,57,54,57,65,68,122
0,0,8,46,1,4,53,12,0,57,54,58,66,69,124
0,0,9,42,1,3,49,19,0,52,51,54,70,71,123
1,0,10,47,1,6,48,14,0,55,57,63,71,69,127
1,0,7,44,0,3,49,18,0,53,51,54,69,71,122
0,0,6,46,1,2,53,14,0,55,52,54,66,69,122
1,0,7,49,1,4,51,12,0,56,56,60,68,68,125
1,0,11,40,0,4,54,12,0,59,51,55,63,71,122
1,0,0,50,0,3,58,10,0,62,50,53,60,72,122
1,0,0,45,0,2,53,20,0,56,45,47,65,76,121
1,0,10,40,0,3,52,17,0,56,50,53,67,73,123
1,0,9,45,1,2,50,14,0,53,54,56,68,67,122
0,0,0,49,1,3,56,13,0,59,49,52,62,72,122
0,0,8,48,1,2,52,11,0,54,56,58,67,65,122
2,0,7,41,0,3,56,13,0,61,48,51,61,74,122
1,0,9,40,0,2,52,17,0,55,49,51,66,72,121
1,0,7,45,0,3,54,12,0,58,52,55,64,70,122
8,0,7,38,1,4,54,11,0,66,45,49,56,77,123
1,0,7,46,1,2,51,13,0,54,53,55,66,67,121
1,0,10,41,0,2,50,17,0,53,51,53,68,70,121
2,0,12,39,1,3,53,12,0,58,51,54,63,70,122
2,0,8,39,1,5,51,18,0,58,47,52,65,76,124
1,0,9,42,0,3,54,13,0,58,51,54,64,71,122
1,0,7,43,1,4,57,9,0,62,50,54,59,71,122
1,0,0,48,1,3,59,12,0,63,48,51,60,75,124
0,0,7,45,1,1,55,12,0,56,52,53,64,68,121
1,0,10,40,0,2,56,13,0,59,50,52,63,72,122
2,0,9,41,1,3,48,16,0,53,50,53,66,69,120
0,0,10,38,1,2,58,13,0,60,48,50,61,73,122
0,0,8,43,1,3,51,16,0,54,51,54,67,70,122
1,0,7,43,1,2,51,17,0,54,50,52,67,71,122
1,0,8,43,1,2,57,10,0,60,51,53,61,70,122
1,0,8,41,1,3,54,16,0,58,49,52,65,74,124
0,0,9,39,1,1,56,15,0,57,48,49,63,72,121
1,0,9,43,0,4,51,13,0,56,52,56,65,69,121
1,0,7,51,1,1,48,12,0,50,58,59,70,62,121
1,0,7,42,0,3,51,17,0,55,49,52,66,72,121
2,0,7,43,1,1,53,14,0,56,50,51,64,70,121
1,0,8,38,1,3,54,19,0,58,46,49,65,77,124
1,0,9,44,1,4,50,15,0,55,53,57,68,70,124
1,0,11,43,1,6,43,17,0,50,54,60,71,67,122
1,0,7,41,0,2,57,14,0,60,48,50,62,74,122
0,0,8,40,1,3,55,16,0,58,48,51,64,74,123
1,0,8,46,0,3,53,10,0,57,54,57,64,67,121
1,0,6,46,0,4,54,11,0,59,52,56,63,70,122
1,0,10,37,0,3,58,13,0,62,47,50,60,75,122
1,0,7,41,0,2,55,16,0,58,48,50,64,74,122
1,0,0,47,1,2,57,15,0,60,47,49,62,75,123
1,0,8,40,0,3,53,15,0,57,48,51,63,72,120
1,0,7,41,1,4,55,15,0,60,48,52,63,75,124
1,0,7,46,1,4,49,14,0,54,53,57,67,68,122
1,0,8,44,1,2,52,13,0,55,52,54,65,68,121
1,0,11,38,1,3,55,13,0,59,49,52,62,72,122
1,0,7,43,0,4,56,12,0,61,50,54,62,73,123
1,0,7,48,1,2,48,14,0,51,55,57,69,65,121
0,0,0,47,0,3,60,12,0,63,47,50,59,75,122
1,0,8,40,0,4,53,14,0,58,48,52,62,72,120
0,0,7,39,0,4,58,14,0,62,46,50,60,76,122
1,0,7,43,0,2,56,11,0,59,50,52,61,70,120
0,0,11,40,1,3,49,17,0,52,51,54,68,69,121
0,0,7,44,1,6,51,16,0,57,51,57,67,73,125
1,0,13,36,0,3,53,14,0,57,49,52,63,71,120
1,0,11,37,0,8,48,16,0,57,48,56,64,73,121
1,0,7,41,0,0,58,14,0,59,48,48,62,73,121
1,0,7,48,0,4,51,12,0,56,55,59,67,68,123
1,0,11,41,0,3,51,15,0,55,52,55,67,70,122
1,0,8,47,1,5,52,10,0,58,55,60,65,68,124
1,0,9,38,0,3,55,15,0,59,47,50,62,74,121
1,0,9,40,0,4,54,14,0,59,49,53,63,73,122
2,0,9,39,1,4,53,14,0,59,48,52,62,73,122
1,0,8,44,0,4,52,14,0,57,52,56,66,71,123
1,0,15,33,0,2,56,13,0,59,48,50,61,72,120
0,0,0,47,1,2,60,12,0,62,47,49,59,74,122
1,0,6,44,0,2,50,18,0,53,50,52,68,71,121
1,0,7,43,0,2,49,18,0,52,50,52,68,70,120
1,0,7,43,0,2,54,14,0,57,50,52,64,71,121
1,0,9,42,0,2,49,18,0,52,51,53,69,70,121
0,0,0,52,0,3,52,15,0,55,52,55,67,70,122
1,0,8,42,0,3,56,12,0,60,50,53,62,72,122
0,0,7,44,0,5,54,13,0,59,51,56,64,72,123
1,0,6,44,1,3,54,12,0,58,50,53,62,70,121
1,0,11,40,0,1,54,14,0,56,51,52,65,70,121
0,0,7,43,1,3,58,11,0,61,50,53,61,72,123
1,0,12,41,1,3,52,13,0,56,53,56,66,69,123
1,0,7,46,0,2,52,13,0,55,53,55,66,68,121
2,0,9,44,0,3,48,14,0,53,53,56,67,67,120
1,0,7,41,1,4,58,12,0,63,48,52,60,75,124
0,0,10,44,1,5,54,10,0,59,54,59,64,69,124
2,0,8,41,1,3,55,12,0,60,49,52,61,72,122
1,0,7,46,0,3,54,10,0,58,53,56,63,68,121
2,0,8,47,0,3,49,12,0,54,55,58,67,66,121
1,0,6,44,0,4,54,14,0,59,50,54,64,73,123
1,0,10,40,1,5,53,15,0,59,50,55,65,74,125
0,0,7,45,1,3,51,16,0,54,52,55,68,70,123
1,0,0,48,1,3,57,12,0,61,48,51,60,73,122
1,0,7,41,1,2,58,12,0,61,48,50,60,73,122
1,0,9,41,1,3,50,16,0,54,50,53,66,70,121
1,0,0,46,1,3,59,13,0,63,46,49,59,76,123
3,0,0,49,1,2,55,12,0,60,49,51,61,72,122
1,0,7,44,0,2,49,17,0,52,51,53,68,69,120
1,0,10,41,1,4,51,15,0,56,51,55,66,71,123
1,0,7,40,0,3,60,12,0,64,47,50,59,76,123
1,0,0,49,0,4,53,15,0,58,49,53,64,73,122
1,0,8,43,0,4,52,16,0,57,51,55,67,73,124
1,0,7,41,1,2,56,13,0,59,48,50,61,72,121
1,0,9,39,1,3,55,16,0,59,48,51,64,75,124
0,0,12,36,1,3,55,15,0,58,48,51,63,73,122
1,0,9,42,1,3,56,11,0,60,51,54,62,71,123
0,0,9,39,1,3,56,14,0,59,48,51,62,73,122
1,0,10,35,0,5,56,16,0,62,45,50,61,78,123
1,0,7,45,0,4,52,13,0,57,52,56,65,70,122
1,0,7,45,0,5,52,14,0,58,52,57,66,72,124
1,0,8,40,1,5,58,13,0,64,48,53,61,77,126
1,0,7,47,1,2,54,11,0,57,54,56,65,68,123
3,0,8,39,0,3,51,16,0,57,47,50,63,73,120
0,0,10,41,1,4,48,18,0,52,51,55,69,70,122
0,0,10,37,1,2,56,16,0,58,47,49,63,74,122
2,0,7,44,0,3,54,10,0,59,51,54,61,69,120
1,0,10,42,0,3,51,15,0,55,52,55,67,70,122
5,0,11,35,0,3,52,14,0,60,46,49,60,74,120
0,0,10,40,0,5,57,11,0,62,50,55,61,73,123
1,0,8,41,1,3,52,17,0,56,49,52,66,73,123
1,0,9,41,1,4,53,15,0,58,50,54,65,73,124
1,0,0,49,1,3,55,13,0,59,49,52,62,72,122
0,0,6,40,1,1,56,17,0,57,46,47,63,74,121
0,0,9,40,0,4,53,16,0,57,49,53,65,73,122
1,0,12,37,1,2,52,17,0,55,49,51,66,72,122
1,0,7,46,1,4,52,13,0,57,53,57,66,70,124
0,0,6,50,0,3,46,17,0,49,56,59,73,66,122
1,0,10,37,0,3,58,13,0,62,47,50,60,75,122
0,0,9,39,0,1,56,15,0,57,48,49,63,72,120
1,0,8,40,0,2,56,13,0,59,48,50,61,72,120
1,0,9,41,1,2,59,9,0,62,50,52,59,71,122
1,0,8,40,0,2,59,11,0,62,48,50,59,73,121
1,0,7,43,0,4,56,12,0,61,50,54,62,73,123
1,0,8,41,1,4,52,17,0,57,49,53,66,74,124
2,0,6,47,0,3,51,13,0,56,53,56,66,69,122
1,0,6,47,0,5,50,14,0,56,53,58,67,70,123
1,0,13,35,1,2,54,15,0,57,48,50,63,72,121
0,0,8,42,0,3,55,14,0,58,50,53,64,72,122
1,0,9,43,0,2,53,12,0,56,52,54,64,68,120
1,0,7,44,1,2,53,15,0,56,51,53,66,71,123
1,0,7,43,0,2,52,16,0,55,50,52,66,71,121
1,0,8,44,0,5,48,18,0,54,52,57,70,72,124
0,0,8,41,1,3,56,13,0,59,49,52,62,72,122
1,0,6,44,0,3,54,13,0,58,50,53,63,71,121
0,0,8,44,0,0,56,12,0,56,52,52,64,68,120
1,0,8,40,0,3,56,13,0,60,48,51,61,73,121
1,0,9,42,0,3,54,13,0,58,51,54,64,71,122
1,0,6,44,1,4,55,13,0,60,50,54,63,73,124
0,0,11,40,0,3,55,12,0,58,51,54,63,70,121
1,0,0,49,0,4,54,15,0,59,49,53,64,74,123
2,0,10,39,0,1,50,18,0,53,49,50,67,71,120
1,0,9,40,0,3,54,14,0,58,49,52,63,72,121
0,0,9,46,1,3,53,11,0,56,55,58,66,67,123
1,0,7,43,0,5,53,14,0,59,50,55,64,73,123
1,0,9,40,1,2,53,16,0,56,49,51,65,72,122
1,0,8,50,0,3,48,12,0,52,58,61,70,64,122
1,0,10,41,0,3,54,14,0,58,51,54,65,72,123
0,0,10,45,1,4,54,10,0,58,55,59,65,68,124
1,0,6,48,1,3,51,12,0,55,54,57,66,67,122
1,0,6,47,1,3,51,12,0,55,53,56,65,67,121
1,0,7,45,1,4,49,16,0,54,52,56,68,70,123
0,0,8,39,1,3,58,13,0,61,47,50,60,74,122
0,0,13,37,1,1,56,13,0,57,50,51,63,70,121
1,0,8,48,1,5,49,13,0,55,56,61,69,68,125
1,0,8,44,1,5,49,15,0,55,52,57,67,70,123
1,0,6,50,1,2,48,15,0,51,56,58,71,66,123
2,0,7,41,0,3,58,11,0,63,48,51,59,74,122
1,0,7,44,0,3,50,16,0,54,51,54,67,70,121
1,0,8,44,1,3,49,17,0,53,52,55,69,70,123
1,0,9,39,1,2,57,13,0,60,48,50,61,73,122
0,0,8,40,1,1,59,12,0,60,48,49,60,72,121
1,0,10,42,0,2,50,15,0,53,52,54,67,68,120
1,0,8,42,1,3,53,15,0,57,50,53,65,72,123
1,0,9,42,0,5,49,15,0,55,51,56,66,70,121
2,0,10,43,0,4,49,14,0,55,53,57,67,69,122
1,0,9,43,0,3,53,12,0,57,52,55,64,69,121
1,0,7,42,0,3,55,13,0,59,49,52,62,72,121
0,0,6,44,1,5,55,14,0,60,50,55,64,74,125
1,0,7,43,1,5,56,11,0,62,50,55,61,73,124
1,0,8,41,1,5,57,13,0,63,49,54,62,76,126
1,0,7,43,0,3,56,12,0,60,50,53,62,72,122
1,0,0,51,1,3,54,14,0,58,51,54,65,72,124
1,0,8,46,0,3,54,10,0,58,54,57,64,68,122
1,0,0,48,1,3,57,12,0,61,48,51,60,73,122
1,0,7,42,1,2,58,10,0,61,49,51,59,71,121
0,0,9,44,1,4,54,12,0,58,53,57,65,70,124
1,0,0,52,1,2,50,16,0,53,52,54,68,69,122
1,0,0,50,1,3,56,13,0,60,50,53,63,73,124
1,0,9,47,1,0,51,13,0,52,56,56,69,65,122
1,0,11,42,1,4,50,13,0,55,53,57,66,68,122
1,0,0,50,0,3,50,18,0,54,50,53,68,72,122
1,0,7,45,1,1,55,12,0,57,52,53,64,69,122
1,0,10,42,0,5,51,16,0,57,52,57,68,73,125
1,0,6,41,0,4,54,16,0,59,47,51,63,75,122
0,0,9,39,1,2,57,13,0,59,48,50,61,72,121
1,0,7,41,0,3,58,12,0,62,48,51,60,74,122
1,0,10,43,0,3,52,14,0,56,53,56,67,70,123
1,0,8,41,0,4,57,11,0,62,49,53,60,73,122
1,0,8,42,1,3,52,14,0,56,50,53,64,70,121
2,0,8,40,0,2,56,12,0,60,48,50,60,72,120
1,0,7,44,1,3,51,17,0,55,51,54,68,72,124
0,0,7,49,0,3,52,9,0,55,56,59,65,64,120
1,0,9,40,0,4,55,12,0,60,49,53,61,72,121
1,0,8,42,0,3,52,15,0,56,50,53,65,71,121
1,0,0,45,1,0,61,14,0,62,45,45,59,76,122
1,0,10,40,0,2,55,12,0,58,50,52,62,70,120
1,0,7,44,0,4,52,14,0,57,51,55,65,71,122
1,0,7,41,1,4,53,17,0,58,48,52,65,75,124
0,0,0,46,1,1,56,17,0,57,46,47,63,74,121
3,0,6,48,1,4,47,12,0,54,54,58,66,66,121
2,0,9,41,0,3,51,15,0,56,50,53,65,71,121
3,0,9,43,1,3,51,13,0,57,52,55,65,70,123
1,0,7,44,0,3,55,13,0,59,51,54,64,72,123
1,0,8,39,1,2,58,12,0,61,47,49,59,73,121
0,0,0,44,0,3,59,14,0,62,44,47,58,76,120
1,0,9,45,1,3,52,11,0,56,54,57,65,67,122
1,0,8,40,0,3,55,13,0,59,48,51,61,72,120
1,0,0,49,1,4,54,16,0,59,49,53,65,75,125
1,0,7,49,0,4,50,11,0,55,56,60,67,66,122
4,0,12,31,0,2,59,12,0,65,43,45,55,77,120
1,0,7,42,1,3,54,14,0,58,49,52,63,72,122
1,0,8,45,1,3,54,10,0,58,53,56,63,68,122
1,0,6,44,1,2,54,14,0,57,50,52,64,71,122
1,0,10,36,1,2,56,15,0,59,46,48,61,74,121
0,0,10,41,0,4,53,14,0,57,51,55,65,71,122
1,0,7,45,0,2,55,11,0,58,52,54,63,69,121
1,0,0,45,1,3,59,14,0,63,45,48,59,77,123
2,0,0,49,0,4,55,12,0,61,49,53,61,73,122
2,0,9,36,0,3,57,15,0,62,45,48,60,77,122
1,0,7,44,1,4,53,14,0,58,51,55,65,72,124
1,0,0,49,0,5,53,15,0,59,49,54,64,74,123
1,0,0,53,1,3,52,12,0,56,53,56,65,68,122
1,0,8,41,0,3,57,12,0,61,49,52,61,73,122
1,0,11,42,0,2,45,19,0,48,53,55,72,67,120
1,0,9,40,1,3,50,19,0,54,49,52,68,73,123
2,0,9,37,1,4,55,13,0,61,46,50,59,74,121
0,0,8,42,1,2,56,13,0,58,50,52,63,71,122
1,0,10,40,0,1,50,18,0,52,50,51,68,70,120
1,0,8,44,1,2,53,13,0,56,52,54,65,69,122
1,0,9,42,0,4,58,9,0,63,51,55,60,72,123
1,0,7,44,0,1,51,16,0,53,51,52,67,69,120
0,0,6,47,1,5,52,14,0,57,53,58,67,71,125
1,0,7,44,1,5,55,11,0,61,51,56,62,72,124
1,0,8,44,0,3,49,15,0,53,52,55,67,68,120
0,0,8,45,1,3,53,13,0,56,53,56,66,69,123
0,0,9,44,1,3,50,15,0,53,53,56,68,68,122
1,0,8,40,1,4,56,15,0,61,48,52,63,76,125
1,0,7,40,0,4,59,13,0,64,47,51,60,77,124
1,0,8,45,0,3,50,16,0,54,53,56,69,70,123
1,0,9,40,1,5,56,11,0,62,49,54,60,73,123
1,0,10,40,0,3,52,15,0,56,50,53,65,71,121
1,0,7,45,0,3,50,15,0,54,52,55,67,69,121
1,0,6,46,0,3,54,13,0,58,52,55,65,71,123
1,0,10,42,1,2,52,14,0,55,52,54,66,69,122
0,0,11,41,0,2,54,13,0,56,52,54,65,69,121
1,0,7,46,1,4,49,15,0,54,53,57,68,69,123
1,0,9,39,1,2,54,16,0,57,48,50,64,73,122
1,0,11,41,1,5,53,13,0,59,52,57,65,72,125
0,0,8,43,0,2,53,15,0,55,51,53,66,70,121
1,0,9,43,0,4,53,13,0,58,52,56,65,71,123
1,0,10,46,1,5,49,13,0,55,56,61,69,68,125
3,0,0,47,0,6,56,10,0,65,47,53,57,75,122
1,0,0,46,0,2,53,19,0,56,46,48,65,75,121
1,0,6,44,0,4,53,15,0,58,50,54,65,73,123
1,0,9,41,0,3,53,14,0,57,50,53,64,71,121
1,0,7,40,0,3,60,11,0,64,47,50,58,75,122
1,0,14,36,1,3,55,13,0,59,50,53,63,72,123
1,0,0,46,0,5,56,16,0,62,46,51,62,78,124
1,0,7,47,0,1,55,9,0,57,54,55,63,66,120
0,0,7,43,0,4,53,16,0,57,50,54,66,73,123
0,0,11,43,0,4,51,13,0,55,54,58,67,68,122
0,0,9,39,0,4,56,15,0,60,48,52,63,75,123
0,0,7,44,1,4,54,13,0,58,51,55,64,71,123
1,0,7,47,1,3,50,13,0,54,54,57,67,67,122
1,0,9,45,1,5,51,13,0,57,54,59,67,70,125
2,0,0,43,1,3,60,12,0,65,43,46,55,77,121
1,0,7,41,0,5,55,14,0,61,48,53,62,75,123
0,0,7,42,1,3,53,17,0,56,49,52,66,73,123
1,0,8,39,0,4,56,14,0,61,47,51,61,75,122
1,0,7,47,0,2,49,15,0,52,54,56,69,67,121
1,0,8,43,0,2,56,12,0,59,51,53,63,71,122
0,0,9,43,1,3,53,12,0,56,52,55,64,68,121
1,0,9,41,1,3,54,13,0,58,50,53,63,71,122
1,0,10,39,0,2,57,12,0,60,49,51,61,72,121
1,0,8,37,1,3,60,11,0,64,45,48,56,75,121
1,0,7,45,0,3,49,16,0,53,52,55,68,69,121
0,0,6,42,1,4,57,14,0,61,48,52,62,75,124
1,0,10,42,1,4,48,17,0,53,52,56,69,70,123
1,0,7,42,0,3,57,10,0,61,49,52,59,71,120
1,0,8,42,0,3,53,15,0,57,50,53,65,72,122
0,0,7,42,1,3,55,14,0,58,49,52,63,72,122
1,0,7,47,1,3,50,14,0,54,54,57,68,68,123
2,0,7,46,0,3,50,14,0,55,53,56,67,69,122
1,0,6,46,1,2,57,9,0,60,52,54,61,69,122
1,0,10,37,0,3,57,12,0,61,47,50,59,73,120
0,0,7,46,1,2,54,10,0,56,53,55,63,66,120
0,0,6,41,1,1,53,19,0,54,47,48,66,73,121
1,0,0,47,1,5,57,12,0,63,47,52,59,75,123
1,0,10,38,1,4,56,14,0,61,48,52,62,75,124
1,0,6,50,0,4,54,9,0,59,56,60,65,68,124
0,0,11,38,1,3,55,15,0,58,49,52,64,73,123
1,0,7,45,1,1,50,16,0,52,52,53,68,68,121
1,0,7,45,1,2,52,14,0,55,52,54,66,69,122
1,0,6,46,1,5,53,13,0,59,52,57,65,72,125
1,0,12,42,1,3,51,12,0,55,54,57,66,67,122
1,0,6,48,1,0,54,11,0,55,54,54,65,66,121
1,0,0,49,1,4,53,16,0,58,49,53,65,74,124
1,0,8,42,0,2,59,10,0,62,50,52,60,72,122
1,0,7,45,0,3,53,13,0,57,52,55,65,70,122
2,0,7,40,1,3,55,14,0,60,47,50,61,74,122
1,0,9,50,0,2,49,10,0,52,59,61,69,62,121
1,0,7,46,1,3,52,14,0,56,53,56,67,70,124
0,0,7,44,0,4,55,12,0,59,51,55,63,71,122
1,0,10,43,0,2,54,11,0,57,53,55,64,68,121
1,0,0,46,0,3,58,14,0,62,46,49,60,76,122
1,0,0,44,1,4,53,20,0,58,44,48,64,78,123
1,0,0,49,1,2,56,14,0,59,49,51,63,73,123
1,0,9,39,1,3,54,15,0,58,48,51,63,73,122
1,0,6,46,1,3,55,12,0,59,52,55,64,71,124
1,0,9,39,0,2,56,14,0,59,48,50,62,73,121
1,0,10,44,1,4,51,13,0,56,54,58,67,69,124
1,0,9,41,1,2,55,13,0,58,50,52,63,71,122
1,0,9,45,1,4,46,19,0,51,54,58,73,70,125
2,0,0,48,0,3,57,12,0,62,48,51,60,74,122
1,0,7,43,1,3,54,13,0,58,50,53,63,71,122
1,0,0,51,0,4,49,15,0,54,51,55,66,69,120
2,0,9,47,0,4,48,12,0,54,56,60,68,66,122
8,0,8,36,0,1,58,9,0,67,44,45,53,76,120
1,0,8,42,1,6,52,11,0,59,50,56,61,70,121
1,0,6,46,1,5,49,15,0,55,52,57,67,70,123
0,0,9,44,1,3,53,12,0,56,53,56,65,68,122
1,0,9,41,1,5,54,13,0,60,50,55,63,73,124
1,0,8,45,0,2,50,15,0,53,53,55,68,68,121
1,0,0,48,1,3,59,12,0,63,48,51,60,75,124
0,0,6,45,0,2,52,15,0,54,51,53,66,69,120
1,0,7,45,0,4,54,12,0,59,52,56,64,71,123
1,0,8,46,0,3,52,12,0,56,54,57,66,68,122
2,0,9,41,1,3,56,11,0,61,50,53,61,72,123
0,0,8,43,1,4,54,14,0,58,51,55,65,72,124
0,0,6,44,0,3,56,13,0,59,50,53,63,72,122
1,0,7,42,1,3,54,16,0,58,49,52,65,74,124
1,0,8,45,0,3,51,13,0,55,53,56,66,68,121
1,0,9,41,1,3,55,12,0,59,50,53,62,71,122
1,0,8,41,1,4,53,13,0,58,49,53,62,71,121
1,0,7,44,1,3,55,12,0,59,51,54,63,71,123
2,0,12,35,1,2,57,12,0,61,47,49,59,73,121
1,0,11,40,1,4,52,13,0,57,51,55,64,70,122
0,0,9,43,1,2,53,14,0,55,52,54,66,69,122
1,0,8,42,1,5,55,13,0,61,50,55,63,74,125
3,0,9,43,0,2,46,17,0,51,52,54,69,68,120
0,0,11,43,0,2,49,15,0,51,54,56,69,66,120
1,0,7,42,1,3,54,14,0,58,49,52,63,72,122
1,0,8,42,0,4,50,17,0,55,50,54,67,72,122
2,0,8,40,0,3,52,17,0,57,48,51,65,74,122
1,0,10,40,0,3,52,16,0,56,50,53,66,72,122
0,0,0,51,1,3,55,11,0,58,51,54,62,69,121
1,0,10,38,1,1,55,16,0,57,48,49,64,73,122
1,0,7,45,0,2,50,16,0,53,52,54,68,69,121
0,0,12,38,0,3,51,18,0,54,50,53,68,72,122
0,0,7,45,1,3,54,12,0,57,52,55,64,69,122
1,0,0,48,1,3,55,15,0,59,48,51,63,74,123
1,0,0,53,1,4,56,10,0,61,53,57,63,71,125
1,0,7,46,1,3,52,13,0,56,53,56,66,69,123
0,0,9,41,0,4,55,13,0,59,50,54,63,72,122
1,0,9,46,0,4,53,11,0,58,55,59,66,69,124
0,0,9,41,0,4,56,13,0,60,50,54,63,73,123
1,0,9,44,0,1,54,11,0,56,53,54,64,67,120
1,0,9,37,2,3,53,15,0,57,46,49,61,72,120
1,0,9,45,0,5,47,16,0,53,54,59,70,69,123
1,0,8,43,0,2,51,16,0,54,51,53,67,70,121
1,0,6,45,0,2,49,17,0,52,51,53,68,69,120
0,0,10,40,0,2,56,12,0,58,50,52,62,70,120
1,0,0,47,0,5,53,17,0,59,47,52,64,76,123
0,0,7,46,1,1,52,14,0,53,53,54,67,67,121
1,0,9,41,1,2,55,13,0,58,50,52,63,71,122
4,0,8,37,0,3,53,15,0,60,45,48,60,75,120
1,0,8,38,0,3,53,18,0,57,46,49,64,75,121
2,0,10,43,1,2,49,14,0,53,53,55,67,67,121
1,0,8,41,0,3,56,13,0,60,49,52,62,73,122
1,0,8,41,0,3,55,15,0,59,49,52,64,74,123
1,0,11,40,1,3,53,13,0,57,51,54,64,70,122
1,0,8,43,0,4,52,16,0,57,51,55,67,73,124
1,0,0,53,1,3,54,11,0,58,53,56,64,69,123
1,0,7,43,1,2,57,10,0,60,50,52,60,70,121
1,0,9,39,0,2,50,19,0,53,48,50,67,72,120
1,0,9,43,1,3,49,17,0,53,52,55,69,70,123
1,0,11,41,0,3,49,18,0,53,52,55,70,71,123
1,0,7,49,0,2,50,13,0,53,56,58,69,66,122
1,0,7,40,0,6,53,17,0,60,47,53,64,77,124
2,0,6,42,0,2,53,15,0,57,48,50,63,72,120
0,0,10,43,1,3,50,14,0,53,53,56,67,67,121
1,0,9,46,0,3,52,12,0,56,55,58,67,68,123
1,0,9,38,1,4,55,14,0,60,47,51,61,74,122
1,0,10,36,1,3,55,17,0,59,46,49,63,76,123
0,0,7,45,0,4,51,13,0,55,52,56,65,68,120
1,0,10,41,0,5,52,13,0,58,51,56,64,71,122
1,0,8,44,1,4,55,12,0,60,52,56,64,72,125
1,0,8,42,0,3,58,10,0,62,50,53,60,72,122
1,0,11,39,1,4,51,13,0,56,50,54,63,69,120
1,0,9,41,0,3,55,14,0,59,50,53,64,73,123
1,0,8,40,0,4,57,13,0,62,48,52,61,75,123
1,0,8,40,0,2,56,13,0,59,48,50,61,72,120
1,0,9,44,1,4,49,14,0,54,53,57,67,68,122
1,0,0,52,1,3,52,14,0,56,52,55,66,70,123
1,0,7,41,1,3,50,18,0,54,48,51,66,72,121
1,0,7,41,1,3,57,13,0,61,48,51,61,74,123
1,0,9,41,1,4,54,14,0,59,50,54,64,73,124
1,0,0,51,1,0,55,14,0,56,51,51,65,70,122
1,0,7,45,1,2,50,17,0,53,52,54,69,70,123
1,0,8,44,1,3,49,15,0,53,52,55,67,68,121
1,0,7,47,1,3,49,14,0,53,54,57,68,67,122
0,0,8,42,1,2,54,14,0,56,50,52,64,70,121
1,0,8,39,0,3,56,15,0,60,47,50,62,75,122
1,0,0,46,0,4,55,16,0,60,46,50,62,76,122
1,0,8,49,0,3,45,14,0,49,57,60,71,63,120
1,0,7,45,1,1,55,12,0,57,52,53,64,69,122
1,0,9,42,1,3,57,10,0,61,51,54,61,71,123
1,0,10,41,1,4,53,11,0,58,51,55,62,69,121
1,0,0,52,1,2,55,11,0,58,52,54,63,69,122
1,0,10,41,1,6,53,12,0,60,51,57,63,72,124
1,0,11,39,0,2,54,13,0,57,50,52,63,70,120
1,0,8,43,1,4,55,13,0,60,51,55,64,73,125
1,0,7,40,1,3,57,11,0,61,47,50,58,72,120
0,0,9,40,1,4,54,15,0,58,49,53,64,73,123
1,0,9,47,0,4,47,13,0,52,56,60,69,65,121
1,0,9,39,0,2,54,15,0,57,48,50,63,72,120
0,0,7,44,1,4,56,12,0,60,51,55,63,72,124
0,0,9,41,1,1,53,16,0,54,50,51,66,70,121
0,0,12,39,1,3,52,15,0,55,51,54,66,70,122
0,0,8,40,0,3,56,15,0,59,48,51,63,74,122
1,0,8,45,1,2,54,10,0,57,53,55,63,67,121
1,0,8,44,1,2,54,12,0,57,52,54,64,69,122
1,0,9,43,1,2,51,15,0,54,52,54,67,69,122
0,0,0,53,1,2,51,14,0,53,53,55,67,67,121
0,0,8,45,0,5,48,14,0,53,53,58,67,67,120
1,0,8,44,1,5,54,12,0,60,52,57,64,72,125
0,0,8,39,1,5,58,14,0,63,47,52,61,77,125
1,0,8,37,1,6,56,12,0,63,45,51,57,75,121
1,0,8,43,0,3,56,11,0,60,51,54,62,71,122
1,0,8,44,1,5,57,10,0,63,52,57,62,73,126
1,0,7,48,0,5,45,16,0,51,55,60,71,67,122
1,0,9,42,0,4,51,14,0,56,51,55,65,70,121
1,0,6,48,1,3,51,13,0,55,54,57,67,68,123
2,0,10,40,1,0,53,14,0,55,50,50,64,69,120
1,0,9,37,1,3,52,18,0,56,46,49,64,74,121
1,0,10,41,1,3,54,13,0,58,51,54,64,71,123
1,0,11,39,0,2,54,13,0,57,50,52,63,70,120
1,0,8,42,0,6,52,12,0,59,50,56,62,71,121
1,0,6,46,1,2,52,13,0,55,52,54,65,68,121
1,0,7,47,1,2,52,12,0,55,54,56,66,67,122
2,0,10,39,1,4,53,13,0,59,49,53,62,72,122
1,0,9,44,1,3,48,16,0,52,53,56,69,68,122
2,0,0,48,0,3,57,12,0,62,48,51,60,74,122
1,0,8,41,0,3,59,9,0,63,49,52,58,72,121
0,0,8,41,0,2,57,12,0,59,49,51,61,71,120
0,0,8,43,1,4,56,12,0,60,51,55,63,72,124
0,0,8,41,1,5,58,11,0,63,49,54,60,74,124
0,0,7,43,0,4,54,15,0,58,50,54,65,73,123
1,0,7,47,0,3,48,17,0,52,54,57,71,69,123
1,0,9,41,0,4,52,13,0,57,50,54,63,70,120
1,0,10,46,1,5,49,13,0,55,56,61,69,68,125
1,0,13,36,1,3,56,12,0,60,49,52,61,72,122
1,0,8,44,0,4,50,17,0,55,52,56,69,72,124
1,0,0,55,0,3,52,11,0,56,55,58,66,67,122
1,0,8,41,1,4,54,14,0,59,49,53,63,73,123
1,0,0,44,0,3,56,17,0,60,44,47,61,77,121
1,0,7,43,0,3,56,13,0,60,50,53,63,73,123
0,0,8,46,0,4,54,11,0,58,54,58,65,69,123
2,0,7,41,0,3,58,10,0,63,48,51,58,73,121
0,0,11,39,0,4,49,19,0,53,50,54,69,72,122
1,0,11,41,1,6,53,11,0,60,52,58,63,71,124
1,0,6,44,0,3,52,17,0,56,50,53,67,73,123
0,0,8,46,1,3,47,18,0,50,54,57,72,68,123
1,0,7,47,0,3,53,12,0,57,54,57,66,69,123
0,0,8,40,0,2,54,17,0,56,48,50,65,73,121
0,0,7,45,1,3,50,15,0,53,52,55,67,68,121
1,0,10,42,1,2,53,13,0,56,52,54,65,69,122
1,0,9,39,1,1,58,13,0,60,48,49,61,73,122
1,0,11,40,1,4,53,14,0,58,51,55,65,72,124
0,0,10,43,0,3,54,12,0,57,53,56,65,69,122
1,0,8,42,1,4,51,17,0,56,50,54,67,73,124
1,0,9,45,1,4,52,10,0,57,54,58,64,67,122
2,0,7,43,0,5,55,10,0,62,50,55,60,72,122
1,0,8,43,1,2,53,13,0,56,51,53,64,69,121
1,0,7,42,0,2,53,16,0,56,49,51,65,72,121
1,0,6,47,0,4,52,12,0,57,53,57,65,69,122
1,0,9,43,1,3,55,11,0,59,52,55,63,70,123
1,0,8,47,0,3,51,12,0,55,55,58,67,67,122
1,0,9,37,1,4,60,12,0,65,46,50,58,77,124
0,0,10,43,0,3,52,14,0,55,53,56,67,69,122
0,0,9,46,0,4,54,10,0,58,55,59,65,68,123
1,0,6,39,1,1,57,15,0,59,45,46,60,74,120
0,0,10,43,0,4,52,14,0,56,53,57,67,70,123
1,0,7,48,0,3,52,12,0,56,55,58,67,68,123
1,0,6,41,1,3,56,14,0,60,47,50,61,74,122
4,0,9,39,0,2,55,12,0,61,48,50,60,73,121
1,0,8,46,1,2,50,14,0,53,54,56,68,67,122
0,0,7,47,0,2,49,16,0,51,54,56,70,67,121
1,0,0,44,1,7,53,15,0,61,44,51,59,76,121
2,0,14,38,0,3,53,12,0,58,52,55,64,70,122
1,0,8,45,1,4,53,12,0,58,53,57,65,70,124
1,0,8,43,0,2,55,13,0,58,51,53,64,71,122
2,0,8,42,1,2,50,15,0,54,50,52,65,69,120
0,0,7,43,0,2,54,14,0,56,50,52,64,70,120
1,0,11,37,0,2,52,17,0,55,48,50,65,72,120
1,0,7,42,0,6,51,18,0,58,49,55,67,76,125
1,0,6,46,1,3,50,17,0,54,52,55,69,71,124
1,0,10,47,1,1,50,11,0,52,57,58,68,63,121
0,0,8,43,0,4,53,14,0,57,51,55,65,71,122
1,0,9,40,0,3,56,13,0,60,49,52,62,73,122
2,0,8,42,0,3,51,14,0,56,50,53,64,70,120
1,0,8,42,0,4,52,16,0,57,50,54,66,73,123
1,0,9,45,1,3,48,15,0,52,54,57,69,67,122
2,0,9,38,1,5,56,13,0,63,47,52,60,76,124
1,0,12,40,1,4,49,16,0,54,52,56,68,70,123
1,0,8,44,0,3,48,17,0,52,52,55,69,69,121
1,0,0,54,1,3,53,12,0,57,54,57,66,69,124
1,0,8,45,1,3,53,13,0,57,53,56,66,70,124
1,0,9,42,0,4,48,19,0,53,51,55,70,72,123
1,0,11,37,0,3,52,18,0,56,48,51,66,74,122
1,0,7,40,1,4,57,11,0,62,47,51,58,73,121
1,0,9,38,1,3,56,13,0,60,47,50,60,73,121
2,0,6,46,1,5,51,12,0,58,52,57,64,70,123
1,0,9,38,1,4,55,16,0,60,47,51,63,76,124
1,0,0,46,0,3,58,15,0,62,46,49,61,77,123
1,0,0,47,1,3,56,16,0,60,47,50,63,76,124
1,0,7,40,1,5,56,15,0,62,47,52,62,77,125
1,0,7,43,1,2,55,14,0,58,50,52,64,72,123
1,0,0,49,0,4,52,16,0,57,49,53,65,73,122
2,0,0,48,0,3,56,11,0,61,48,51,59,72,120
0,0,12,40,0,3,53,13,0,56,52,55,65,69,121
1,0,10,43,0,3,46,19,0,50,53,56,72,69,122
1,0,10,44,0,1,51,14,0,53,54,55,68,67,121
0,0,0,45,0,2,61,12,0,63,45,47,57,75,120
0,0,8,49,0,1,51,11,0,52,57,58,68,63,120
1,0,11,37,1,3,55,16,0,59,48,51,64,75,124
1,0,6,43,0,2,52,16,0,55,49,51,65,71,120
1,0,8,41,0,4,50,18,0,55,49,53,67,73,122
1,0,9,39,0,3,56,13,0,60,48,51,61,73,121
0,0,10,44,1,3,51,14,0,54,54,57,68,68,123
1,0,0,49,1,5,54,13,0,60,49,54,62,73,123
1,0,9,41,1,3,54,12,0,58,50,53,62,70,121
1,0,8,42,1,3,52,16,0,56,50,53,66,72,123
1,0,7,42,0,3,55,14,0,59,49,52,63,73,122
0,0,7,46,0,5,54,12,0,59,53,58,65,71,124
1,0,10,40,0,4,50,18,0,55,50,54,68,73,123
1,0,9,40,0,3,49,18,0,53,49,52,67,71,120
0,0,8,43,1,2,53,14,0,55,51,53,65,69,121
1,0,8,44,1,1,53,14,0,55,52,53,66,69,122
1,0,7,41,1,4,52,18,0,57,48,52,66,75,124
1,0,6,42,0,5,56,14,0,62,48,53,62,76,124
1,0,8,42,0,3,52,15,0,56,50,53,65,71,121
1,0,12,40,0,4,49,17,0,54,52,56,69,71,123
1,0,0,44,1,4,58,14,0,63,44,48,58,77,122
1,0,9,46,1,2,50,12,0,53,55,57,67,65,121
1,0,8,40,0,5,54,16,0,60,48,53,64,76,124
0,0,7,43,1,1,54,15,0,55,50,51,65,70,121
1,0,7,46,1,3,50,16,0,54,53,56,69,70,124
1,0,7,47,1,4,53,12,0,58,54,58,66,70,125
1,0,10,41,1,3,52,14,0,56,51,54,65,70,122
1,0,0,49,1,5,55,13,0,61,49,54,62,74,124
1,0,6,47,1,3,53,12,0,57,53,56,65,69,123
1,0,8,40,1,3,53,17,0,57,48,51,65,74,123
1,0,9,37,1,4,56,17,0,61,46,50,63,78,125
0,0,9,40,1,3,53,16,0,56,49,52,65,72,122
1,0,11,40,1,4,51,13,0,56,51,55,64,69,121
0,0,6,42,1,2,58,12,0,60,48,50,60,72,121
1,0,7,42,1,2,57,11,0,60,49,51,60,71,121
1,0,0,42,1,3,62,13,0,66,42,45,55,79,122
1,0,9,44,1,5,48,17,0,54,53,58,70,71,125
0,0,8,38,0,4,55,17,0,59,46,50,63,76,122
1,0,9,45,1,3,46,19,0,50,54,57,73,69,124
1,0,6,41,0,2,59,13,0,62,47,49,60,75,122
1,0,0,50,1,4,51,18,0,56,50,54,68,74,125
1,0,8,43,1,3,53,15,0,57,51,54,66,72,124
0,0,7,44,0,4,54,14,0,58,51,55,65,72,123
1,0,7,39,0,4,56,16,0,61,46,50,62,77,123
0,0,0,49,0,3,55,14,0,58,49,52,63,72,121
2,0,9,40,1,4,56,12,0,62,49,53,61,74,124
1,0,6,46,1,3,50,14,0,54,52,55,66,68,121
1,0,8,46,0,2,50,14,0,53,54,56,68,67,121
2,0,11,39,1,3,51,14,0,56,50,53,64,70,121
3,0,8,43,0,2,51,14,0,56,51,53,65,70,121
1,0,0,47,0,2,57,15,0,60,47,49,62,75,122
1,0,9,40,1,2,57,11,0,60,49,51,60,71,121
1,0,6,46,1,2,54,13,0,57,52,54,65,70,123
3,0,9,37,0,3,60,10,0,66,46,49,56,76,122
1,0,0,53,1,4,50,12,0,55,53,57,65,67,121
1,0,0,51,1,4,52,13,0,57,51,55,64,70,122
1,0,8,41,1,2,56,13,0,59,49,51,62,72,122
1,0,0,45,0,4,62,11,0,67,45,49,56,78,123
1,0,7,42,0,2,55,14,0,58,49,51,63,72,121
2,0,10,36,1,3,55,13,0,60,46,49,59,73,120
1,0,8,42,1,3,55,14,0,59,50,53,64,73,124
0,0,10,41,0,3,55,12,0,58,51,54,63,70,121
0,0,8,43,0,2,56,12,0,58,51,53,63,70,121
0,0,8,48,1,2,47,15,0,49,56,58,71,64,121
0,0,8,47,1,5,47,14,0,52,55,60,69,66,122
0,0,7,44,1,3,51,16,0,54,51,54,67,70,122
1,0,8,42,1,0,52,17,0,53,50,50,67,70,121
1,0,0,52,1,4,55,11,0,60,52,56,63,71,124
1,0,9,37,1,3,55,14,0,59,46,49,60,73,120
1,0,9,42,0,2,58,10,0,61,51,53,61,71,122
1,0,8,41,1,4,58,12,0,63,49,53,61,75,125
0,0,7,46,1,2,50,16,0,52,53,55,69,68,122
1,0,10,43,0,6,50,14,0,57,53,59,67,71,124
1,0,7,44,0,2,53,14,0,56,51,53,65,70,121
0,0,10,37,1,1,56,16,0,57,47,48,63,73,121
1,0,8,44,0,4,52,14,0,57,52,56,66,71,123
1,0,8,41,1,5,51,17,0,57,49,54,66,74,124
1,0,6,46,1,4,55,11,0,60,52,56,63,71,124
1,0,6,49,1,3,50,14,0,54,55,58,69,68,124
1,0,7,48,1,5,45,15,0,51,55,60,70,66,122
0,0,7,46,0,3,48,16,0,51,53,56,69,67,120
4,0,8,36,0,1,57,14,0,62,44,45,58,76,120
1,0,10,40,1,5,49,16,0,55,50,55,66,71,122
2,0,11,38,1,2,52,15,0,56,49,51,64,71,121
2,0,9,41,0,4,52,15,0,58,50,54,65,73,123
1,0,6,45,0,3,54,11,0,58,51,54,62,69,120
1,0,9,40,1,0,54,17,0,55,49,49,66,72,122
1,0,9,41,1,1,56,13,0,58,50,51,63,71,122
1,0,11,35,0,5,59,12,0,65,46,51,58,77,123
1,0,0,50,1,3,55,12,0,59,50,53,62,71,122
1,0,7,47,0,3,52,11,0,56,54,57,65,67,121
0,0,0,50,1,4,51,15,0,55,50,54,65,70,121
1,0,6,46,1,3,53,14,0,57,52,55,66,71,124
1,0,8,45,0,2,52,12,0,55,53,55,65,67,120
1,0,0,48,0,3,55,14,0,59,48,51,62,73,121
1,0,7,47,0,4,54,10,0,59,54,58,64,69,123
1,0,9,40,0,2,53,17,0,56,49,51,66,73,122
1,0,8,43,0,0,57,12,0,58,51,51,63,70,121
1,0,7,50,0,4,49,12,0,54,57,61,69,66,123
0,0,8,43,1,4,55,12,0,59,51,55,63,71,123
0,0,7,46,0,3,51,14,0,54,53,56,67,68,121
1,0,6,42,1,4,51,17,0,56,48,52,65,73,122
1,0,6,49,0,2,51,12,0,54,55,57,67,66,121
1,0,8,39,0,2,55,15,0,58,47,49,62,73,120
1,0,6,40,0,6,57,15,0,64,46,52,61,79,125
0,0,6,44,1,2,57,12,0,59,50,52,62,71,122
1,0,8,40,0,3,57,14,0,61,48,51,62,75,123
2,0,8,41,0,2,54,13,0,58,49,51,62,71,120
1,0,8,44,1,5,55,12,0,61,52,57,64,73,126
3,0,6,44,2,3,52,10,0,58,50,53,60,68,120
1,0,0,50,1,3,55,13,0,59,50,53,63,72,123
1,0,0,49,0,4,50,17,0,55,49,53,66,72,121
1,0,8,42,0,1,51,18,0,53,50,51,68,71,121
1,0,0,49,0,3,53,14,0,57,49,52,63,71,120
1,0,7,42,0,4,56,12,0,61,49,53,61,73,122
0,0,8,41,1,4,54,15,0,58,49,53,64,73,123
3,0,9,44,0,5,51,12,0,59,53,58,65,71,124
0,0,8,44,1,3,53,13,0,56,52,55,65,69,122
1,0,10,42,1,4,51,16,0,56,52,56,68,72,125
1,0,6,44,1,2,56,12,0,59,50,52,62,71,122
1,0,7,41,0,5,60,10,0,66,48,53,58,76,124
1,0,9,39,1,5,56,13,0,62,48,53,61,75,124
1,0,8,46,1,4,55,10,0,60,54,58,64,70,125
0,0,9,43,0,4,52,13,0,56,52,56,65,69,121
1,0,11,40,1,3,51,15,0,55,51,54,66,70,122
1,0,0,52,1,2,52,15,0,55,52,54,67,70,123
0,0,8,44,0,3,53,12,0,56,52,55,64,68,120
2,0,8,40,0,3,56,12,0,61,48,51,60,73,121
1,0,10,43,1,3,54,12,0,58,53,56,65,70,124
1,0,9,43,1,3,53,14,0,57,52,55,66,71,124
0,0,10,38,0,3,59,11,0,62,48,51,59,73,121
1,0,0,49,0,2,56,13,0,59,49,51,62,72,121
1,0,10,42,0,3,50,17,0,54,52,55,69,71,123
1,0,6,43,1,1,52,18,0,54,49,50,67,72,122
0,0,9,44,0,4,51,15,0,55,53,57,68,70,123
1,0,6,44,0,3,54,15,0,58,50,53,65,73,123
1,0,9,40,0,2,56,13,0,59,49,51,62,72,121
1,0,7,43,0,3,54,14,0,58,50,53,64,72,122
0,0,10,38,1,4,58,12,0,62,48,52,60,74,123
0,0,10,45,1,2,51,12,0,53,55,57,67,65,121
1,0,7,38,1,4,56,16,0,61,45,49,61,77,123
1,0,10,41,0,3,53,12,0,57,51,54,63,69,120
1,0,9,42,0,3,56,10,0,60,51,54,61,70,121
2,0,8,36,0,4,58,15,0,64,44,48,59,79,123
0,0,6,44,1,3,50,17,0,53,50,53,67,70,121
0,0,7,45,1,1,51,16,0,52,52,53,68,68,121
1,0,6,46,1,3,52,15,0,56,52,55,67,71,124
2,0,9,37,0,3,56,14,0,61,46,49,60,75,121
1,0,0,45,0,2,55,18,0,58,45,47,63,76,121
1,0,7,49,0,6,49,13,0,56,56,62,69,69,125
1,0,8,42,0,2,53,15,0,56,50,52,65,71,121
3,0,7,42,0,5,53,13,0,61,49,54,62,74,123
1,0,0,47,1,3,55,15,0,59,47,50,62,74,122
1,0,7,45,1,5,52,15,0,58,52,57,67,73,126
1,0,10,43,0,3,52,12,0,56,53,56,65,68,121
1,0,6,45,1,3,52,14,0,56,51,54,65,70,122
0,0,8,43,1,2,57,11,0,59,51,53,62,70,122
1,0,6,47,0,5,54,11,0,60,53,58,64,71,124
1,0,8,45,1,3,49,15,0,53,53,56,68,68,122
1,0,0,50,1,3,54,13,0,58,50,53,63,71,122
1,0,0,48,1,0,58,14,0,59,48,48,62,73,122
1,0,7,41,0,4,59,10,0,64,48,52,58,74,122
1,0,0,52,1,3,52,13,0,56,52,55,65,69,122
1,0,0,47,1,3,56,14,0,60,47,50,61,74,122
1,0,8,43,0,2,54,12,0,57,51,53,63,69,120
0,0,7,47,1,3,53,11,0,56,54,57,65,67,122
1,0,0,49,1,3,55,13,0,59,49,52,62,72,122
1,0,9,43,0,3,51,16,0,55,52,55,68,71,123
2,0,10,40,1,4,52,12,0,58,50,54,62,70,121
1,0,6,45,1,3,54,11,0,58,51,54,62,69,121
1,0,10,40,0,4,53,15,0,58,50,54,65,73,123
0,0,9,41,1,3,54,14,0,57,50,53,64,71,122
0,0,11,36,0,3,58,14,0,61,47,50,61,75,122
1,0,6,53,1,3,46,14,0,50,59,62,73,64,124
0,0,11,38,0,3,51,17,0,54,49,52,66,71,120
0,0,8,40,0,2,60,11,0,62,48,50,59,73,121
0,0,8,45,0,3,53,11,0,56,53,56,64,67,120
1,0,7,43,0,5,56,11,0,62,50,55,61,73,123
2,0,8,43,0,2,53,13,0,57,51,53,64,70,121
1,0,0,48,0,8,50,14,0,59,48,56,62,73,121
1,0,8,39,0,2,58,12,0,61,47,49,59,73,120
1,0,7,48,0,2,51,12,0,54,55,57,67,66,121
1,0,7,42,1,4,57,13,0,62,49,53,62,75,125
0,0,8,41,0,3,54,15,0,57,49,52,64,72,121
1,0,11,39,0,3,52,17,0,56,50,53,67,73,123
2,0,7,40,0,4,58,11,0,64,47,51,58,75,122
3,0,9,44,0,2,50,12,0,55,53,55,65,67,120
1,0,8,44,0,4,52,14,0,57,52,56,66,71,123
1,0,9,43,1,3,53,13,0,57,52,55,65,70,123
2,0,6,44,0,3,57,10,0,62,50,53,60,72,122
1,0,9,40,1,2,55,15,0,58,49,51,64,73,123
2,0,8,44,0,3,51,14,0,56,52,55,66,70,122
1,0,8,39,0,4,60,11,0,65,47,51,58,76,123
1,0,6,46,1,3,50,16,0,54,52,55,68,70,123
0,0,8,42,0,3,54,13,0,57,50,53,63,70,120
2,0,6,45,0,2,49,16,0,53,51,53,67,69,120
3,0,8,41,0,2,52,15,0,57,49,51,64,72,121
0,0,6,46,1,4,52,14,0,56,52,56,66,70,123
1,0,8,43,1,2,58,9,0,61,51,53,60,70,122
0,0,8,43,0,4,57,11,0,61,51,55,62,72,123
1,0,9,39,1,3,55,13,0,59,48,51,61,72,121
1,0,10,45,0,3,52,11,0,56,55,58,66,67,122
1,0,0,55,0,4,49,14,0,54,55,59,69,68,123
1,0,8,42,1,3,58,11,0,62,50,53,61,73,124
1,0,7,41,1,5,56,14,0,62,48,53,62,76,125
1,0,9,40,1,3,54,13,0,58,49,52,62,71,121
1,0,0,49,1,4,55,14,0,60,49,53,63,74,124
0,0,11,39,0,3,54,14,0,57,50,53,64,71,121
0,0,7,46,0,3,49,15,0,52,53,56,68,67,120
1,0,9,39,1,3,58,13,0,62,48,51,61,75,124
1,0,7,43,1,3,52,15,0,56,50,53,65,71,122
1,0,7,45,0,4,52,13,0,57,52,56,65,70,122
1,0,0,50,1,2,55,14,0,58,50,52,64,72,123
1,0,8,45,0,2,48,17,0,51,53,55,70,68,121
1,0,6,44,0,3,53,14,0,57,50,53,64,71,121
0,0,7,42,1,2,56,13,0,58,49,51,62,71,121
1,0,7,47,1,4,47,17,0,52,54,58,71,69,124
0,0,8,44,1,4,49,16,0,53,52,56,68,69,122
1,0,0,46,0,3,56,16,0,60,46,49,62,76,122
1,0,9,43,0,2,54,11,0,57,52,54,63,68,120
0,0,10,41,1,2,53,14,0,55,51,53,65,69,121
1,0,7,43,0,4,53,12,0,58,50,54,62,70,120
0,0,9,44,1,2,53,12,0,55,53,55,65,67,121
1,0,8,47,1,6,45,18,0,52,55,61,73,70,126
4,0,8,37,1,5,56,13,0,65,45,50,58,78,124
1,0,8,42,1,4,55,13,0,60,50,54,63,73,124
1,0,8,46,0,0,55,11,0,56,54,54,65,67,121
2,0,7,39,0,4,54,16,0,60,46,50,62,76,122
1,0,8,42,0,4,52,13,0,57,50,54,63,70,120
2,0,8,40,1,2,52,17,0,56,48,50,65,73,122
0,0,0,46,0,2,57,16,0,59,46,48,62,75,121
1,0,8,43,1,3,50,16,0,54,51,54,67,70,122
1,0,0,48,0,4,53,17,0,58,48,52,65,75,123
0,0,7,46,1,4,50,16,0,54,53,57,69,70,124
2,0,10,44,0,4,50,13,0,56,54,58,67,69,123
1,0,7,44,1,3,51,17,0,55,51,54,68,72,124
1,0,7,44,1,3,57,9,0,61,51,54,60,70,122
1,0,10,38,1,4,56,14,0,61,48,52,62,75,124
1,0,9,37,1,1,60,12,0,62,46,47,58,74,121
1,0,9,39,0,4,54,16,0,59,48,52,64,75,123
1,0,6,47,1,5,56,9,0,62,53,58,62,71,125
1,0,10,41,0,2,54,13,0,57,51,53,64,70,121
1,0,9,41,1,4,52,16,0,57,50,54,66,73,124
0,0,9,43,0,4,53,12,0,57,52,56,64,69,121
1,0,9,40,1,3,55,14,0,59,49,52,63,73,123
0,0,8,40,1,3,59,12,0,62,48,51,60,74,123
1,0,0,47,0,3,59,12,0,63,47,50,59,75,122
1,0,9,42,1,4,53,14,0,58,51,55,65,72,124
1,0,0,43,0,1,60,15,0,62,43,44,58,77,120
0,0,8,44,1,1,54,13,0,55,52,53,65,68,121
0,0,9,49,0,3,51,10,0,54,58,61,68,64,122
1,0,11,42,1,3,50,15,0,54,53,56,68,69,123
0,0,7,42,1,5,56,14,0,61,49,54,63,75,125
1,0,7,46,0,2,51,15,0,54,53,55,68,69,122
1,0,10,36,0,5,55,15,0,61,46,51,61,76,122
1,0,7,44,1,5,51,15,0,57,51,56,66,72,124
0,0,0,48,1,1,55,16,0,56,48,49,64,72,121
1,0,10,43,0,3,51,13,0,55,53,56,66,68,121
3,0,15,33,0,4,53,13,0,60,48,52,61,73,121
0,0,7,42,0,2,57,13,0,59,49,51,62,72,121
1,0,7,42,0,4,56,14,0,61,49,53,63,75,124
1,0,7,47,0,3,50,13,0,54,54,57,67,67,121
1,0,6,42,1,3,55,14,0,59,48,51,62,73,122
0,0,9,38,0,3,58,14,0,61,47,50,61,75,122
1,0,12,37,0,3,54,15,0,58,49,52,64,73,122
1,0,8,40,0,3,58,10,0,62,48,51,58,72,120
1,0,11,43,1,0,50,16,0,51,54,54,70,67,122
1,0,9,44,1,2,50,15,0,53,53,55,68,68,122
0,0,7,37,1,4,62,12,0,66,44,48,56,78,123
1,0,8,41,0,3,54,14,0,58,49,52,63,72,121
1,0,10,42,1,3,51,14,0,55,52,55,66,69,122
1,0,9,43,0,4,54,12,0,59,52,56,64,71,123
2,0,8,47,0,3,50,11,0,55,55,58,66,66,121
1,0,8,43,1,4,55,12,0,60,51,55,63,72,124
1,0,9,42,1,2,49,18,0,52,51,53,69,70,122
1,0,0,49,0,4,57,11,0,62,49,53,60,73,122
6,0,9,38,0,6,52,14,0,64,47,53,61,78,125
0,0,8,41,0,3,56,14,0,59,49,52,63,73,122
1,0,7,43,1,3,54,14,0,58,50,53,64,72,123
1,0,8,41,0,1,56,14,0,58,49,50,63,72,121
1,0,7,39,1,4,59,13,0,64,46,50,59,77,124
1,0,8,45,1,5,48,17,0,54,53,58,70,71,125
1,0,8,46,0,3,48,15,0,52,54,57,69,67,121
0,0,8,42,1,4,54,13,0,58,50,54,63,71,122
0,0,7,41,0,5,54,16,0,59,48,53,64,75,123
1,0,7,42,1,3,54,15,0,58,49,52,64,73,123
1,0,7,48,0,4,54,9,0,59,55,59,64,68,123
1,0,8,43,0,1,50,18,0,52,51,52,69,70,121
1,0,9,40,1,2,52,18,0,55,49,51,67,73,123
1,0,8,40,1,5,57,13,0,63,48,53,61,76,125
0,0,0,45,0,0,57,18,0,57,45,45,63,75,120
1,0,6,45,1,3,53,13,0,57,51,54,64,70,122
1,0,7,46,1,2,55,11,0,58,53,55,64,69,123
1,0,9,45,1,4,51,12,0,56,54,58,66,68,123
0,0,0,47,1,4,58,12,0,62,47,51,59,74,122
1,0,7,43,0,5,54,13,0,60,50,55,63,73,123
1,0,8,44,0,3,52,13,0,56,52,55,65,69,121
1,0,7,45,0,4,52,13,0,57,52,56,65,70,122
2,0,9,42,0,3,52,14,0,57,51,54,65,71,122
1,0,0,48,0,2,55,15,0,58,48,50,63,73,121
0,0,8,42,0,4,52,16,0,56,50,54,66,72,122
1,0,9,41,0,4,55,13,0,60,50,54,63,73,123
1,0,8,37,0,3,60,14,0,64,45,48,59,78,123
1,0,7,41,0,5,52,17,0,58,48,53,65,75,123
1,0,9,43,1,2,52,13,0,55,52,54,65,68,121
1,0,8,45,0,2,54,11,0,57,53,55,64,68,121
1,0,7,48,1,3,51,11,0,55,55,58,66,66,122
1,0,6,42,1,5,55,15,0,61,48,53,63,76,125
1,0,7,45,1,4,49,18,0,54,52,56,70,72,125
1,0,7,47,0,3,53,10,0,57,54,57,64,67,121
0,0,11,37,0,5,50,20,0,55,48,53,68,75,123
1,0,9,44,0,3,54,10,0,58,53,56,63,68,121
1,0,8,41,1,4,53,14,0,58,49,53,63,72,122
1,0,7,41,1,2,57,13,0,60,48,50,61,73,122
0,0,8,42,0,3,56,13,0,59,50,53,63,72,122
1,0,0,46,1,4,61,11,0,66,46,50,57,77,124
1,0,9,43,1,4,54,13,0,59,52,56,65,72,125
1,0,9,43,0,5,47,18,0,53,52,57,70,71,123
0,0,0,50,1,5,52,15,0,57,50,55,65,72,123
0,0,7,48,1,2,50,13,0,52,55,57,68,65,121
1,0,8,45,1,3,49,16,0,53,53,56,69,69,123
2,0,8,43,1,2,53,12,0,57,51,53,63,69,121
1,0,10,35,1,3,60,13,0,64,45,48,58,77,123
1,0,9,39,0,3,53,16,0,57,48,51,64,73,121
1,0,11,41,1,3,52,13,0,56,52,55,65,69,122
1,0,8,45,1,4,50,12,0,55,53,57,65,67,121
1,0,12,35,1,3,54,14,0,58,47,50,61,72,120
1,0,9,47,0,2,45,18,0,48,56,58,74,66,122
1,0,8,39,3,4,56,11,0,61,47,51,58,72,122
1,0,7,44,1,3,48,19,0,52,51,54,70,71,123
1,0,7,44,1,1,53,15,0,55,51,52,66,70,122
0,0,0,44,0,5,61,14,0,66,44,49,58,80,124
2,0,7,43,1,4,57,9,0,63,50,54,59,72,123
1,0,9,41,0,4,55,13,0,60,50,54,63,73,123
1,0,9,40,1,2,54,15,0,57,49,51,64,72,122
1,0,8,48,1,4,46,15,0,51,56,60,71,66,123
1,0,7,43,0,2,55,12,0,58,50,52,62,70,120
1,0,8,41,0,4,49,18,0,54,49,53,67,72,121
1,0,8,42,1,4,56,11,0,61,50,54,61,72,123
1,0,9,42,1,2,55,12,0,58,51,53,63,70,122
0,0,7,46,1,0,51,16,0,51,53,53,69,67,121
1,0,8,43,0,2,50,10,8,61,51,53,61,71,122
2,0,10,37,1,3,53,15,0,58,47,50,62,73,121
1,0,9,39,0,3,58,13,0,62,48,51,61,75,123
1,0,8,44,0,3,48,17,0,52,52,55,69,69,121
0,0,0,52,0,3,53,12,0,56,52,55,64,68,120
1,0,8,48,1,3,49,13,0,53,56,59,69,66,123
1,0,6,40,0,4,60,12,0,65,46,50,58,77,123
0,0,7,47,0,2,53,11,0,55,54,56,65,66,120
1,0,8,39,1,5,54,17,0,60,47,52,64,77,125
1,0,8,42,1,2,52,15,0,55,50,52,65,70,121
0,0,8,37,1,3,56,16,0,59,45,48,61,75,121
1,0,7,47,1,2,51,12,0,54,54,56,66,66,121
1,0,8,48,0,3,48,15,0,52,56,59,71,67,123
1,0,11,44,1,5,49,14,0,55,55,60,69,69,125
3,0,7,43,1,3,53,13,0,59,50,53,63,72,123
1,0,8,45,1,2,52,12,0,55,53,55,65,67,121
0,0,11,41,0,2,53,14,0,55,52,54,66,69,121
1,0,7,43,0,3,54,13,0,58,50,53,63,71,121
1,0,0,44,1,2,61,13,0,64,44,46,57,77,122
0,0,8,43,0,2,52,15,0,54,51,53,66,69,120
0,0,11,41,1,4,56,11,0,60,52,56,63,71,124
1,0,8,41,0,3,51,17,0,55,49,52,66,72,121
1,0,6,43,1,3,54,14,0,58,49,52,63,72,122
1,0,11,39,0,1,53,16,0,55,50,51,66,71,121
1,0,0,45,1,4,56,15,0,61,45,49,60,76,122
1,0,9,40,1,4,54,16,0,59,49,53,65,75,125
1,0,9,42,1,5,54,12,0,60,51,56,63,72,124
0,0,8,40,0,1,56,15,0,57,48,49,63,72,120
1,0,7,44,1,3,56,12,0,60,51,54,63,72,124
1,0,0,47,1,2,58,14,0,61,47,49,61,75,123
0,0,10,40,1,3,51,17,0,54,50,53,67,71,122
1,0,8,43,1,4,53,14,0,58,51,55,65,72,124
1,0,11,45,0,3,49,14,0,53,56,59,70,67,123
0,0,9,38,1,4,57,15,0,61,47,51,62,76,124
1,0,10,41,0,3,53,13,0,57,51,54,64,70,121
1,0,7,42,1,2,55,14,0,58,49,51,63,72,122
0,0,9,42,1,3,54,14,0,57,51,54,65,71,123
1,0,6,45,0,3,51,15,0,55,51,54,66,70,121
1,0,8,43,0,2,50,16,0,53,51,53,67,69,120
1,0,11,43,0,3,52,12,0,56,54,57,66,68,122
1,0,12,34,0,3,55,16,0,59,46,49,62,75,121
0,0,11,40,0,2,52,16,0,54,51,53,67,70,121
1,0,7,43,1,3,54,15,0,58,50,53,65,73,124
0,0,9,37,0,4,57,16,0,61,46,50,62,77,123
1,0,9,41,0,3,56,11,0,60,50,53,61,71,121
0,0,8,40,1,2,54,17,0,56,48,50,65,73,122
1,0,8,44,0,5,51,11,0,57,52,57,63,68,120
1,0,8,45,0,3,49,15,0,53,53,56,68,68,121
1,0,9,36,1,3,52,19,0,56,45,48,64,75,121
1,0,9,40,0,2,56,12,0,59,49,51,61,71,120
0,0,8,42,1,3,56,11,0,59,50,53,61,70,121
1,0,9,43,1,2,47,18,0,50,52,54,70,68,121
3,0,0,47,1,5,56,13,0,64,47,52,60,77,125
1,0,9,40,0,3,55,13,0,59,49,52,62,72,121
1,0,7,43,0,3,56,12,0,60,50,53,62,72,122
1,0,6,47,1,3,52,13,0,56,53,56,66,69,123
3,0,8,43,0,2,53,11,0,58,51,53,62,69,120
1,0,8,38,1,2,61,11,0,64,46,48,57,75,122
1,0,10,41,1,4,52,12,0,57,51,55,63,69,121
0,0,11,40,1,3,53,13,0,56,51,54,64,69,121
1,0,6,47,0,4,51,15,0,56,53,57,68,71,124
1,0,7,45,1,4,55,11,0,60,52,56,63,71,124
1,0,7,43,1,3,54,12,0,58,50,53,62,70,121
0,0,8,40,1,4,54,16,0,58,48,52,64,74,123
0,0,6,43,1,1,57,13,0,58,49,50,62,71,121
0,0,10,43,0,3,54,12,0,57,53,56,65,69,122
1,0,0,45,0,3,59,15,0,63,45,48,60,78,123
1,0,16,35,1,3,53,13,0,57,51,54,64,70,122
1,0,9,47,0,3,49,13,0,53,56,59,69,66,122
2,0,10,39,1,1,55,13,0,58,49,50,62,71,121
1,0,8,40,1,4,55,14,0,60,48,52,62,74,123
1,0,8,43,1,2,57,10,0,60,51,53,61,70,122
1,0,7,39,1,2,52,19,0,55,46,48,65,74,121
1,0,0,49,0,2,58,11,0,61,49,51,60,72,121
1,0,8,46,0,2,53,11,0,56,54,56,65,67,121
1,0,0,45,1,2,57,15,0,60,45,47,60,75,121
2,0,9,41,1,0,56,12,0,58,50,50,62,70,121
0,0,7,47,0,2,49,15,0,51,54,56,69,66,120
0,0,9,38,1,3,57,14,0,60,47,50,61,74,122
1,0,6,46,1,4,51,15,0,56,52,56,67,71,124
0,0,8,39,0,3,58,14,0,61,47,50,61,75,122
1,0,7,42,1,3,50,17,0,54,49,52,66,71,121
0,0,7,43,0,5,51,14,0,56,50,55,64,70,120
0,0,7,46,1,4,54,11,0,58,53,57,64,69,123
1,0,9,46,0,3,48,16,0,52,55,58,71,68,123
1,0,0,48,0,4,56,12,0,61,48,52,60,73,121
1,0,6,46,1,2,53,12,0,56,52,54,64,68,121
1,0,12,45,1,3,47,14,0,51,57,60,71,65,123
1,0,9,39,0,4,55,12,0,60,48,52,60,72,120
1,0,9,42,1,4,51,16,0,56,51,55,67,72,124
0,0,8,43,1,3,54,14,0,57,51,54,65,71,123
1,0,6,44,0,2,55,13,0,58,50,52,63,71,121
1,0,8,43,1,3,55,12,0,59,51,54,63,71,123
0,0,8,42,0,3,53,15,0,56,50,53,65,71,121
1,0,9,41,1,3,50,16,0,54,50,53,66,70,121
4,0,10,37,1,4,54,14,0,62,47,51,61,76,124
1,0,8,43,0,4,52,13,0,57,51,55,64,70,121
0,0,8,41,0,2,58,12,0,60,49,51,61,72,121
1,0,8,43,0,3,57,10,0,61,51,54,61,71,122
1,0,9,40,0,3,51,18,0,55,49,52,67,73,122
1,0,8,44,1,3,56,11,0,60,52,55,63,71,124
1,0,8,39,0,2,56,15,0,59,47,49,62,74,121
1,0,7,42,0,4,52,16,0,57,49,53,65,73,122
1,0,11,38,1,5,54,14,0,60,49,54,63,74,124
1,0,8,36,0,5,57,13,0,63,44,49,57,76,120
0,0,8,46,0,3,51,13,0,54,54,57,67,67,121
1,0,11,34,0,3,58,15,0,62,45,48,60,77,122
1,0,8,42,1,3,53,15,0,57,50,53,65,72,123
1,0,9,40,0,3,56,13,0,60,49,52,62,73,122
1,0,7,41,0,2,59,11,0,62,48,50,59,73,121
2,0,7,45,1,3,47,17,0,52,52,55,69,69,122
0,0,7,44,1,1,55,13,0,56,51,52,64,69,121
0,0,12,39,0,2,56,11,0,58,51,53,62,69,120
1,0,10,44,0,3,52,13,0,56,54,57,67,69,123
3,0,10,40,0,2,53,12,0,58,50,52,62,70,120
0,0,7,42,1,3,56,12,0,59,49,52,61,71,121
1,0,6,47,0,5,52,12,0,58,53,58,65,70,123
1,0,6,43,0,3,54,13,0,58,49,52,62,71,120
1,0,9,43,0,5,53,14,0,59,52,57,66,73,125
3,0,9,42,1,3,49,15,0,55,51,54,66,70,122
0,0,6,45,1,2,53,15,0,55,51,53,66,70,122
1,0,0,46,1,2,58,14,0,61,46,48,60,75,122
1,0,0,46,1,2,54,18,0,57,46,48,64,75,122
1,0,7,45,1,3,53,12,0,57,52,55,64,69,122
2,0,8,42,1,5,52,14,0,59,50,55,64,73,124
1,0,7,40,1,3,57,12,0,61,47,50,59,73,121
1,0,6,44,1,2,54,14,0,57,50,52,64,71,122
0,0,8,41,1,2,55,13,0,57,49,51,62,70,120
1,0,7,47,1,4,52,11,0,57,54,58,65,68,123
1,0,10,43,0,2,51,15,0,54,53,55,68,69,122
1,0,7,46,0,5,47,14,0,53,53,58,67,67,120
0,0,6,45,1,3,53,15,0,56,51,54,66,71,123
1,0,9,41,0,5,53,12,0,59,50,55,62,71,121
1,0,0,46,0,5,57,14,0,63,46,51,60,77,123
1,0,8,44,1,4,53,14,0,58,52,56,66,72,125
0,0,9,43,0,4,48,19,0,52,52,56,71,71,123
1,0,10,41,0,3,51,14,0,55,51,54,65,69,120
1,0,9,49,1,2,48,11,0,51,58,60,69,62,121
1,0,11,40,0,4,53,13,0,58,51,55,64,71,122
1,0,9,43,1,4,53,11,0,58,52,56,63,69,122
1,0,7,42,1,3,58,9,0,62,49,52,58,71,121
1,0,10,40,0,4,51,16,0,56,50,54,66,72,122
1,0,0,50,0,5,54,15,0,60,50,55,65,75,125
1,0,11,44,0,3,49,14,0,53,55,58,69,67,122
0,0,9,43,0,5,52,14,0,57,52,57,66,71,123
1,0,7,40,1,3,54,16,0,58,47,50,63,74,122
1,0,9,43,1,5,54,11,0,60,52,57,63,71,124
0,0,7,43,1,3,55,14,0,58,50,53,64,72,123
2,0,0,47,0,4,59,11,0,65,47,51,58,76,123
1,0,9,41,0,4,53,14,0,58,50,54,64,72,122
0,0,7,46,0,1,52,14,0,53,53,54,67,67,120
1,0,6,44,0,3,52,15,0,56,50,53,65,71,121
1,0,8,46,1,3,52,13,0,56,54,57,67,69,124
1,0,9,40,0,5,48,22,0,54,49,54,71,76,125
1,0,0,46,0,3,53,19,0,57,46,49,65,76,122
1,0,9,42,1,3,53,15,0,57,51,54,66,72,124
1,0,7,40,0,3,56,16,0,60,47,50,63,76,123
1,0,7,42,1,5,52,15,0,58,49,54,64,73,123
1,0,7,46,1,2,52,12,0,55,53,55,65,67,121
0,0,8,43,0,2,54,13,0,56,51,53,64,69,120
1,0,7,43,1,2,53,15,0,56,50,52,65,71,122
1,0,7,43,0,4,51,15,0,56,50,54,65,71,121
1,0,7,41,1,4,55,15,0,60,48,52,63,75,124
1,0,9,41,0,1,53,15,0,55,50,51,65,70,120
1,0,12,41,0,3,50,15,0,54,53,56,68,69,122
1,0,9,40,1,2,51,17,0,54,49,51,66,71,121
1,0,6,46,0,3,55,11,0,59,52,55,63,70,122
1,0,7,43,0,4,53,15,0,58,50,54,65,73,123
1,0,9,41,1,1,54,13,0,56,50,51,63,69,120
1,0,8,43,0,3,53,12,0,57,51,54,63,69,120
1,0,8,42,0,4,54,13,0,59,50,54,63,72,122
0,0,9,40,1,3,52,17,0,55,49,52,66,72,122
1,0,6,45,1,4,54,14,0,59,51,55,65,73,125
1,0,8,43,1,2,51,15,0,54,51,53,66,69,121
1,0,10,44,1,2,49,14,0,52,54,56,68,66,121
1,0,7,50,0,3,49,11,0,53,57,60,68,64,121
1,0,11,38,0,3,55,13,0,59,49,52,62,72,121
1,0,8,44,0,3,50,16,0,54,52,55,68,70,122
1,0,7,42,0,4,55,12,0,60,49,53,61,72,121
0,0,11,40,0,1,54,14,0,55,51,52,65,69,120
1,0,10,41,0,3,52,14,0,56,51,54,65,70,121
1,0,0,48,0,4,55,15,0,60,48,52,63,75,123
0,0,0,48,1,2,54,16,0,56,48,50,64,72,121
1,0,7,45,1,3,52,15,0,56,52,55,67,71,124
2,0,6,41,0,1,57,13,0,60,47,48,60,73,120
0,0,10,40,0,3,53,14,0,56,50,53,64,70,120
1,0,7,41,0,2,49,22,0,52,48,50,70,74,122
1,0,7,47,1,3,52,11,0,56,54,57,65,67,122
1,0,7,41,0,1,53,17,0,55,48,49,65,72,120
0,0,0,44,0,3,57,16,0,60,44,47,60,76,120
1,0,9,36,1,5,57,16,0,63,45,50,61,79,125
1,0,8,42,0,4,53,15,0,58,50,54,65,73,123
1,0,7,39,1,2,57,14,0,60,46,48,60,74,121
1,0,11,40,1,2,54,12,0,57,51,53,63,69,121
1,0,8,43,0,3,51,15,0,55,51,54,66,70,121
3,0,10,40,1,4,51,14,0,58,50,54,64,72,123
1,0,7,41,0,3,55,14,0,59,48,51,62,73,121
1,0,7,44,1,2,53,13,0,56,51,53,64,69,121
1,0,10,41,0,3,54,12,0,58,51,54,63,70,121
1,0,8,44,0,4,53,13,0,58,52,56,65,71,123
1,0,0,50,1,3,54,13,0,58,50,53,63,71,122
3,0,0,47,1,2,58,10,0,63,47,49,57,73,121
1,0,8,47,1,4,48,13,0,53,55,59,68,66,122
0,0,8,43,0,4,55,13,0,59,51,55,64,72,123
0,0,9,43,1,3,52,14,0,55,52,55,66,69,122
1,0,0,49,1,5,54,12,0,60,49,54,61,72,122
1,0,8,44,0,5,50,14,0,56,52,57,66,70,122
1,0,9,42,0,2,52,15,0,55,51,53,66,70,121
1,0,9,45,0,3,55,9,0,59,54,57,63,68,122
0,0,7,42,0,3,55,15,0,58,49,52,64,73,122
2,0,7,45,1,2,50,14,0,54,52,54,66,68,121
1,0,6,47,1,5,52,14,0,58,53,58,67,72,126
3,0,7,42,0,2,54,12,0,59,49,51,61,71,120
1,0,9,38,1,3,56,15,0,60,47,50,62,75,123
1,0,8,42,0,4,55,12,0,60,50,54,62,72,122
1,0,9,45,0,3,50,13,0,54,54,57,67,67,121
1,0,8,44,0,3,52,13,0,56,52,55,65,69,121
1,0,8,47,1,3,45,18,0,49,55,58,73,67,123
1,0,0,46,0,2,60,12,0,63,46,48,58,75,121
1,0,0,51,1,4,52,13,0,57,51,55,64,70,122
1,0,8,40,1,2,55,14,0,58,48,50,62,72,121
1,0,9,43,1,6,54,12,0,61,52,58,64,73,126
1,0,0,48,1,3,52,18,0,56,48,51,66,74,123
1,0,11,38,1,2,57,12,0,60,49,51,61,72,122
1,0,7,42,1,2,53,17,0,56,49,51,66,73,123
1,0,10,41,1,3,52,14,0,56,51,54,65,70,122
0,0,8,37,0,5,58,14,0,63,45,50,59,77,122
0,0,7,47,0,2,53,12,0,55,54,56,66,67,121
1,0,7,40,0,4,57,14,0,62,47,51,61,76,123
1,0,11,43,1,5,48,15,0,54,54,59,69,69,124
1,0,7,41,1,3,53,16,0,57,48,51,64,73,122
1,0,7,44,1,5,54,14,0,60,51,56,65,74,126
1,0,10,40,1,4,51,16,0,56,50,54,66,72,123
1,0,0,49,0,2,55,14,0,58,49,51,63,72,121
1,0,9,46,0,4,47,16,0,52,55,59,71,68,123
1,0,7,48,0,2,48,15,0,51,55,57,70,66,121
1,0,8,40,1,3,57,14,0,61,48,51,62,75,124
1,0,6,41,1,5,54,16,0,60,47,52,63,76,124
1,0,10,41,0,4,55,11,0,60,51,55,62,71,122
0,0,0,49,0,1,58,12,0,59,49,50,61,71,120
1,0,0,47,1,2,55,16,0,58,47,49,63,74,122
1,0,7,48,0,3,51,12,0,55,55,58,67,67,122
1,0,8,44,0,3,53,13,0,57,52,55,65,70,122
1,0,9,42,1,2,55,12,0,58,51,53,63,70,122
1,0,8,38,0,3,56,15,0,60,46,49,61,75,121
1,0,10,40,0,0,56,13,0,57,50,50,63,70,120
4,0,8,45,0,4,49,13,0,57,53,57,66,70,123
1,0,8,38,0,2,57,15,0,60,46,48,61,75,121
1,0,7,40,1,3,58,11,0,62,47,50,58,73,121
1,0,0,47,0,2,57,13,0,60,47,49,60,73,120
1,0,9,42,1,3,52,15,0,56,51,54,66,71,123
1,0,8,44,1,2,51,14,0,54,52,54,66,68,121
0,0,8,46,1,3,54,11,0,57,54,57,65,68,123
0,0,7,44,1,3,50,16,0,53,51,54,67,69,121
1,0,8,43,1,1,51,16,0,53,51,52,67,69,121
1,0,8,46,1,3,52,13,0,56,54,57,67,69,124
0,0,8,41,0,3,53,15,0,56,49,52,64,71,120
1,0,9,45,0,4,52,13,0,57,54,58,67,70,124
1,0,7,45,0,4,50,16,0,55,52,56,68,71,123
1,0,8,43,0,4,54,12,0,59,51,55,63,71,122
3,0,7,44,0,2,54,11,0,59,51,53,62,70,121
0,0,10,42,0,5,51,16,0,56,52,57,68,72,124
1,0,8,42,1,4,54,12,0,59,50,54,62,71,122
1,0,9,41,1,2,56,11,0,59,50,52,61,70,121
1,0,8,47,0,4,50,12,0,55,55,59,67,67,122
1,0,7,44,1,4,50,18,0,55,51,55,69,73,125
2,0,9,45,0,4,52,11,0,58,54,58,65,69,123
1,0,10,38,0,4,58,12,0,63,48,52,60,75,123
1,0,9,39,1,2,49,21,0,52,48,50,69,73,122
1,0,10,42,1,4,52,13,0,57,52,56,65,70,123
0,0,8,45,0,3,52,14,0,55,53,56,67,69,122
1,0,9,42,1,5,55,12,0,61,51,56,63,73,125
1,0,11,36,1,3,52,19,0,56,47,50,66,75,123
1,0,10,37,1,4,55,15,0,60,47,51,62,75,123
1,0,6,44,1,3,53,14,0,57,50,53,64,71,122
1,0,7,45,1,4,53,13,0,58,52,56,65,71,124
1,0,10,40,1,2,52,15,0,55,50,52,65,70,121
1,0,7,44,1,5,53,11,0,59,51,56,62,70,122
1,0,7,46,0,4,51,14,0,56,53,57,67,70,123
1,0,7,45,1,3,55,12,0,59,52,55,64,71,124
1,0,8,39,1,4,55,12,0,60,47,51,59,72,120
1,0,8,45,1,3,48,15,0,52,53,56,68,67,121
1,0,0,40,1,4,61,17,0,66,40,44,57,83,124
1,0,8,45,0,2,48,16,0,51,53,55,69,67,120
1,0,8,43,1,3,51,14,0,55,51,54,65,69,121
0,0,10,43,0,3,48,18,0,51,53,56,71,69,122
0,0,7,42,0,3,57,13,0,60,49,52,62,73,122
1,0,0,45,0,3,62,11,0,66,45,48,56,77,122
4,0,8,41,0,4,56,10,0,64,49,53,59,74,123
0,0,0,48,0,5,58,13,0,63,48,53,61,76,124
1,0,10,35,1,2,58,14,0,61,45,47,59,75,121
1,0,0,43,0,8,55,13,0,64,43,51,56,77,120
1,0,10,39,1,3,58,12,0,62,49,52,61,74,124
1,0,9,43,0,2,54,11,0,57,52,54,63,68,120
0,0,8,48,1,2,48,14,0,50,56,58,70,64,121
1,0,11,34,1,2,59,14,0,62,45,47,59,76,122
1,0,7,40,1,3,55,14,0,59,47,50,61,73,121
2,0,6,41,1,6,54,14,0,62,47,53,61,76,124
0,0,7,45,1,3,53,13,0,56,52,55,65,69,122
1,0,6,51,1,3,49,11,0,53,57,60,68,64,122
1,0,8,43,0,2,50,18,0,53,51,53,69,71,122
2,0,8,41,1,3,53,13,0,58,49,52,62,71,121
1,0,11,43,1,1,54,11,0,56,54,55,65,67,122
1,0,10,38,0,2,58,11,0,61,48,50,59,72,120
1,0,10,43,0,3,50,14,0,54,53,56,67,68,121
0,0,8,45,1,4,51,13,0,55,53,57,66,68,122
0,0,7,41,1,3,53,16,0,56,48,51,64,72,121
1,0,7,44,1,3,54,13,0,58,51,54,64,71,123
1,0,8,40,1,3,54,14,0,58,48,51,62,72,121
1,0,8,45,1,4,52,14,0,57,53,57,67,71,125
3,0,9,41,0,1,53,13,0,57,50,51,63,70,120
1,0,8,43,0,2,54,13,0,57,51,53,64,70,121
1,0,8,44,0,3,50,14,0,54,52,55,66,68,120
2,0,0,47,0,3,54,15,0,59,47,50,62,74,121
1,0,10,41,1,3,53,13,0,57,51,54,64,70,122
0,0,0,49,1,3,53,16,0,56,49,52,65,72,122
1,0,7,42,0,4,57,13,0,62,49,53,62,75,124
1,0,6,45,0,3,52,13,0,56,51,54,64,69,120
1,0,8,44,0,2,54,12,0,57,52,54,64,69,121
0,0,8,46,0,3,52,13,0,55,54,57,67,68,122
0,0,7,46,1,2,52,14,0,54,53,55,67,68,122
0,0,10,42,0,4,49,16,0,53,52,56,68,69,121
0,0,8,43,1,2,53,14,0,55,51,53,65,69,121
2,0,9,37,0,4,56,14,0,62,46,50,60,76,122
1,0,6,48,1,4,49,14,0,54,54,58,68,68,123
1,0,8,42,0,2,54,14,0,57,50,52,64,71,121
3,0,8,39,1,2,54,15,0,59,47,49,62,74,122
0,0,11,36,0,4,57,15,0,61,47,51,62,76,123
1,0,7,45,0,5,54,12,0,60,52,57,64,72,124
1,0,10,40,0,3,55,14,0,59,50,53,64,73,123
1,0,7,42,1,3,53,14,0,57,49,52,63,71,121
1,0,7,43,1,4,53,14,0,58,50,54,64,72,123
3,0,8,40,1,2,58,9,0,63,48,50,57,72,121
0,0,8,46,1,4,54,11,0,58,54,58,65,69,124
1,0,10,41,0,2,54,13,0,57,51,53,64,70,121
2,0,0,46,1,3,56,13,0,61,46,49,59,74,121
0,0,11,40,1,3,52,15,0,55,51,54,66,70,122
1,0,13,39,1,1,52,14,0,54,52,53,66,68,121
1,0,7,49,1,3,46,16,0,50,56,59,72,66,123
1,0,8,39,0,4,52,19,0,57,47,51,66,76,123
2,0,0,47,1,5,55,15,0,62,47,52,62,77,125
0,0,9,46,0,2,49,14,0,51,55,57,69,65,120
1,0,7,40,0,3,58,13,0,62,47,50,60,75,122
0,0,11,41,1,4,56,10,0,60,52,56,62,70,123
2,0,8,43,1,4,51,14,0,57,51,55,65,71,123
1,0,8,38,1,2,57,15,0,60,46,48,61,75,122
1,0,6,43,0,2,55,13,0,58,49,51,62,71,120
1,0,6,43,1,2,55,14,0,58,49,51,63,72,122
1,0,0,48,1,4,57,11,0,62,48,52,59,73,122
3,0,8,38,1,2,57,13,0,62,46,48,59,75,122
1,0,8,42,1,4,50,17,0,55,50,54,67,72,123
1,0,7,43,1,4,53,14,0,58,50,54,64,72,123
1,0,11,38,0,5,52,17,0,58,49,54,66,75,124
1,0,9,40,0,1,55,15,0,57,49,50,64,72,121
1,0,8,42,1,4,52,15,0,57,50,54,65,72,123
1,0,6,43,1,4,51,15,0,56,49,53,64,71,121
0,0,7,42,0,3,57,12,0,60,49,52,61,72,121
1,0,10,42,1,5,51,14,0,57,52,57,66,71,124
1,0,11,42,1,2,54,12,0,57,53,55,65,69,123
1,0,7,42,0,2,53,15,0,56,49,51,64,71,120
1,0,9,40,0,2,50,18,0,53,49,51,67,71,120
0,0,10,39,1,2,53,16,0,55,49,51,65,71,121
1,0,8,41,0,1,53,16,0,55,49,50,65,71,120
1,0,8,41,0,3,54,15,0,58,49,52,64,73,122
1,0,9,43,1,2,50,15,0,53,52,54,67,68,121
0,0,11,39,1,4,53,14,0,57,50,54,64,71,122
0,0,11,41,1,2,54,13,0,56,52,54,65,69,122
2,0,8,46,0,4,48,15,0,54,54,58,69,69,123
1,0,8,42,0,2,55,13,0,58,50,52,63,71,121
3,0,6,43,0,0,54,14,0,57,49,49,63,71,120
1,0,9,38,1,2,52,19,0,55,47,49,66,74,122
1,0,7,40,0,2,61,10,0,64,47,49,57,74,121
1,0,7,48,0,4,51,13,0,56,55,59,68,69,124
1,0,7,44,0,4,51,17,0,56,51,55,68,73,124
1,0,7,44,1,4,53,14,0,58,51,55,65,72,124
1,0,6,44,0,2,57,11,0,60,50,52,61,71,121
1,0,11,38,1,0,59,11,0,60,49,49,60,71,121
0,0,0,48,1,3,55,15,0,58,48,51,63,73,122
1,0,8,43,1,3,53,13,0,57,51,54,64,70,122
1,0,7,46,0,3,51,13,0,55,53,56,66,68,121
0,0,6,43,0,3,57,12,0,60,49,52,61,72,121
1,0,7,48,1,4,50,12,0,55,55,59,67,67,123
1,0,9,37,1,3,57,14,0,61,46,49,60,75,122
1,0,9,43,1,3,47,20,0,51,52,55,72,71,124
1,0,6,44,1,3,54,14,0,58,50,53,64,72,123
1,0,10,39,1,4,59,10,0,64,49,53,59,74,124
0,0,7,42,1,3,53,15,0,56,49,52,64,71,121
0,0,7,45,1,2,55,12,0,57,52,54,64,69,122
2,0,8,39,0,3,54,15,0,59,47,50,62,74,121
1,0,7,46,0,3,51,14,0,55,53,56,67,69,122
1,0,9,45,1,4,53,11,0,58,54,58,65,69,124
0,0,11,41,0,3,51,14,0,54,52,55,66,68,120
2,0,7,37,1,5,58,14,0,65,44,49,58,79,124
1,0,9,39,0,4,55,15,0,60,48,52,63,75,123
1,0,7,41,1,2,54,15,0,57,48,50,63,72,121
1,0,11,42,1,0,48,19,0,49,53,53,72,68,122
1,0,0,42,0,3,63,13,0,67,42,45,55,80,122
1,0,9,34,0,2,57,17,0,60,43,45,60,77,120
1,0,0,53,1,2,53,12,0,56,53,55,65,68,122
1,0,7,48,0,4,48,14,0,53,55,59,69,67,122
0,0,7,46,1,3,51,14,0,54,53,56,67,68,122
1,0,8,43,0,3,55,11,0,59,51,54,62,70,121
1,0,0,45,0,2,58,14,0,61,45,47,59,75,120
1,0,7,41,1,4,56,14,0,61,48,52,62,75,124
1,0,0,47,1,2,54,16,0,57,47,49,63,73,121
0,0,9,40,1,2,57,12,0,59,49,51,61,71,121
1,0,10,44,0,5,49,15,0,55,54,59,69,70,124
1,0,9,42,0,5,53,15,0,59,51,56,66,74,125
0,0,0,51,1,3,55,12,0,58,51,54,63,70,122
1,0,7,44,1,2,54,13,0,57,51,53,64,70,122
1,0,7,45,1,2,52,14,0,55,52,54,66,69,122
1,0,0,47,0,4,57,14,0,62,47,51,61,76,123
1,0,8,41,1,3,51,17,0,55,49,52,66,72,122
2,0,9,38,0,3,57,13,0,62,47,50,60,75,122
1,0,11,38,1,2,53,16,0,56,49,51,65,72,122
1,0,7,48,1,2,49,14,0,52,55,57,69,66,122
0,0,0,46,0,2,60,12,0,62,46,48,58,74,120
0,0,8,43,0,2,57,11,0,59,51,53,62,70,121
1,0,6,48,0,1,53,11,0,55,54,55,65,66,120
1,0,9,45,0,3,50,12,0,54,54,57,66,66,120
1,0,0,50,1,4,59,9,0,64,50,54,59,73,124
1,0,10,39,1,4,60,9,0,65,49,53,58,74,124
1,0,9,44,0,2,52,12,0,55,53,55,65,67,120
3,0,10,41,1,3,51,14,0,57,51,54,65,71,123
1,0,7,47,0,3,50,13,0,54,54,57,67,67,121
1,0,11,40,1,4,51,15,0,56,51,55,66,71,123
1,0,9,46,1,3,54,8,0,58,55,58,63,66,122
1,0,9,41,1,3,55,13,0,59,50,53,63,72,123
1,0,7,42,0,5,54,16,0,60,49,54,65,76,125
1,0,8,45,1,4,51,15,0,56,53,57,68,71,125
2,0,12,34,1,5,50,19,0,57,46,51,65,76,123
1,0,7,44,1,3,52,14,0,56,51,54,65,70,122
1,0,9,40,1,5,60,7,0,66,49,54,56,73,123
1,0,10,44,1,3,49,16,0,53,54,57,70,69,124
0,0,8,42,1,3,57,12,0,60,50,53,62,72,123
0,0,8,46,1,2,52,12,0,54,54,56,66,66,121
0,0,6,40,0,5,56,14,0,61,46,51,60,75,121
1,0,8,43,1,2,55,13,0,58,51,53,64,71,123
0,0,7,39,1,2,56,16,0,58,46,48,62,74,121
1,0,11,41,0,2,51,16,0,54,52,54,68,70,122
1,0,8,45,1,2,53,12,0,56,53,55,65,68,122
1,0,0,45,1,4,60,10,0,65,45,49,55,75,121
1,0,7,41,1,3,56,12,0,60,48,51,60,72,121
0,0,8,45,0,2,53,12,0,55,53,55,65,67,120
1,0,10,41,0,5,52,11,0,58,51,56,62,69,120
0,0,7,41,0,3,58,11,0,61,48,51,59,72,120
1,0,11,35,1,4,54,15,0,59,46,50,61,74,121
1,0,7,44,1,3,55,12,0,59,51,54,63,71,123
3,0,7,45,0,0,55,10,0,58,52,52,62,68,120
2,0,7,43,0,4,56,10,0,62,50,54,60,72,122
2,0,7,46,0,4,54,8,0,60,53,57,61,68,121
0,0,9,42,0,5,51,13,0,56,51,56,64,69,120
2,0,9,41,1,4,55,11,0,61,50,54,61,72,123
1,0,7,46,1,3,51,14,0,55,53,56,67,69,123
1,0,8,43,0,5,49,18,0,55,51,56,69,73,124
0,0,0,45,0,4,60,12,0,64,45,49,57,76,121
0,0,0,44,1,4,58,14,0,62,44,48,58,76,121
0,0,10,45,1,3,50,12,0,53,55,58,67,65,121
1,0,10,43,0,3,49,16,0,53,53,56,69,69,122
1,0,8,45,1,1,52,13,0,54,53,54,66,67,121
4,0,0,47,1,0,52,17,0,56,47,47,64,73,121
1,0,8,42,1,3,54,14,0,58,50,53,64,72,123
1,0,9,36,1,2,56,16,0,59,45,47,61,75,121
1,0,10,39,0,3,58,11,0,62,49,52,60,73,122
1,0,7,42,0,2,54,15,0,57,49,51,64,72,121
1,0,6,42,1,3,60,10,0,64,48,51,58,74,123
1,0,8,41,1,3,53,17,0,57,49,52,66,74,124
1,0,8,43,0,4,54,11,0,59,51,55,62,70,121
1,0,7,42,1,4,53,15,0,58,49,53,64,73,123
0,0,8,39,1,3,56,16,0,59,47,50,63,75,123
1,0,9,40,1,6,52,13,0,59,49,55,62,72,122
1,0,7,49,0,3,47,16,0,51,56,59,72,67,123
3,0,7,43,0,4,49,14,0,56,50,54,64,70,120
1,0,7,42,1,4,52,16,0,57,49,53,65,73,123
1,0,7,40,1,4,51,19,0,56,47,51,66,75,123
1,0,7,49,1,4,50,12,0,55,56,60,68,67,124
0,0,9,40,1,3,52,17,0,55,49,52,66,72,122
1,0,0,49,1,4,60,10,0,65,49,53,59,75,125
1,0,6,49,0,4,49,13,0,54,55,59,68,67,122
0,0,8,42,1,3,55,14,0,58,50,53,64,72,123
1,0,9,43,0,4,51,14,0,56,52,56,66,70,122
1,0,7,49,0,2,46,16,0,49,56,58,72,65,121
0,0,10,40,0,3,56,12,0,59,50,53,62,71,121
1,0,11,39,1,2,52,15,0,55,50,52,65,70,121
1,0,10,43,0,3,52,13,0,56,53,56,66,69,122
0,0,8,43,1,3,50,16,0,53,51,54,67,69,121
1,0,6,43,1,4,54,12,0,59,49,53,61,71,121
1,0,8,46,0,3,52,12,0,56,54,57,66,68,122
1,0,9,44,0,4,51,13,0,56,53,57,66,69,122
0,0,11,43,1,3,55,9,0,58,54,57,63,67,122
1,0,8,38,1,2,57,15,0,60,46,48,61,75,122
1,0,8,44,0,3,52,14,0,56,52,55,66,70,122
1,0,10,40,1,4,50,14,0,55,50,54,64,69,120
1,0,7,44,1,2,53,14,0,56,51,53,65,70,122
0,0,8,41,0,3,60,10,0,63,49,52,59,73,122
0,0,10,42,1,3,56,11,0,59,52,55,63,70,123
1,0,6,49,0,3,52,11,0,56,55,58,66,67,122
1,0,12,40,1,4,50,13,0,55,52,56,65,68,121
1,0,9,43,1,2,56,10,0,59,52,54,62,69,122
1,0,0,45,1,2,61,11,0,64,45,47,56,75,121
2,0,11,39,0,4,52,13,0,58,50,54,63,71,121
1,0,0,49,1,4,56,11,0,61,49,53,60,72,122
1,0,0,48,1,2,56,14,0,59,48,50,62,73,122
4,0,8,47,0,4,47,11,0,55,55,59,66,66,121
0,0,9,39,0,2,54,16,0,56,48,50,64,72,120
1,0,8,40,1,4,54,15,0,59,48,52,63,74,123
1,0,7,44,1,2,55,11,0,58,51,53,62,69,121
0,0,8,43,0,3,53,13,0,56,51,54,64,69,120
1,0,7,43,1,3,53,13,0,57,50,53,63,70,121
1,0,9,43,0,3,52,12,0,56,52,55,64,68,120
0,0,12,42,1,4,49,15,0,53,54,58,69,68,123
3,0,6,44,1,4,49,16,0,56,50,54,66,72,123
1,0,8,43,0,3,51,14,0,55,51,54,65,69,120
1,0,7,39,0,1,58,14,0,60,46,47,60,74,120
1,0,10,41,0,3,53,15,0,57,51,54,66,72,123
1,0,7,43,0,2,55,12,0,58,50,52,62,70,120
0,0,6,47,0,4,51,14,0,55,53,57,67,69,122
2,0,9,44,1,2,50,14,0,54,53,55,67,68,122
0,0,7,43,1,5,53,12,0,58,50,55,62,70,121
1,0,0,49,0,3,55,12,0,59,49,52,61,71,120
1,0,9,42,1,4,53,13,0,58,51,55,64,71,123
2,0,9,40,0,5,55,12,0,62,49,54,61,74,123
0,0,7,42,0,3,59,10,0,62,49,52,59,72,121
1,0,7,41,0,2,54,15,0,57,48,50,63,72,120
0,0,6,42,0,3,58,11,0,61,48,51,59,72,120
1,0,6,44,1,3,50,17,0,54,50,53,67,71,122
1,0,9,40,1,2,54,13,0,57,49,51,62,70,120
1,0,9,43,1,3,56,10,0,60,52,55,62,70,123
1,0,0,52,1,2,52,13,0,55,52,54,65,68,121
1,0,9,40,1,4,52,15,0,57,49,53,64,72,122
1,0,9,42,1,4,52,14,0,57,51,55,65,71,123
1,0,8,40,0,3,50,19,0,54,48,51,67,73,121
0,0,12,41,1,2,52,13,0,54,53,55,66,67,121
1,0,8,38,1,5,62,12,0,68,46,51,58,80,127
0,0,9,42,0,3,51,17,0,54,51,54,68,71,122
1,0,8,44,0,3,50,14,0,54,52,55,66,68,120
2,0,8,44,0,5,51,14,0,58,52,57,66,72,124
1,0,0,47,1,3,56,16,0,60,47,50,63,76,124
1,0,11,37,0,5,55,11,0,61,48,53,59,72,120
0,0,6,44,1,4,55,11,0,59,50,54,61,70,121
1,0,8,38,0,3,57,13,0,61,46,49,59,74,120
1,0,0,51,0,4,49,16,0,54,51,55,67,70,121
1,0,8,42,0,5,54,14,0,60,50,55,64,74,124
0,0,6,46,1,3,50,16,0,53,52,55,68,69,122
1,0,12,40,0,2,53,13,0,56,52,54,65,69,121
1,0,0,55,1,5,54,10,0,60,55,60,65,70,126
1,0,6,42,0,3,53,16,0,57,48,51,64,73,121
1,0,9,47,1,3,48,14,0,52,56,59,70,66,123
1,0,9,45,0,3,48,15,0,52,54,57,69,67,121
1,0,6,40,0,3,58,14,0,62,46,49,60,76,122
0,0,10,42,1,3,51,15,0,54,52,55,67,69,122
2,0,8,42,0,3,49,16,0,54,50,53,66,70,120
1,0,10,44,1,3,45,20,0,49,54,57,74,69,124
1,0,10,42,0,3,51,13,0,55,52,55,65,68,120
1,0,10,41,0,5,52,13,0,58,51,56,64,71,122
1,0,8,43,0,3,54,13,0,58,51,54,64,71,122
1,0,6,47,1,3,53,11,0,57,53,56,64,68,122
3,0,9,39,1,2,55,12,0,60,48,50,60,72,121
1,0,7,40,1,4,57,13,0,62,47,51,60,75,123
1,0,8,43,1,4,54,12,0,59,51,55,63,71,123
1,0,7,45,1,4,55,12,0,60,52,56,64,72,125
1,0,8,43,1,3,51,15,0,55,51,54,66,70,122
1,0,9,38,0,3,60,11,0,64,47,50,58,75,122
1,0,10,39,0,4,56,13,0,61,49,53,62,74,123
1,0,7,45,1,2,53,13,0,56,52,54,65,69,122
1,0,10,46,0,2,44,17,0,47,56,58,73,64,120
1,0,7,48,0,4,50,13,0,55,55,59,68,68,123
1,0,9,40,0,2,49,20,0,52,49,51,69,72,121
1,0,8,41,0,2,57,12,0,60,49,51,61,72,121
0,0,6,46,0,3,51,15,0,54,52,55,67,69,121
0,0,9,44,1,3,46,18,0,49,53,56,71,67,121
0,0,9,43,0,5,55,11,0,60,52,57,63,71,123
0,0,6,44,0,3,52,17,0,55,50,53,67,72,122
1,0,7,39,0,2,57,15,0,60,46,48,61,75,121
1,0,8,38,1,2,54,16,0,57,46,48,62,73,120
1,0,0,46,1,4,52,18,0,57,46,50,64,75,122
2,0,7,43,1,3,58,9,0,63,50,53,59,72,123
0,0,10,43,0,4,52,14,0,56,53,57,67,70,123
1,0,7,39,1,3,57,14,0,61,46,49,60,75,122
1,0,0,51,0,2,52,15,0,55,51,53,66,70,121
0,0,0,49,1,4,57,12,0,61,49,53,61,73,123
1,0,6,48,1,2,48,15,0,51,54,56,69,66,121
1,0,0,46,1,4,61,10,0,66,46,50,56,76,123
1,0,11,43,1,2,49,15,0,52,54,56,69,67,122
1,0,7,45,1,3,48,16,0,52,52,55,68,68,121
1,0,10,42,0,4,52,13,0,57,52,56,65,70,122
3,0,9,37,0,5,58,12,0,66,46,51,58,78,124
1,0,7,46,1,3,51,13,0,55,53,56,66,68,122
1,0,8,42,1,3,52,15,0,56,50,53,65,71,122
1,0,7,41,1,3,56,14,0,60,48,51,62,74,123
1,0,10,40,0,4,55,13,0,60,50,54,63,73,123
1,0,9,41,0,4,54,11,0,59,50,54,61,70,120
1,0,14,40,0,2,51,13,0,54,54,56,67,67,121
5,0,10,38,1,4,53,11,0,62,48,52,59,73,122
1,0,7,42,0,2,54,14,0,57,49,51,63,71,120
1,0,0,46,1,4,58,14,0,63,46,50,60,77,124
1,0,10,40,0,4,53,14,0,58,50,54,64,72,122
1,0,8,39,0,3,57,13,0,61,47,50,60,74,121
1,0,9,40,1,4,56,13,0,61,49,53,62,74,124
1,0,11,41,1,2,52,14,0,55,52,54,66,69,122
1,0,7,42,1,4,54,14,0,59,49,53,63,73,123
0,0,8,46,0,3,52,13,0,55,54,57,67,68,122
1,0,7,44,1,4,53,13,0,58,51,55,64,71,123
0,0,8,40,1,4,50,17,0,54,48,52,65,71,120
1,0,0,47,0,3,59,12,0,63,47,50,59,75,122
1,0,6,43,1,3,53,16,0,57,49,52,65,73,123
1,0,9,43,0,1,50,16,0,52,52,53,68,68,120
1,0,0,48,1,3,56,14,0,60,48,51,62,74,123
1,0,6,44,0,4,52,13,0,57,50,54,63,70,120
0,0,6,41,1,2,59,12,0,61,47,49,59,73,121
0,0,8,43,1,2,53,15,0,55,51,53,66,70,122
1,0,0,52,1,3,51,13,0,55,52,55,65,68,121
1,0,9,47,1,3,47,14,0,51,56,59,70,65,122
0,0,9,46,1,3,50,14,0,53,55,58,69,67,123
1,0,0,45,1,4,62,11,0,67,45,49,56,78,124
1,0,11,38,1,2,55,14,0,58,49,51,63,72,122
0,0,8,43,0,3,51,16,0,54,51,54,67,70,121
1,0,10,40,0,3,55,12,0,59,50,53,62,71,121
1,0,7,46,0,2,53,12,0,56,53,55,65,68,121
1,0,7,45,1,2,54,13,0,57,52,54,65,70,123
1,0,0,50,1,3,56,11,0,60,50,53,61,71,122
1,0,7,42,1,4,49,20,0,54,49,53,69,74,124
1,0,10,40,0,3,56,11,0,60,50,53,61,71,121
0,0,12,40,0,2,51,15,0,53,52,54,67,68,120
0,0,0,50,1,4,54,14,0,58,50,54,64,72,123
1,0,7,44,0,4,54,13,0,59,51,55,64,72,123
1,0,8,44,0,3,52,13,0,56,52,55,65,69,121
1,0,6,51,0,3,46,14,0,50,57,60,71,64,121
1,0,8,43,1,0,56,13,0,57,51,51,64,70,122
1,0,8,43,1,3,56,12,0,60,51,54,63,72,124
2,0,9,38,0,1,57,13,0,60,47,48,60,73,120
1,0,9,42,1,4,55,11,0,60,51,55,62,71,123
1,0,8,44,0,3,51,13,0,55,52,55,65,68,120
1,0,7,43,1,3,58,10,0,62,50,53,60,72,123
0,0,9,42,0,2,55,13,0,57,51,53,64,70,121
1,0,8,44,1,3,52,12,0,56,52,55,64,68,121
1,0,0,49,0,2,55,14,0,58,49,51,63,72,121
0,0,8,39,0,2,53,18,0,55,47,49,65,73,120
0,0,10,39,0,3,56,14,0,59,49,52,63,73,122
1,0,7,43,0,2,57,10,0,60,50,52,60,70,120
1,0,9,47,1,5,46,13,0,52,56,61,69,65,122
1,0,7,45,1,2,52,14,0,55,52,54,66,69,122
1,0,0,47,0,2,56,15,0,59,47,49,62,74,121
1,0,0,51,0,4,53,14,0,58,51,55,65,72,123
1,0,7,51,1,3,48,12,0,52,58,61,70,64,123
3,0,11,40,0,0,55,11,0,58,51,51,62,69,120
1,0,8,48,1,4,45,15,0,50,56,60,71,65,122
1,0,0,52,0,5,56,10,0,62,52,57,62,72,124
1,0,7,48,0,2,53,10,0,56,55,57,65,66,121
1,0,10,41,1,3,50,17,0,54,51,54,68,71,123
1,0,7,41,0,3,53,16,0,57,48,51,64,73,121
1,0,8,47,0,4,50,12,0,55,55,59,67,67,122
4,0,9,41,0,4,52,12,0,60,50,54,62,72,122
1,0,9,43,1,3,55,12,0,59,52,55,64,71,124
1,0,7,43,0,3,54,14,0,58,50,53,64,72,122
1,0,6,46,1,1,54,13,0,56,52,53,65,69,122
1,0,9,40,1,3,51,16,0,55,49,52,65,71,121
0,0,8,46,1,2,48,17,0,50,54,56,71,67,122
1,0,9,43,1,1,57,9,0,59,52,53,61,68,121
0,0,10,41,1,3,51,17,0,54,51,54,68,71,123
1,0,0,51,0,5,50,13,0,56,51,56,64,69,120
1,0,7,46,1,0,57,10,0,58,53,53,63,68,122
3,0,9,38,0,2,55,14,0,60,47,49,61,74,121
1,0,8,43,1,2,53,15,0,56,51,53,66,71,123
1,0,0,44,1,5,60,10,0,66,44,49,54,76,121
1,0,10,42,0,4,52,15,0,57,52,56,67,72,124
1,0,11,39,0,4,54,13,0,59,50,54,63,72,122
1,0,11,41,0,3,51,14,0,55,52,55,66,69,121
1,0,8,43,1,5,52,14,0,58,51,56,65,72,124
0,0,9,40,0,4,52,15,0,56,49,53,64,71,120
1,0,7,42,1,3,53,16,0,57,49,52,65,73,123
1,0,8,48,0,2,46,15,0,49,56,58,71,64,120
1,0,7,43,1,4,57,11,0,62,50,54,61,73,124
2,0,14,35,1,3,53,15,0,58,49,52,64,73,123
1,0,8,47,1,3,50,13,0,54,55,58,68,67,123
1,0,8,41,1,2,56,12,0,59,49,51,61,71,121
0,0,11,41,1,3,51,15,0,54,52,55,67,69,122
1,0,7,44,1,2,56,11,0,59,51,53,62,70,122
0,0,10,38,1,5,53,17,0,58,48,53,65,75,124
1,0,7,49,1,3,51,11,0,55,56,59,67,66,123
1,0,7,42,0,3,57,12,0,61,49,52,61,73,122
1,0,9,48,0,3,49,10,0,53,57,60,67,63,120
1,0,9,41,1,3,57,12,0,61,50,53,62,73,124
1,0,8,42,0,4,53,13,0,58,50,54,63,71,121
0,0,8,40,0,4,57,14,0,61,48,52,62,75,123
1,0,7,46,0,4,53,10,0,58,53,57,63,68,121
1,0,7,43,0,4,49,17,0,54,50,54,67,71,121
1,0,8,43,0,4,52,14,0,57,51,55,65,71,122
1,0,9,41,1,2,55,12,0,58,50,52,62,70,121
1,0,10,40,1,3,59,9,0,63,50,53,59,72,123
2,0,9,41,0,3,55,11,0,60,50,53,61,71,121
1,0,8,46,1,2,50,13,0,53,54,56,67,66,121
1,0,8,41,0,3,58,11,0,62,49,52,60,73,122
1,0,7,43,0,3,56,11,0,60,50,53,61,71,121
2,0,18,36,2,4,50,11,0,56,54,58,65,67,123
1,0,7,42,0,3,50,19,0,54,49,52,68,73,122
1,0,7,45,0,3,50,16,0,54,52,55,68,70,122
1,0,9,44,0,1,53,13,0,55,53,54,66,68,121
1,0,8,42,0,3,52,14,0,56,50,53,64,70,120
1,0,9,43,1,3,50,14,0,54,52,55,66,68,121
0,0,0,54,1,2,52,12,0,54,54,56,66,66,121
0,0,6,42,1,4,55,13,0,59,48,52,61,72,121
1,0,9,37,1,3,54,17,0,58,46,49,63,75,122
1,0,7,40,1,2,57,13,0,60,47,49,60,73,121
1,0,7,43,0,3,53,13,0,57,50,53,63,70,120
1,0,8,43,1,3,48,18,0,52,51,54,69,70,122
1,0,0,42,1,3,61,15,0,65,42,45,57,80,123
1,0,7,44,1,5,55,12,0,61,51,56,63,73,125
1,0,11,42,0,4,53,11,0,58,53,57,64,69,122
1,0,6,46,1,4,52,15,0,57,52,56,67,72,125
0,0,9,42,0,3,55,12,0,58,51,54,63,70,121
1,0,7,43,1,3,54,14,0,58,50,53,64,72,123
1,0,7,49,1,4,46,14,0,51,56,60,70,65,122
2,0,0,50,1,3,54,12,0,59,50,53,62,71,122
1,0,8,38,0,4,58,12,0,63,46,50,58,75,121
3,0,6,41,1,2,54,15,0,59,47,49,62,74,122
1,0,0,49,1,3,55,15,0,59,49,52,64,74,124
1,0,0,49,1,2,55,13,0,58,49,51,62,71,121
1,0,7,46,0,1,51,15,0,53,53,54,68,68,121
1,0,0,52,1,3,52,13,0,56,52,55,65,69,122
1,0,8,42,1,2,56,12,0,59,50,52,62,71,122
1,0,7,49,1,3,50,11,0,54,56,59,67,65,122
1,0,8,41,0,5,54,14,0,60,49,54,63,74,123
0,0,9,38,0,5,61,10,0,66,47,52,57,76,123
2,0,11,40,0,2,54,12,0,58,51,53,63,70,121
1,0,10,41,0,1,55,12,0,57,51,52,63,69,120
1,0,14,39,1,4,55,10,0,60,53,57,63,70,124
1,0,9,42,1,3,50,16,0,54,51,54,67,70,122
0,0,7,48,1,5,48,14,0,53,55,60,69,67,123
1,0,7,42,1,3,54,15,0,58,49,52,64,73,123
1,0,8,40,0,3,53,16,0,57,48,51,64,73,121
0,0,7,46,1,2,54,11,0,56,53,55,64,67,121
1,0,6,46,1,2,52,13,0,55,52,54,65,68,121
1,0,7,45,1,3,51,16,0,55,52,55,68,71,124
1,0,8,45,1,2,54,11,0,57,53,55,64,68,122
1,0,6,46,0,4,53,13,0,58,52,56,65,71,123
1,0,8,40,1,3,56,13,0,60,48,51,61,73,122
2,0,7,42,0,4,55,12,0,61,49,53,61,73,122
1,0,9,41,1,3,53,14,0,57,50,53,64,71,122
0,0,0,50,0,2,57,11,0,59,50,52,61,70,120
1,0,0,51,1,3,53,13,0,57,51,54,64,70,122
1,0,0,48,0,2,56,14,0,59,48,50,62,73,121
1,0,9,43,0,3,49,15,0,53,52,55,67,68,120
0,0,12,41,0,3,50,14,0,53,53,56,67,67,120
1,0,10,45,1,4,49,14,0,54,55,59,69,68,124
1,0,7,44,1,3,52,14,0,56,51,54,65,70,122
0,0,7,43,0,3,55,13,0,58,50,53,63,71,121
1,0,8,43,0,4,53,11,0,58,51,55,62,69,120
1,0,7,44,1,4,53,13,0,58,51,55,64,71,123
1,0,9,45,1,3,50,13,0,54,54,57,67,67,122
1,0,8,42,0,3,54,15,0,58,50,53,65,73,123
1,0,12,34,0,4,53,18,0,58,46,50,64,76,122
2,0,9,37,1,2,56,14,0,60,46,48,60,74,121
1,0,7,44,0,2,54,12,0,57,51,53,63,69,120
1,0,8,44,0,3,54,12,0,58,52,55,64,70,122
1,0,10,39,0,5,55,13,0,61,49,54,62,74,123
1,0,7,45,1,2,54,13,0,57,52,54,65,70,123
1,0,10,38,0,1,59,11,0,61,48,49,59,72,120
3,0,10,42,0,4,45,17,0,52,52,56,69,69,121
1,0,10,38,0,3,56,15,0,60,48,51,63,75,123
1,0,8,45,1,3,53,12,0,57,53,56,65,69,123
0,0,11,42,1,2,52,12,0,54,53,55,65,66,120
2,0,8,48,0,0,50,12,0,52,56,56,68,64,120
1,0,7,39,1,3,55,16,0,59,46,49,62,75,122
0,0,6,42,1,3,59,12,0,62,48,51,60,74,123
0,0,9,43,0,3,51,14,0,54,52,55,66,68,120
0,0,10,41,1,2,56,12,0,58,51,53,63,70,122
0,0,9,44,1,6,49,16,0,55,53,59,69,71,125
1,0,0,43,1,4,60,15,0,65,43,47,58,80,124
1,0,7,44,0,4,54,14,0,59,51,55,65,73,124
1,0,9,41,0,3,54,14,0,58,50,53,64,72,122
1,0,10,41,0,4,57,11,0,62,51,55,62,73,124
0,0,10,44,1,3,41,24,0,44,54,57,78,68,123
0,0,10,46,0,5,48,14,0,53,56,61,70,67,123
1,0,9,42,1,4,52,14,0,57,51,55,65,71,123
1,0,10,38,0,2,57,13,0,60,48,50,61,73,121
1,0,8,42,1,4,53,16,0,58,50,54,66,74,125
1,0,8,39,1,3,56,15,0,60,47,50,62,75,123
1,0,8,44,0,3,48,16,0,52,52,55,68,68,120
0,0,0,42,0,4,63,12,0,67,42,46,54,79,121
2,0,7,42,1,2,56,12,0,60,49,51,61,72,122
0,0,7,41,1,3,49,20,0,52,48,51,68,72,121
1,0,0,50,1,5,57,11,0,63,50,55,61,74,125
1,0,8,49,0,2,44,16,0,47,57,59,73,63,120
1,0,7,44,0,5,53,14,0,59,51,56,65,73,124
1,0,6,45,0,3,54,14,0,58,51,54,65,72,123
1,0,9,46,1,4,50,13,0,55,55,59,68,68,124
1,0,12,40,0,2,54,13,0,57,52,54,65,70,122
1,0,8,48,0,2,51,12,0,54,56,58,68,66,122
1,0,6,45,1,4,53,15,0,58,51,55,66,73,125
2,0,10,41,0,4,53,13,0,59,51,55,64,72,123
0,0,11,41,0,4,54,12,0,58,52,56,64,70,122
1,0,6,47,1,3,53,12,0,57,53,56,65,69,123
1,0,8,44,0,2,47,19,0,50,52,54,71,69,121
0,0,9,45,0,2,55,10,0,57,54,56,64,67,121
1,0,10,42,0,4,55,11,0,60,52,56,63,71,123
0,0,11,38,1,2,55,14,0,57,49,51,63,71,121
0,0,9,41,1,4,54,15,0,58,50,54,65,73,124
0,0,6,47,0,3,51,13,0,54,53,56,66,67,120
1,0,8,41,1,4,53,14,0,58,49,53,63,72,122
0,0,8,39,0,4,55,16,0,59,47,51,63,75,122
1,0,7,44,0,3,49,16,0,53,51,54,67,69,120
1,0,10,43,0,2,52,14,0,55,53,55,67,69,122
1,0,8,43,0,3,56,11,0,60,51,54,62,71,122
1,0,7,44,1,3,54,14,0,58,51,54,65,72,124
1,0,7,48,0,2,48,16,0,51,55,57,71,67,122
1,0,9,39,1,6,56,13,0,63,48,54,61,76,125
4,0,8,40,0,3,53,13,0,60,48,51,61,73,121
1,0,12,37,0,2,54,15,0,57,49,51,64,72,121
0,0,9,39,1,2,59,11,0,61,48,50,59,72,121
2,0,8,39,1,2,55,15,0,59,47,49,62,74,122
3,0,9,41,1,3,52,13,0,58,50,53,63,71,122
0,0,11,37,0,5,54,14,0,59,48,53,62,73,121
1,0,9,42,0,5,51,15,0,57,51,56,66,72,123
1,0,7,43,1,2,51,16,0,54,50,52,66,70,121
1,0,7,46,1,2,54,12,0,57,53,55,65,69,123
1,0,8,42,0,3,55,12,0,59,50,53,62,71,121
1,0,9,42,1,5,49,16,0,55,51,56,67,71,123
1,0,11,43,0,3,49,14,0,53,54,57,68,67,121
4,0,8,39,1,1,55,13,0,60,47,48,60,73,121
0,0,7,44,0,3,54,13,0,57,51,54,64,70,121
1,0,8,42,1,3,52,15,0,56,50,53,65,71,122
1,0,8,45,1,3,52,14,0,56,53,56,67,70,124
0,0,0,46,0,4,57,15,0,61,46,50,61,76,122
1,0,8,42,0,3,56,11,0,60,50,53,61,71,121
1,0,7,46,1,2,51,15,0,54,53,55,68,69,123
1,0,7,42,1,3,58,11,0,62,49,52,60,73,123
1,0,9,38,1,4,56,16,0,61,47,51,63,77,125
0,0,8,44,0,1,52,15,0,53,52,53,67,68,120
1,0,7,48,1,5,48,14,0,54,55,60,69,68,124
1,0,14,39,0,4,52,13,0,57,53,57,66,70,123
1,0,10,43,1,3,45,18,0,49,53,56,71,67,121
1,0,9,44,0,1,54,11,0,56,53,54,64,67,120
0,0,8,47,0,1,49,15,0,50,55,56,70,65,120
1,0,8,44,0,3,52,13,0,56,52,55,65,69,121
1,0,7,40,1,5,58,13,0,64,47,52,60,77,125
1,0,6,42,0,5,57,13,0,63,48,53,61,76,124
1,0,10,39,1,2,52,17,0,55,49,51,66,72,122
1,0,7,46,1,2,49,15,0,52,53,55,68,67,121
1,0,9,39,1,6,51,14,0,58,48,54,62,72,121
1,0,7,44,0,3,53,12,0,57,51,54,63,69,120
1,0,9,45,0,3,50,12,0,54,54,57,66,66,120
0,0,0,47,0,3,61,11,0,64,47,50,58,75,122
1,0,0,48,0,2,58,11,0,61,48,50,59,72,120
1,0,8,43,1,3,52,15,0,56,51,54,66,71,123
2,0,0,46,0,3,56,13,0,61,46,49,59,74,120
0,0,6,47,0,3,52,13,0,55,53,56,66,68,121
1,0,8,39,0,5,56,13,0,62,47,52,60,75,122
0,0,0,50,1,3,53,14,0,56,50,53,64,70,121
1,0,7,44,0,3,52,16,0,56,51,54,67,72,123
1,0,7,45,1,4,54,12,0,59,52,56,64,71,124
1,0,9,47,0,2,51,12,0,54,56,58,68,66,122
2,0,8,39,1,2,56,14,0,60,47,49,61,74,122
1,0,8,44,0,3,49,16,0,53,52,55,68,69,121
1,0,11,42,1,2,52,13,0,55,53,55,66,68,122
0,0,0,47,1,2,58,14,0,60,47,49,61,74,122
1,0,7,39,0,3,59,14,0,63,46,49,60,77,123
1,0,8,43,1,1,58,10,0,60,51,52,61,70,122
1,0,10,41,0,3,51,17,0,55,51,54,68,72,123
1,0,9,42,0,1,53,14,0,55,51,52,65,69,120
1,0,8,46,0,5,52,11,0,58,54,59,65,69,123
1,0,7,44,0,2,55,12,0,58,51,53,63,70,121
1,0,8,43,0,3,55,11,0,59,51,54,62,70,121
1,0,0,45,1,2,59,14,0,62,45,47,59,76,122
1,0,9,45,1,5,49,15,0,55,54,59,69,70,125
1,0,7,44,0,3,53,14,0,57,51,54,65,71,122
0,0,7,43,1,2,55,13,0,57,50,52,63,70,121
2,0,9,42,1,3,50,15,0,55,51,54,66,70,122
2,0,7,42,1,3,51,16,0,56,49,52,65,72,122
1,0,0,50,0,3,53,13,0,57,50,53,63,70,120
1,0,8,46,0,4,47,16,0,52,54,58,70,68,122
1,0,8,44,1,4,49,16,0,54,52,56,68,70,123
0,0,7,47,1,5,51,13,0,56,54,59,67,69,124
2,0,7,46,1,3,48,14,0,53,53,56,67,67,121
1,0,8,44,1,3,53,12,0,57,52,55,64,69,122
1,0,0,50,1,5,56,13,0,62,50,55,63,75,126
1,0,9,43,1,2,49,18,0,52,52,54,70,70,123
1,0,10,40,0,2,55,13,0,58,50,52,63,71,121
1,0,9,40,2,5,50,18,0,56,49,54,67,74,125
1,0,6,44,1,3,53,13,0,57,50,53,63,70,121
1,0,7,47,1,4,49,14,0,54,54,58,68,68,123
1,0,0,45,0,3,62,10,0,66,45,48,55,76,121
2,0,7,43,0,4,54,13,0,60,50,54,63,73,123
0,0,8,45,1,2,48,17,0,50,53,55,70,67,121
1,0,7,43,0,3,53,14,0,57,50,53,64,71,121
1,0,0,52,1,5,50,12,0,56,52,57,64,68,121
1,0,7,43,1,4,55,12,0,60,50,54,62,72,123
1,0,9,46,0,2,50,13,0,53,55,57,68,66,121
1,0,9,41,1,2,53,14,0,56,50,52,64,70,121
1,0,7,45,0,3,55,11,0,59,52,55,63,70,122
0,0,7,42,0,3,56,12,0,59,49,52,61,71,120
2,0,0,50,1,3,52,14,0,57,50,53,64,71,122
0,0,8,46,0,2,54,11,0,56,54,56,65,67,121
1,0,10,38,0,3,59,11,0,63,48,51,59,74,122
2,0,8,42,0,4,51,15,0,57,50,54,65,72,122
1,0,0,49,1,2,54,14,0,57,49,51,63,71,121
0,0,10,42,1,3,49,16,0,52,52,55,68,68,121
1,0,6,47,1,4,54,12,0,59,53,57,65,71,125
1,0,11,39,1,4,56,13,0,61,50,54,63,74,125
2,0,0,45,0,3,60,11,0,65,45,48,56,76,121
1,0,6,43,0,2,55,15,0,58,49,51,64,73,122
1,0,7,41,0,0,55,16,0,56,48,48,64,72,120
1,0,7,44,0,3,54,14,0,58,51,54,65,72,123
1,0,7,44,1,3,52,15,0,56,51,54,66,71,123
1,0,9,47,0,2,49,13,0,52,56,58,69,65,121
1,0,7,44,0,3,52,14,0,56,51,54,65,70,121
1,0,9,42,0,3,51,14,0,55,51,54,65,69,120
1,0,7,44,0,3,56,10,0,60,51,54,61,70,121
1,0,8,40,0,2,53,16,0,56,48,50,64,72,120
2,0,9,41,0,4,53,13,0,59,50,54,63,72,122
1,0,8,39,1,4,60,9,0,65,47,51,56,74,122
0,0,8,43,0,3,51,15,0,54,51,54,66,69,120
2,0,8,38,0,4,55,13,0,61,46,50,59,74,120
0,0,7,45,1,3,51,14,0,54,52,55,66,68,121
1,0,7,45,0,5,55,11,0,61,52,57,63,72,124
1,0,8,41,1,3,55,12,0,59,49,52,61,71,121
5,0,7,41,1,2,54,12,0,61,48,50,60,73,122
1,0,10,42,1,3,52,14,0,56,52,55,66,70,123
0,0,0,47,1,4,56,13,0,60,47,51,60,73,121
1,0,8,44,0,2,53,13,0,56,52,54,65,69,121
0,0,9,39,0,2,54,17,0,56,48,50,65,73,121
1,0,8,44,1,3,52,13,0,56,52,55,65,69,122
0,0,9,43,0,3,53,14,0,56,52,55,66,70,122
1,0,7,38,0,3,60,12,0,64,45,48,57,76,121
1,0,0,47,0,3,55,16,0,59,47,50,63,75,122
2,0,8,42,1,3,55,11,0,60,50,53,61,71,122
0,0,8,40,1,3,58,12,0,61,48,51,60,73,122
0,0,9,40,0,4,54,15,0,58,49,53,64,73,122
0,0,8,40,1,3,55,14,0,58,48,51,62,72,121
1,0,11,41,1,3,56,9,0,60,52,55,61,69,122
0,0,7,45,1,5,50,14,0,55,52,57,66,69,122
0,0,9,43,0,5,54,12,0,59,52,57,64,71,123
1,0,0,46,1,1,62,11,0,64,46,47,57,75,122
0,0,8,47,1,4,47,15,0,51,55,59,70,66,122
1,0,9,42,0,3,54,13,0,58,51,54,64,71,122
2,0,0,52,0,4,50,12,0,56,52,56,64,68,120
0,0,8,43,0,3,51,15,0,54,51,54,66,69,120
0,0,8,43,0,5,53,14,0,58,51,56,65,72,123
0,0,7,44,0,3,54,13,0,57,51,54,64,70,121
1,0,8,43,0,2,54,13,0,57,51,53,64,70,121
1,0,9,42,0,2,55,12,0,58,51,53,63,70,121
1,0,7,41,0,4,57,14,0,62,48,52,62,76,124
1,0,9,43,0,2,52,15,0,55,52,54,67,70,122
1,0,7,44,1,3,54,13,0,58,51,54,64,71,123
0,0,8,46,0,5,50,14,0,55,54,59,68,69,123
1,0,8,45,0,3,53,12,0,57,53,56,65,69,122
1,0,7,43,0,3,54,13,0,58,50,53,63,71,121
1,0,0,52,1,3,54,12,0,58,52,55,64,70,123
1,0,9,43,0,5,51,15,0,57,52,57,67,72,124
2,0,9,37,1,2,54,16,0,58,46,48,62,74,121
0,0,0,50,1,3,57,11,0,60,50,53,61,71,122
1,0,8,39,0,4,57,12,0,62,47,51,59,74,121
1,0,11,39,1,4,55,13,0,60,50,54,63,73,124
1,0,8,43,1,1,49,18,0,51,51,52,69,69,121
1,0,8,40,2,2,55,13,0,58,48,50,61,71,121
1,0,6,44,0,4,50,18,0,55,50,54,68,73,123
1,0,8,42,1,5,51,17,0,57,50,55,67,74,125
1,0,7,49,1,1,45,17,0,47,56,57,73,64,121
1,0,0,46,1,2,57,14,0,60,46,48,60,74,121
2,0,8,42,1,2,53,13,0,57,50,52,63,70,121
1,0,7,42,1,3,56,13,0,60,49,52,62,73,123
1,0,7,42,0,3,55,14,0,59,49,52,63,73,122
1,0,8,39,1,4,56,16,0,61,47,51,63,77,125
1,0,6,47,1,3,52,13,0,56,53,56,66,69,123
1,0,7,45,1,5,53,13,0,59,52,57,65,72,125
1,0,8,42,1,3,54,14,0,58,50,53,64,72,123
0,0,10,39,1,2,54,15,0,56,49,51,64,71,121
1,0,6,44,0,4,55,13,0,60,50,54,63,73,123
1,0,10,41,1,4,52,16,0,57,51,55,67,73,125
2,0,7,41,1,2,56,12,0,60,48,50,60,72,121
1,0,7,46,0,2,51,13,0,54,53,55,66,67,120
1,0,7,49,1,3,51,12,0,55,56,59,68,67,124
1,0,8,47,0,4,48,14,0,53,55,59,69,67,122
1,0,9,44,1,4,53,11,0,58,53,57,64,69,123
1,0,8,42,0,2,53,16,0,56,50,52,66,72,122
2,0,9,40,0,4,59,9,0,65,49,53,58,74,123
1,0,9,43,0,2,50,16,0,53,52,54,68,69,121
1,0,9,45,1,6,50,13,0,57,54,60,67,70,125
1,0,7,45,0,2,54,12,0,57,52,54,64,69,121
0,0,8,44,0,4,52,13,0,56,52,56,65,69,121
0,0,8,46,0,4,47,17,0,51,54,58,71,68,122
1,0,8,41,0,3,55,14,0,59,49,52,63,73,122
1,0,7,44,1,2,50,17,0,53,51,53,68,70,122
1,0,0,49,1,4,56,13,0,61,49,53,62,74,124
1,0,9,42,0,4,54,13,0,59,51,55,64,72,123
1,0,10,41,1,2,51,16,0,54,51,53,67,70,122
0,0,7,42,1,2,56,13,0,58,49,51,62,71,121
0,0,8,41,1,5,58,10,0,63,49,54,59,73,123
2,0,8,42,0,3,54,12,0,59,50,53,62,71,121
1,0,9,43,0,4,53,11,0,58,52,56,63,69,121
0,0,8,44,1,2,51,16,0,53,52,54,68,69,122
1,0,8,43,0,3,50,18,0,54,51,54,69,72,123
1,0,7,44,1,4,55,13,0,60,51,55,64,73,125
0,0,0,46,1,3,56,17,0,59,46,49,63,76,123
2,0,7,43,1,2,51,15,0,55,50,52,65,70,121
0,0,8,43,1,4,49,18,0,53,51,55,69,71,123
2,0,11,38,1,4,54,13,0,60,49,53,62,73,123
1,0,0,47,0,4,59,13,0,64,47,51,60,77,124
1,0,7,43,0,3,52,15,0,56,50,53,65,71,121
1,0,9,38,1,5,58,13,0,64,47,52,60,77,125
1,0,10,37,0,4,61,10,0,66,47,51,57,76,123
0,0,10,42,1,3,52,15,0,55,52,55,67,70,123
0,0,7,49,1,3,45,16,0,48,56,59,72,64,121
1,0,9,43,0,4,51,15,0,56,52,56,67,71,123
0,0,8,41,0,2,57,12,0,59,49,51,61,71,120
1,0,9,38,0,3,59,12,0,63,47,50,59,75,122
1,0,0,45,0,4,58,16,0,63,45,49,61,79,124
1,0,6,45,0,0,55,13,0,56,51,51,64,69,120
1,0,7,43,0,3,54,15,0,58,50,53,65,73,123
1,0,7,45,0,3,53,13,0,57,52,55,65,70,122
1,0,8,42,1,4,55,12,0,60,50,54,62,72,123
0,0,9,42,0,4,54,14,0,58,51,55,65,72,123
1,0,8,40,1,2,59,11,0,62,48,50,59,73,122
1,0,9,43,0,4,53,13,0,58,52,56,65,71,123
1,0,7,44,1,3,51,14,0,55,51,54,65,69,121
0,0,11,39,0,2,51,18,0,53,50,52,68,71,121
1,0,0,43,0,3,59,14,0,63,43,46,57,77,120
2,0,9,43,0,5,49,12,0,56,52,57,64,68,120
1,0,8,45,0,3,56,10,0,60,53,56,63,70,123
1,0,11,37,1,1,52,18,0,54,48,49,66,72,121
0,0,10,38,0,3,50,20,0,53,48,51,68,73,121
1,0,0,50,0,2,56,12,0,59,50,52,62,71,121
1,0,0,46,1,3,57,14,0,61,46,49,60,75,122
1,0,6,48,0,4,51,13,0,56,54,58,67,69,123
1,0,9,43,0,4,51,14,0,56,52,56,66,70,122
1,0,9,42,0,5,55,12,0,61,51,56,63,73,124
1,0,8,43,1,3,51,15,0,55,51,54,66,70,122
1,0,9,40,0,3,50,17,0,54,49,52,66,71,120
1,0,9,42,0,5,52,11,0,58,51,56,62,69,120
0,0,7,42,0,4,57,13,0,61,49,53,62,74,123
1,0,6,44,0,0,56,13,0,57,50,50,63,70,120
1,0,8,43,0,3,58,10,0,62,51,54,61,72,123
1,0,9,41,0,3,54,13,0,58,50,53,63,71,121
1,0,10,40,0,3,50,17,0,54,50,53,67,71,121
1,0,8,47,1,4,52,12,0,57,55,59,67,69,125
0,0,8,40,0,3,56,13,0,59,48,51,61,72,120
1,0,15,40,1,2,53,10,0,56,55,57,65,66,122
1,0,6,45,0,3,53,12,0,57,51,54,63,69,120
1,0,7,46,1,3,49,15,0,53,53,56,68,68,122
1,0,8,43,0,2,51,15,0,54,51,53,66,69,120
1,0,10,42,1,3,48,15,0,52,52,55,67,67,120
1,0,6,41,0,3,54,17,0,58,47,50,64,75,122
1,0,6,47,1,2,53,13,0,56,53,55,66,69,123
1,0,8,45,0,3,51,14,0,55,53,56,67,69,122
1,0,10,39,0,3,54,13,0,58,49,52,62,71,120
1,0,8,45,0,4,49,16,0,54,53,57,69,70,123
1,0,9,40,1,3,57,13,0,61,49,52,62,74,124
2,0,10,39,1,3,57,11,0,62,49,52,60,73,123
1,0,7,42,1,3,52,16,0,56,49,52,65,72,122
1,0,6,45,1,4,54,14,0,59,51,55,65,73,125
1,0,9,42,0,4,49,16,0,54,51,55,67,70,121
1,0,7,44,0,2,55,12,0,58,51,53,63,70,121
1,0,9,44,0,3,48,17,0,52,53,56,70,69,122
1,0,7,42,1,2,56,12,0,59,49,51,61,71,121
4,0,10,39,1,4,53,13,0,61,49,53,62,74,124
2,0,8,38,0,2,56,15,0,60,46,48,61,75,121
2,0,11,35,0,3,51,19,0,56,46,49,65,75,121
1,0,11,42,0,4,51,14,0,56,53,57,67,70,123
1,0,9,44,0,4,51,14,0,56,53,57,67,70,123
1,0,8,45,1,2,48,17,0,51,53,55,70,68,122
1,0,8,46,0,4,51,14,0,56,54,58,68,70,124
1,0,8,44,0,4,53,12,0,58,52,56,64,70,122
0,0,9,45,1,4,51,14,0,55,54,58,68,69,124
1,0,8,41,1,1,52,16,0,54,49,50,65,70,120
1,0,8,40,1,4,56,11,0,61,48,52,59,72,121
0,0,0,47,0,1,58,14,0,59,47,48,61,73,120
1,0,9,44,0,3,51,13,0,55,53,56,66,68,121
1,0,8,43,1,2,49,18,0,52,51,53,69,70,122
1,0,8,46,0,3,53,10,0,57,54,57,64,67,121
1,0,7,44,0,2,54,13,0,57,51,53,64,70,121
1,0,11,37,0,5,56,14,0,62,48,53,62,76,124
1,0,6,42,1,3,58,12,0,62,48,51,60,74,123
1,0,8,46,0,4,45,17,0,50,54,58,71,67,121
1,0,8,44,1,3,52,14,0,56,52,55,66,70,123
0,0,9,40,0,2,57,13,0,59,49,51,62,72,121
1,0,8,43,1,3,55,11,0,59,51,54,62,70,122
1,0,8,44,1,4,55,11,0,60,52,56,63,71,124
1,0,9,41,0,3,53,15,0,57,50,53,65,72,122
1,0,8,50,0,4,50,10,0,55,58,62,68,65,123
0,0,0,49,0,3,59,11,0,62,49,52,60,73,122
1,0,8,42,0,4,51,15,0,56,50,54,65,71,121
1,0,7,42,0,3,52,16,0,56,49,52,65,72,121
1,0,7,41,0,2,59,12,0,62,48,50,60,74,122
1,0,10,42,1,6,46,14,0,53,52,58,66,67,120
2,0,9,41,0,2,54,12,0,58,50,52,62,70,120
1,0,7,42,1,4,53,15,0,58,49,53,64,73,123
1,0,0,43,0,4,59,15,0,64,43,47,58,79,122
0,0,10,40,1,4,56,12,0,60,50,54,62,72,123
1,0,9,43,0,3,53,11,0,57,52,55,63,68,120
1,0,8,44,1,2,54,12,0,57,52,54,64,69,122
2,0,8,42,1,4,52,14,0,58,50,54,64,72,123
1,0,12,39,1,3,51,14,0,55,51,54,65,69,121
1,0,8,43,1,3,52,15,0,56,51,54,66,71,123
1,0,10,36,0,3,52,18,0,56,46,49,64,74,120
1,0,10,38,0,3,57,12,0,61,48,51,60,73,121
1,0,12,36,1,3,57,11,0,61,48,51,59,72,121
1,0,11,40,1,5,46,20,0,52,51,56,71,72,124
1,0,11,40,1,2,52,16,0,55,51,53,67,71,123
1,0,7,50,0,3,47,14,0,51,57,60,71,65,122
1,0,7,42,0,4,55,14,0,60,49,53,63,74,123
1,0,8,46,0,2,49,14,0,52,54,56,68,66,120
0,0,8,41,0,6,60,8,0,66,49,55,57,74,123
1,0,6,44,0,2,54,15,0,57,50,52,65,72,122
2,0,0,43,0,3,58,14,0,63,43,46,57,77,120
1,0,7,44,0,4,53,13,0,58,51,55,64,71,122
1,0,12,39,0,3,54,13,0,58,51,54,64,71,122
0,0,9,39,1,3,53,16,0,56,48,51,64,72,121
1,0,7,48,1,3,50,14,0,54,55,58,69,68,124
1,0,8,47,1,3,47,15,0,51,55,58,70,66,122
1,0,8,43,1,5,57,11,0,63,51,56,62,74,126
0,0,0,43,0,3,60,14,0,63,43,46,57,77,120
0,0,7,45,1,5,48,15,0,53,52,57,67,68,121
1,0,8,43,0,3,57,10,0,61,51,54,61,71,122
0,0,10,38,0,4,51,18,0,55,48,52,66,73,121
1,0,7,44,0,4,51,17,0,56,51,55,68,73,124
1,0,12,40,1,3,49,17,0,53,52,55,69,70,123
0,0,8,40,0,4,59,10,0,63,48,52,58,73,121
1,0,12,33,0,2,56,16,0,59,45,47,61,75,120
1,0,11,42,0,4,51,14,0,56,53,57,67,70,123
0,0,7,45,1,5,51,16,0,56,52,57,68,72,125
0,0,8,43,0,4,52,16,0,56,51,55,67,72,123
1,0,7,45,1,4,48,17,0,53,52,56,69,70,123
1,0,7,46,0,2,53,13,0,56,53,55,66,69,122
1,0,9,41,0,2,57,12,0,60,50,52,62,72,122
1,0,9,41,1,4,54,13,0,59,50,54,63,72,123
1,0,8,42,1,5,55,13,0,61,50,55,63,74,125
1,0,7,42,0,2,54,15,0,57,49,51,64,72,121
1,0,8,39,0,2,59,12,0,62,47,49,59,74,121
1,0,8,43,0,3,52,15,0,56,51,54,66,71,122
1,0,0,52,1,2,54,12,0,57,52,54,64,69,122
1,0,7,43,1,5,54,14,0,60,50,55,64,74,125
1,0,8,43,0,1,53,15,0,55,51,52,66,70,121
1,0,9,42,1,3,50,15,0,54,51,54,66,69,121
1,0,9,40,0,5,51,14,0,57,49,54,63,71,120
6,0,8,38,1,2,53,14,0,61,46,48,60,75,122
1,0,6,48,0,3,50,14,0,54,54,57,68,68,122
1,0,10,37,1,4,53,17,0,58,47,51,64,75,123
1,0,9,39,0,2,54,16,0,57,48,50,64,73,121
0,0,7,45,1,2,53,13,0,55,52,54,65,68,121
1,0,7,39,0,2,53,19,0,56,46,48,65,75,121
0,0,9,40,0,3,59,10,0,62,49,52,59,72,121
1,0,8,45,0,5,49,15,0,55,53,58,68,70,123
2,0,11,39,0,4,54,12,0,60,50,54,62,72,122
1,0,8,44,1,4,51,14,0,56,52,56,66,70,123
1,0,8,42,0,2,53,14,0,56,50,52,64,70,120
1,0,7,46,0,1,49,16,0,51,53,54,69,67,120
2,0,7,43,1,3,54,11,0,59,50,53,61,70,121
0,0,6,47,1,3,54,11,0,57,53,56,64,68,122
0,0,9,44,1,2,52,13,0,54,53,55,66,67,121
1,0,9,38,0,3,56,15,0,60,47,50,62,75,122
1,0,0,55,1,3,51,11,0,55,55,58,66,66,122
2,0,8,40,1,2,55,14,0,59,48,50,62,73,122
0,0,11,44,1,2,49,14,0,51,55,57,69,65,121
1,0,8,41,0,5,54,14,0,60,49,54,63,74,123
1,0,7,46,0,3,52,13,0,56,53,56,66,69,122
1,0,8,41,0,4,53,13,0,58,49,53,62,71,120
1,0,8,42,1,3,57,10,0,61,50,53,60,71,122
0,0,9,40,0,3,56,14,0,59,49,52,63,73,122
0,0,6,46,0,4,56,11,0,60,52,56,63,71,123
0,0,8,42,0,2,54,15,0,56,50,52,65,71,121
1,0,9,42,1,1,51,15,0,53,51,52,66,68,120
1,0,8,42,1,4,51,14,0,56,50,54,64,70,121
0,0,7,47,1,3,51,13,0,54,54,57,67,67,122
2,0,9,41,1,2,53,14,0,57,50,52,64,71,122
1,0,10,41,1,3,51,15,0,55,51,54,66,70,122
1,0,6,42,0,2,55,14,0,58,48,50,62,72,120
1,0,11,40,0,3,52,14,0,56,51,54,65,70,121
1,0,8,38,0,3,58,13,0,62,46,49,59,75,121
1,0,6,43,1,3,56,14,0,60,49,52,63,74,124
1,0,0,45,0,2,60,12,0,63,45,47,57,75,120
3,0,8,41,0,5,56,11,0,64,49,54,60,75,124
1,0,8,47,1,5,48,16,0,54,55,60,71,70,126
4,0,9,38,1,4,53,13,0,61,47,51,60,74,122
1,0,7,45,1,3,51,16,0,55,52,55,68,71,124
1,0,7,43,1,3,52,14,0,56,50,53,64,70,121
1,0,9,40,0,2,51,18,0,54,49,51,67,72,121
1,0,9,40,1,3,58,10,0,62,49,52,59,72,122
1,0,8,43,1,2,56,11,0,59,51,53,62,70,122
1,0,7,46,1,3,51,14,0,55,53,56,67,69,123
1,0,6,46,0,4,51,15,0,56,52,56,67,71,123
1,0,0,50,1,4,57,9,0,62,50,54,59,71,122
2,0,8,36,1,2,57,15,0,61,44,46,59,76,121
0,0,10,39,1,3,54,13,0,57,49,52,62,70,120
1,0,9,41,0,3,51,17,0,55,50,53,67,72,122
0,0,8,43,0,0,55,14,0,55,51,51,65,69,120
9,0,9,38,1,3,51,12,0,63,47,50,59,75,123
1,0,8,39,0,5,56,14,0,62,47,52,61,76,123
1,0,9,41,0,2,56,12,0,59,50,52,62,71,121
1,0,8,38,1,2,56,16,0,59,46,48,62,75,122
1,0,10,40,1,3,54,13,0,58,50,53,63,71,122
1,0,0,52,0,3,50,15,0,54,52,55,67,69,121
1,0,8,43,1,4,52,14,0,57,51,55,65,71,123
1,0,9,46,1,4,50,13,0,55,55,59,68,68,124
1,0,8,45,1,3,51,13,0,55,53,56,66,68,122
1,0,9,38,1,2,55,16,0,58,47,49,63,74,122
1,0,8,43,0,0,55,13,0,56,51,51,64,69,120
1,0,0,48,1,2,57,12,0,60,48,50,60,72,121
0,0,7,50,1,3,48,14,0,51,57,60,71,65,123
1,0,7,44,0,5,54,14,0,60,51,56,65,74,125
1,0,9,38,1,4,57,12,0,62,47,51,59,74,122
0,0,8,45,1,3,52,13,0,55,53,56,66,68,122
1,0,8,42,0,3,49,18,0,53,50,53,68,71,121
1,0,6,50,1,5,50,12,0,56,56,61,68,68,125
1,0,8,39,1,4,56,14,0,61,47,51,61,75,123
1,0,7,41,0,3,54,14,0,58,48,51,62,72,120
0,0,8,45,0,4,54,11,0,58,53,57,64,69,122
1,0,8,44,1,2,51,15,0,54,52,54,67,69,122
1,0,0,44,1,3,58,16,0,62,44,47,60,78,123
0,0,8,45,1,3,51,15,0,54,53,56,68,69,123
1,0,0,52,1,4,52,13,0,57,52,56,65,70,123
1,0,11,41,1,5,52,13,0,58,52,57,65,71,124
0,0,0,49,1,5,54,14,0,59,49,54,63,73,123
1,0,7,48,1,3,48,16,0,52,55,58,71,68,124
0,0,11,40,1,2,55,12,0,57,51,53,63,69,121
1,0,6,48,1,2,50,14,0,53,54,56,68,67,122
1,0,7,42,0,2,54,14,0,57,49,51,63,71,120
0,0,9,46,0,0,53,12,0,53,55,55,67,65,120
2,0,9,45,0,3,52,10,0,57,54,57,64,67,121
0,0,7,49,0,2,50,12,0,52,56,58,68,64,120
1,0,9,39,1,5,55,12,0,61,48,53,60,73,122
3,0,7,40,0,4,52,15,0,59,47,51,62,74,121
1,0,6,47,0,2,53,13,0,56,53,55,66,69,122
1,0,8,39,0,5,58,11,0,64,47,52,58,75,122
1,0,7,42,1,3,51,16,0,55,49,52,65,71,121
1,0,7,45,1,3,52,15,0,56,52,55,67,71,124
1,0,0,43,1,4,57,17,0,62,43,47,60,79,123
0,0,11,38,0,3,56,12,0,59,49,52,61,71,120
3,0,8,40,1,3,52,15,0,58,48,51,63,73,122
3,0,6,44,1,2,52,13,0,57,50,52,63,70,121
1,0,9,42,1,3,52,16,0,56,51,54,67,72,124
1,0,9,48,0,4,46,12,0,51,57,61,69,63,120
1,0,0,47,0,5,55,15,0,61,47,52,62,76,123
1,0,9,40,0,3,57,12,0,61,49,52,61,73,122
1,0,8,46,1,2,54,9,0,57,54,56,63,66,121
1,0,11,42,0,6,55,8,0,62,53,59,61,70,123
1,0,7,41,1,1,57,12,0,59,48,49,60,71,120
2,0,12,36,1,3,56,13,0,61,48,51,61,74,123
1,0,8,39,1,4,58,14,0,63,47,51,61,77,125
1,0,7,43,0,2,57,11,0,60,50,52,61,71,121
1,0,0,43,0,4,59,17,0,64,43,47,60,81,124
1,0,8,46,1,3,48,14,0,52,54,57,68,66,121
1,0,9,43,1,2,53,13,0,56,52,54,65,69,122
1,0,6,41,0,5,57,13,0,63,47,52,60,76,123
1,0,6,40,1,4,52,17,0,57,46,50,63,74,121
1,0,6,45,1,4,52,13,0,57,51,55,64,70,122
0,0,8,44,0,2,53,14,0,55,52,54,66,69,121
1,0,8,40,1,3,52,17,0,56,48,51,65,73,122
1,0,0,52,0,3,52,15,0,56,52,55,67,71,123
2,0,9,39,1,3,55,13,0,60,48,51,61,73,122
1,0,8,46,1,5,54,10,0,60,54,59,64,70,125
0,0,13,35,0,3,55,15,0,58,48,51,63,73,121
0,0,7,41,1,4,54,15,0,58,48,52,63,73,122
1,0,10,44,1,4,51,13,0,56,54,58,67,69,124
1,0,8,42,1,2,55,13,0,58,50,52,63,71,122
1,0,9,43,0,3,52,13,0,56,52,55,65,69,121
1,0,8,49,1,2,49,13,0,52,57,59,70,65,123
0,0,11,37,0,1,54,17,0,55,48,49,65,72,120
1,0,0,55,0,4,51,11,0,56,55,59,66,67,122
0,0,9,43,1,2,49,16,0,51,52,54,68,67,120
1,0,7,46,1,2,56,8,0,59,53,55,61,67,121
1,0,9,43,1,2,51,16,0,54,52,54,68,70,123
1,0,7,47,1,2,50,15,0,53,54,56,69,68,123
1,0,10,41,1,2,57,10,0,60,51,53,61,70,122
1,0,11,41,1,4,46,18,0,51,52,56,70,69,122
2,0,6,42,0,4,58,11,0,64,48,52,59,75,123
1,0,9,42,1,4,54,12,0,59,51,55,63,71,123
1,0,6,46,1,5,50,16,0,56,52,57,68,72,125
0,0,7,49,0,4,49,11,0,53,56,60,67,64,120
1,0,8,47,0,3,51,13,0,55,55,58,68,68,123
1,0,6,49,0,3,48,14,0,52,55,58,69,66,121
0,0,8,46,0,2,51,13,0,53,54,56,67,66,120
0,0,8,44,0,2,54,12,0,56,52,54,64,68,120
0,0,8,42,1,2,56,13,0,58,50,52,63,71,122
1,0,7,43,1,3,54,14,0,58,50,53,64,72,123
2,0,9,41,1,3,54,12,0,59,50,53,62,71,122
1,0,8,46,0,3,51,12,0,55,54,57,66,67,121
1,0,10,40,1,1,56,12,0,58,50,51,62,70,121
1,0,6,42,0,5,54,12,0,60,48,53,60,72,120
0,0,8,41,0,3,56,14,0,59,49,52,63,73,122
3,0,11,43,2,3,44,15,0,50,54,57,69,65,121
1,0,0,43,1,3,62,14,0,66,43,46,57,80,124
4,0,8,39,0,3,57,10,0,64,47,50,57,74,121
1,0,10,41,1,5,49,14,0,55,51,56,65,69,121
1,0,0,49,1,6,50,14,0,57,49,55,63,71,121
0,0,9,43,1,4,54,13,0,58,52,56,65,71,124
6,0,8,39,1,2,53,11,0,61,47,49,58,72,120
1,0,10,42,0,3,51,15,0,55,52,55,67,70,122
1,0,0,54,0,3,52,12,0,56,54,57,66,68,122
0,0,8,47,1,4,49,14,0,53,55,59,69,67,123
1,0,7,46,0,4,52,13,0,57,53,57,66,70,123
1,0,12,37,1,2,49,18,0,52,49,51,67,70,120
1,0,6,44,0,3,55,12,0,59,50,53,62,71,121
1,0,11,39,0,5,55,13,0,61,50,55,63,74,124
1,0,10,45,1,5,50,13,0,56,55,60,68,69,125
0,0,8,43,1,3,57,11,0,60,51,54,62,71,123
0,0,7,44,1,3,56,11,0,59,51,54,62,70,122
0,0,6,46,0,3,54,12,0,57,52,55,64,69,121
1,0,10,39,1,2,53,15,0,56,49,51,64,71,121
0,0,9,42,0,2,52,15,0,54,51,53,66,69,120
0,0,11,44,0,3,48,15,0,51,55,58,70,66,121
2,0,0,44,1,3,59,14,0,64,44,47,58,78,123
0,0,0,45,0,4,61,13,0,65,45,49,58,78,123
1,0,7,45,0,2,52,14,0,55,52,54,66,69,121
2,0,8,41,1,2,53,15,0,57,49,51,64,72,122
1,0,6,43,0,2,55,14,0,58,49,51,63,72,121
2,0,7,44,0,2,52,14,0,56,51,53,65,70,121
2,0,7,41,0,4,61,8,0,67,48,52,56,75,123
0,0,9,44,1,2,55,11,0,57,53,55,64,68,122
1,0,9,41,1,2,52,16,0,55,50,52,66,71,122
1,0,7,43,1,5,56,11,0,62,50,55,61,73,124
1,0,10,35,1,3,57,14,0,61,45,48,59,75,121
0,0,8,44,0,2,52,14,0,54,52,54,66,68,120
1,0,9,44,1,2,53,11,0,56,53,55,64,67,121
1,0,12,40,0,4,52,14,0,57,52,56,66,71,123
1,0,7,49,0,5,54,10,0,60,56,61,66,70,126
1,0,0,48,0,3,58,12,0,62,48,51,60,74,122
1,0,7,39,0,2,59,13,0,62,46,48,59,75,121
0,0,10,39,1,2,59,10,0,61,49,51,59,71,121
1,0,8,47,1,4,48,13,0,53,55,59,68,66,122
1,0,7,42,0,2,53,15,0,56,49,51,64,71,120
0,0,0,49,1,4,51,16,0,55,49,53,65,71,121
1,0,9,43,1,4,54,9,0,59,52,56,61,68,121
1,0,0,48,0,4,53,17,0,58,48,52,65,75,123
1,0,6,46,1,1,55,12,0,57,52,53,64,69,122
4,0,11,37,1,3,57,10,0,64,48,51,58,74,123
1,0,7,44,1,2,57,9,0,60,51,53,60,69,121
2,0,7,47,1,2,51,11,0,55,54,56,65,66,121
0,0,7,46,1,3,50,15,0,53,53,56,68,68,122
1,0,11,42,1,2,50,15,0,53,53,55,68,68,122
0,0,9,41,0,2,52,16,0,54,50,52,66,70,120
2,0,8,45,1,0,52,13,0,54,53,53,66,67,121
1,0,6,49,1,4,49,14,0,54,55,59,69,68,124
0,0,8,45,0,2,53,12,0,55,53,55,65,67,120
0,0,6,48,1,1,51,14,0,52,54,55,68,66,121
1,0,7,46,1,3,53,12,0,57,53,56,65,69,123
1,0,0,47,1,4,58,12,0,63,47,51,59,75,123
1,0,9,42,0,2,51,17,0,54,51,53,68,71,122
1,0,8,44,0,2,53,12,0,56,52,54,64,68,120
1,0,8,43,0,3,54,14,0,58,51,54,65,72,123
1,0,10,42,1,2,52,15,0,55,52,54,67,70,123
1,0,6,48,1,2,50,13,0,53,54,56,67,66,121
0,0,7,45,1,4,55,12,0,59,52,56,64,71,124
1,0,7,46,0,3,54,10,0,58,53,56,63,68,121
0,0,7,39,0,3,60,12,0,63,46,49,58,75,121
1,0,9,42,1,2,51,15,0,54,51,53,66,69,121
1,0,10,44,1,4,54,10,0,59,54,58,64,69,124
0,0,10,43,0,4,53,13,0,57,53,57,66,70,123
1,0,11,43,1,3,50,13,0,54,54,57,67,67,122
1,0,6,46,0,2,55,11,0,58,52,54,63,69,121
0,0,9,45,1,2,51,13,0,53,54,56,67,66,121
1,0,8,41,1,4,53,16,0,58,49,53,65,74,124
0,0,8,45,0,3,52,13,0,55,53,56,66,68,121
1,0,6,41,0,2,61,11,0,64,47,49,58,75,122
1,0,7,48,0,2,49,14,0,52,55,57,69,66,121
1,0,7,48,0,3,52,11,0,56,55,58,66,67,122
0,0,0,48,0,4,54,17,0,58,48,52,65,75,123
1,0,9,42,0,2,54,14,0,57,51,53,65,71,122
5,0,6,41,1,2,55,11,0,62,47,49,58,73,121
1,0,10,41,1,3,52,15,0,56,51,54,66,71,123
1,0,10,40,1,2,55,13,0,58,50,52,63,71,122
1,0,7,42,0,3,56,11,0,60,49,52,60,71,120
1,0,8,42,0,5,57,10,0,63,50,55,60,73,123
1,0,6,48,0,1,54,10,0,56,54,55,64,66,120
1,0,8,40,1,3,55,14,0,59,48,51,62,73,122
1,0,7,44,1,4,52,14,0,57,51,55,65,71,123
1,0,9,38,1,3,53,16,0,57,47,50,63,73,121
1,0,0,50,0,3,56,11,0,60,50,53,61,71,121
1,0,8,38,1,3,57,15,0,61,46,49,61,76,123
1,0,8,39,1,4,52,17,0,57,47,51,64,74,122
1,0,9,43,0,4,54,12,0,59,52,56,64,71,123
2,0,7,44,0,3,55,11,0,60,51,54,62,71,122
1,0,7,47,1,2,47,16,0,50,54,56,70,66,121
1,0,9,40,0,5,55,14,0,61,49,54,63,75,124
0,0,6,47,0,4,52,13,0,56,53,57,66,69,122
1,0,8,44,0,2,54,13,0,57,52,54,65,70,122
1,0,7,45,1,4,53,14,0,58,52,56,66,72,125
1,0,11,37,0,3,55,13,0,59,48,51,61,72,120
1,0,10,40,0,2,55,12,0,58,50,52,62,70,120
2,0,12,36,0,4,57,11,0,63,48,52,59,74,122
1,0,8,41,1,4,54,12,0,59,49,53,61,71,121
0,0,9,42,0,5,53,15,0,58,51,56,66,73,124
1,0,8,41,0,1,57,12,0,59,49,50,61,71,120
1,0,9,41,0,3,51,18,0,55,50,53,68,73,123
1,0,8,44,1,6,52,12,0,59,52,58,64,71,124
2,0,11,43,1,3,47,14,0,52,54,57,68,66,121
1,0,7,44,0,5,55,13,0,61,51,56,64,74,125
1,0,8,42,1,3,54,13,0,58,50,53,63,71,122
0,0,8,42,0,2,53,16,0,55,50,52,66,71,121
1,0,9,43,1,3,52,15,0,56,52,55,67,71,124
1,0,7,46,0,2,51,13,0,54,53,55,66,67,120
2,0,11,35,1,4,57,14,0,63,46,50,60,77,124
1,0,7,44,1,2,55,11,0,58,51,53,62,69,121
1,0,10,42,1,3,50,16,0,54,52,55,68,70,123
1,0,9,43,1,2,54,11,0,57,52,54,63,68,121
1,0,8,44,0,2,47,20,0,50,52,54,72,70,122
1,0,8,43,1,3,51,15,0,55,51,54,66,70,122
1,0,7,47,1,3,51,13,0,55,54,57,67,68,123
1,0,7,44,1,3,53,15,0,57,51,54,66,72,124
0,0,6,42,0,3,53,16,0,56,48,51,64,72,120
0,0,11,44,0,0,47,18,0,47,55,55,73,65,120
1,0,11,36,0,5,58,13,0,64,47,52,60,77,124
1,0,7,42,1,3,56,12,0,60,49,52,61,72,122
1,0,10,39,1,3,53,15,0,57,49,52,64,72,122
4,0,12,39,1,0,54,11,0,58,51,51,62,69,121
1,0,8,43,0,1,53,15,0,55,51,52,66,70,121
1,0,7,43,0,4,53,15,0,58,50,54,65,73,123
0,0,10,41,1,2,53,14,0,55,51,53,65,69,121
1,0,7,45,1,4,52,13,0,57,52,56,65,70,123
1,0,0,53,0,2,53,12,0,56,53,55,65,68,121
3,0,0,46,0,2,59,10,0,64,46,48,56,74,120
1,0,10,41,2,4,50,15,0,55,51,55,66,70,123
1,0,7,41,1,4,55,15,0,60,48,52,63,75,124
1,0,10,44,1,4,51,14,0,56,54,58,68,70,125
1,0,7,47,0,4,53,11,0,58,54,58,65,69,123
1,0,0,44,1,1,55,19,0,57,44,45,63,76,121
1,0,8,44,1,6,53,10,0,60,52,58,62,70,123
1,0,0,51,0,4,53,11,0,58,51,55,62,69,120
0,0,0,48,1,4,57,13,0,61,48,52,61,74,123
1,0,7,47,1,3,53,11,0,57,54,57,65,68,123
0,0,8,39,0,3,56,16,0,59,47,50,63,75,122
2,0,9,39,0,3,53,15,0,58,48,51,63,73,121
0,0,11,43,1,2,52,12,0,54,54,56,66,66,121
2,0,6,44,1,5,53,13,0,60,50,55,63,73,124
0,0,8,39,1,4,56,16,0,60,47,51,63,76,124
0,0,8,43,0,3,53,14,0,56,51,54,65,70,121
0,0,8,41,1,6,57,13,0,63,49,55,62,76,126
0,0,8,43,0,2,53,14,0,55,51,53,65,69,120
1,0,7,47,1,4,50,14,0,55,54,58,68,69,124
1,0,9,39,0,2,52,18,0,55,48,50,66,73,121
1,0,9,39,0,3,57,12,0,61,48,51,60,73,121
0,0,7,46,0,4,52,14,0,56,53,57,67,70,123
0,0,10,44,0,4,51,13,0,55,54,58,67,68,122
1,0,0,50,0,4,51,16,0,56,50,54,66,72,122
1,0,9,42,2,2,49,15,0,52,51,53,66,67,120
2,0,11,36,1,2,59,10,0,63,47,49,57,73,121
0,0,0,49,1,4,53,14,0,57,49,53,63,71,121
1,0,0,48,0,5,59,11,0,65,48,53,59,76,124
1,0,8,44,0,2,52,15,0,55,52,54,67,70,122
4,0,10,36,0,3,55,12,0,62,46,49,58,74,120
0,0,8,43,1,4,49,17,0,53,51,55,68,70,122
1,0,8,41,0,2,50,20,0,53,49,51,69,73,122
1,0,8,43,0,2,52,16,0,55,51,53,67,71,122
1,0,10,40,0,2,55,13,0,58,50,52,63,71,121
1,0,7,41,0,3,56,12,0,60,48,51,60,72,120
1,0,8,44,0,3,52,13,0,56,52,55,65,69,121
1,0,10,44,1,4,53,10,0,58,54,58,64,68,123
1,0,7,40,1,2,60,10,0,63,47,49,57,73,121
1,0,0,52,0,4,50,15,0,55,52,56,67,70,122
1,0,11,41,0,2,54,12,0,57,52,54,64,69,121
0,0,7,47,0,5,52,13,0,57,54,59,67,70,124
1,0,7,46,1,5,49,17,0,55,53,58,70,72,126
1,0,8,43,0,2,55,13,0,58,51,53,64,71,122
1,0,7,45,0,3,53,12,0,57,52,55,64,69,121
2,0,10,38,0,3,51,18,0,56,48,51,66,74,122
2,0,8,41,1,2,54,13,0,58,49,51,62,71,121
0,0,10,41,0,5,56,12,0,61,51,56,63,73,124
2,0,8,41,0,2,50,18,0,54,49,51,67,72,121
0,0,10,39,1,2,54,16,0,56,49,51,65,72,122
2,0,7,38,0,2,59,12,0,63,45,47,57,75,120
1,0,7,45,1,5,44,18,0,50,52,57,70,68,121
1,0,8,47,1,4,51,11,0,56,55,59,66,67,123
1,0,9,41,1,1,58,10,0,60,50,51,60,70,121
1,0,6,46,0,4,53,11,0,58,52,56,63,69,121
1,0,7,46,0,3,50,13,0,54,53,56,66,67,120
1,0,10,42,1,3,53,12,0,57,52,55,64,69,122
1,0,8,48,1,3,45,17,0,49,56,59,73,66,123
3,0,7,38,0,3,56,14,0,62,45,48,59,76,121
1,0,9,41,0,4,56,12,0,61,50,54,62,73,123
1,0,9,44,0,1,53,13,0,55,53,54,66,68,121
1,0,8,45,0,0,53,14,0,54,53,53,67,68,121
3,0,7,41,1,4,56,11,0,63,48,52,59,74,123
0,0,9,47,0,4,50,11,0,54,56,60,67,65,121
1,0,8,41,1,2,52,16,0,55,49,51,65,71,121
1,0,7,40,0,3,55,15,0,59,47,50,62,74,121
2,0,10,36,0,4,52,19,0,58,46,50,65,77,123
0,0,7,42,1,4,56,13,0,60,49,53,62,73,123
0,0,0,48,1,3,57,14,0,60,48,51,62,74,123
1,0,7,49,1,4,49,11,0,54,56,60,67,65,122
1,0,8,41,1,3,56,11,0,60,49,52,60,71,121
1,0,10,40,1,4,54,14,0,59,50,54,64,73,124
0,0,8,44,0,2,50,16,0,52,52,54,68,68,120
0,0,11,39,0,4,53,15,0,57,50,54,65,72,122
1,0,6,44,0,4,55,11,0,60,50,54,61,71,121
2,0,8,44,1,3,50,14,0,55,52,55,66,69,122
2,0,8,45,1,3,53,11,0,58,53,56,64,69,123
0,0,12,41,1,3,55,11,0,58,53,56,64,69,123
1,0,0,43,0,3,59,15,0,63,43,46,58,78,121
1,0,7,44,0,2,52,15,0,55,51,53,66,70,121
1,0,9,43,1,3,52,14,0,56,52,55,66,70,123
1,0,0,47,1,1,57,14,0,59,47,48,61,73,121
1,0,8,49,1,2,48,13,0,51,57,59,70,64,122
1,0,6,41,1,4,56,14,0,61,47,51,61,75,123
0,0,7,42,1,2,53,17,0,55,49,51,66,72,122
1,0,10,38,0,2,57,12,0,60,48,50,60,72,120
1,0,8,39,1,3,58,13,0,62,47,50,60,75,123
1,0,0,50,0,5,54,14,0,60,50,55,64,74,124
1,0,0,47,1,2,56,16,0,59,47,49,63,75,123
1,0,8,49,0,5,49,11,0,55,57,62,68,66,123
0,0,11,42,1,5,52,13,0,57,53,58,66,70,124
4,0,7,43,1,4,54,10,0,62,50,54,60,72,123
1,0,8,46,1,5,51,13,0,57,54,59,67,70,125
1,0,0,52,1,2,54,12,0,57,52,54,64,69,122
0,0,9,43,0,4,54,13,0,58,52,56,65,71,123
1,0,10,41,1,2,54,12,0,57,51,53,63,69,121
1,0,12,40,1,3,53,14,0,57,52,55,66,71,124
1,0,0,54,1,3,51,12,0,55,54,57,66,67,122
1,0,9,39,1,4,56,14,0,61,48,52,62,75,124
0,0,8,42,1,2,55,12,0,57,50,52,62,69,120
1,0,7,44,0,3,56,11,0,60,51,54,62,71,122
1,0,8,39,1,2,55,14,0,58,47,49,61,72,120
1,0,9,43,1,4,52,14,0,57,52,56,66,71,124
1,0,9,44,0,3,52,13,0,56,53,56,66,69,122
0,0,8,42,1,4,51,18,0,55,50,54,68,73,124
1,0,7,48,1,4,49,15,0,54,55,59,70,69,125
1,0,6,47,1,3,53,11,0,57,53,56,64,68,122
2,0,8,41,1,1,56,12,0,59,49,50,61,71,121
1,0,9,44,0,3,52,12,0,56,53,56,65,68,121
1,0,10,46,0,3,49,14,0,53,56,59,70,67,123
3,0,9,41,1,1,51,15,0,55,50,51,65,70,121
0,0,7,46,0,3,54,10,0,57,53,56,63,67,120
1,0,8,43,0,3,52,15,0,56,51,54,66,71,122
3,0,9,40,0,5,56,10,0,64,49,54,59,74,123
0,0,7,46,0,5,51,13,0,56,53,58,66,69,122
1,0,10,40,0,3,50,19,0,54,50,53,69,73,123
1,0,7,42,1,3,59,11,0,63,49,52,60,74,124
1,0,0,45,0,1,59,14,0,61,45,46,59,75,120
0,0,10,40,0,3,53,14,0,56,50,53,64,70,120
1,0,7,39,1,3,55,16,0,59,46,49,62,75,122
1,0,7,39,0,3,55,16,0,59,46,49,62,75,121
1,0,11,43,0,2,50,14,0,53,54,56,68,67,121
1,0,0,48,1,4,58,12,0,63,48,52,60,75,124
1,0,8,43,1,3,54,13,0,58,51,54,64,71,123
1,0,10,40,1,0,50,20,0,51,50,50,70,71,122
1,0,13,37,0,3,52,16,0,56,50,53,66,72,122
0,0,6,43,0,3,55,14,0,58,49,52,63,72,121
1,0,9,43,0,3,52,14,0,56,52,55,66,70,122
1,0,7,45,0,4,54,11,0,59,52,56,63,70,122
2,0,7,44,0,3,55,11,0,60,51,54,62,71,122
1,0,7,40,0,6,55,15,0,62,47,53,62,77,124
1,0,6,47,0,3,53,11,0,57,53,56,64,68,121
1,0,7,44,1,2,58,9,0,61,51,53,60,70,122
0,0,8,42,0,4,57,12,0,61,50,54,62,73,123
0,0,7,48,0,4,52,11,0,56,55,59,66,67,122
1,0,10,38,1,2,56,14,0,59,48,50,62,73,122
1,0,10,40,1,3,52,16,0,56,50,53,66,72,123
1,0,7,39,0,4,56,17,0,61,46,50,63,78,124
1,0,12,40,0,4,49,15,0,54,52,56,67,69,121
0,0,8,43,0,4,54,14,0,58,51,55,65,72,123
0,0,7,45,0,4,51,15,0,55,52,56,67,70,122
1,0,8,43,0,2,52,15,0,55,51,53,66,70,121
1,0,0,46,1,3,57,15,0,61,46,49,61,76,123
1,0,9,42,0,4,50,17,0,55,51,55,68,72,123
3,0,7,46,1,2,53,9,0,58,53,55,62,67,121
1,0,0,45,1,3,59,13,0,63,45,48,58,76,122
1,0,11,39,1,2,45,22,0,48,50,52,72,70,121
0,0,8,42,0,3,54,14,0,57,50,53,64,71,121
1,0,9,40,0,4,55,14,0,60,49,53,63,74,123
1,0,11,44,1,2,49,14,0,52,55,57,69,66,122
2,0,13,37,1,3,53,13,0,58,50,53,63,71,122
1,0,0,48,0,4,56,14,0,61,48,52,62,75,123
1,0,10,42,0,5,51,15,0,57,52,57,67,72,124
2,0,10,41,0,3,50,16,0,55,51,54,67,71,122
1,0,7,43,1,2,55,12,0,58,50,52,62,70,121
1,0,7,48,1,2,52,11,0,55,55,57,66,66,122
1,0,10,39,1,3,53,15,0,57,49,52,64,72,122
0,0,9,39,0,2,58,13,0,60,48,50,61,73,121
3,0,7,45,1,2,49,15,0,54,52,54,67,69,122
1,0,9,39,1,4,57,12,0,62,48,52,60,74,123
1,0,7,48,1,5,50,13,0,56,55,60,68,69,125
2,0,10,38,0,6,52,14,0,60,48,54,62,74,122
1,0,8,42,1,4,53,16,0,58,50,54,66,74,125
0,0,9,42,1,4,51,17,0,55,51,55,68,72,124
0,0,10,41,0,2,55,12,0,57,51,53,63,69,120
1,0,6,46,1,2,51,15,0,54,52,54,67,69,122
1,0,0,48,1,5,58,11,0,64,48,53,59,75,124
1,0,0,46,1,5,62,10,0,68,46,51,56,78,125
1,0,8,47,1,2,50,14,0,53,55,57,69,67,123
0,0,9,42,1,2,52,14,0,54,51,53,65,68,120
1,0,7,45,1,3,54,13,0,58,52,55,65,71,124
0,0,7,43,0,2,55,14,0,57,50,52,64,71,121
1,0,0,47,1,3,57,13,0,61,47,50,60,74,122
1,0,6,43,0,3,52,15,0,56,49,52,64,71,120
1,0,8,41,1,2,55,15,0,58,49,51,64,73,123
1,0,7,39,1,2,59,12,0,62,46,48,58,74,121
1,0,0,47,1,3,56,15,0,60,47,50,62,75,123
1,0,10,35,1,1,54,20,0,56,45,46,65,76,122
1,0,8,43,0,2,54,12,0,57,51,53,63,69,120
1,0,6,41,0,3,57,14,0,61,47,50,61,75,122
2,0,12,41,0,3,51,11,0,56,53,56,64,67,120
3,0,8,40,1,1,53,15,0,57,48,49,63,72,121
1,0,8,39,0,4,57,14,0,62,47,51,61,76,123
0,0,6,44,1,6,55,14,0,61,50,56,64,75,126
0,0,8,40,1,3,55,16,0,58,48,51,64,74,123
1,0,9,44,0,1,53,13,0,55,53,54,66,68,121
0,0,10,40,0,2,52,16,0,54,50,52,66,70,120
1,0,0,45,0,3,56,17,0,60,45,48,62,77,122
0,0,8,45,0,3,49,15,0,52,53,56,68,67,120
1,0,7,47,1,4,49,15,0,54,54,58,69,69,124
1,0,8,44,0,2,54,12,0,57,52,54,64,69,121
1,0,10,39,1,2,53,15,0,56,49,51,64,71,121
1,0,9,46,0,5,47,15,0,53,55,60,70,68,123
1,0,8,42,0,3,53,13,0,57,50,53,63,70,120
0,0,7,42,0,4,55,14,0,59,49,53,63,73,122
1,0,7,46,0,2,51,15,0,54,53,55,68,69,122
1,0,6,42,1,3,57,14,0,61,48,51,62,75,124
1,0,7,47,1,2,48,15,0,51,54,56,69,66,121
0,0,0,48,1,2,58,12,0,60,48,50,60,72,121
1,0,7,43,1,2,53,15,0,56,50,52,65,71,122
0,0,6,45,1,4,53,15,0,57,51,55,66,72,124
1,0,7,45,1,5,53,12,0,59,52,57,64,71,124
1,0,0,47,0,3,56,14,0,60,47,50,61,74,121
1,0,11,47,1,5,47,14,0,53,58,63,72,67,126
0,0,9,41,1,3,55,13,0,58,50,53,63,71,122
1,0,6,44,1,1,55,14,0,57,50,51,64,71,122
1,0,8,42,0,3,56,12,0,60,50,53,62,72,122
1,0,9,44,2,4,49,13,0,54,53,57,66,67,122
1,0,10,43,0,2,52,13,0,55,53,55,66,68,121
0,0,6,48,1,3,54,11,0,57,54,57,65,68,123
3,0,7,40,0,3,55,13,0,61,47,50,60,74,121
1,0,8,43,0,4,52,15,0,57,51,55,66,72,123
1,0,7,46,1,3,55,10,0,59,53,56,63,69,123
1,0,9,39,1,2,59,11,0,62,48,50,59,73,122
1,0,8,46,0,3,49,14,0,53,54,57,68,67,121
0,0,7,39,1,3,53,20,0,56,46,49,66,76,123
1,0,12,39,1,3,50,17,0,54,51,54,68,71,123
1,0,7,47,0,2,52,11,0,55,54,56,65,66,120
0,0,9,39,1,3,53,16,0,56,48,51,64,72,121
2,0,8,46,0,3,54,9,0,59,54,57,63,68,122
1,0,8,43,1,3,55,11,0,59,51,54,62,70,122
1,0,11,44,1,4,51,12,0,56,55,59,67,68,124
0,0,9,39,0,2,59,11,0,61,48,50,59,72,120
1,0,8,42,0,3,55,13,0,59,50,53,63,72,122
2,0,7,43,1,3,54,13,0,59,50,53,63,72,123
0,0,9,39,0,1,55,16,0,56,48,49,64,72,120
0,0,6,46,1,4,54,12,0,58,52,56,64,70,123
0,0,7,46,1,5,53,13,0,58,53,58,66,71,125
1,0,0,51,1,3,54,13,0,58,51,54,64,71,123
3,0,7,40,0,4,56,13,0,63,47,51,60,76,123
1,0,8,46,1,2,49,14,0,52,54,56,68,66,121
1,0,8,38,1,3,59,14,0,63,46,49,60,77,124
0,0,7,44,0,2,54,13,0,56,51,53,64,69,120
1,0,7,48,1,3,54,10,0,58,55,58,65,68,124
0,0,10,43,1,0,52,15,0,52,53,53,68,67,121
1,0,7,44,1,3,52,15,0,56,51,54,66,71,123
1,0,8,44,0,3,54,12,0,58,52,55,64,70,122
1,0,11,41,0,3,53,12,0,57,52,55,64,69,121
2,0,9,42,0,4,52,12,0,58,51,55,63,70,121
0,0,9,42,1,2,53,14,0,55,51,53,65,69,121
2,0,9,38,0,4,58,11,0,64,47,51,58,75,122
1,0,6,43,1,4,52,14,0,57,49,53,63,71,121
1,0,9,39,1,3,53,16,0,57,48,51,64,73,122
1,0,8,42,0,2,53,15,0,56,50,52,65,71,121
1,0,7,42,0,3,59,8,0,63,49,52,57,71,120
0,0,11,40,0,2,53,14,0,55,51,53,65,69,120
1,0,9,41,0,4,52,13,0,57,50,54,63,70,120
0,0,0,46,1,3,58,13,0,61,46,49,59,74,121
2,0,6,39,1,3,61,10,0,66,45,48,55,76,122
1,0,8,44,0,3,53,12,0,57,52,55,64,69,121
1,0,10,42,0,3,49,16,0,53,52,55,68,69,121
1,0,8,42,0,1,55,13,0,57,50,51,63,70,120
1,0,11,41,1,2,52,13,0,55,52,54,65,68,121
1,0,10,44,1,2,50,15,0,53,54,56,69,68,123
1,0,9,39,0,3,56,13,0,60,48,51,61,73,121
1,0,9,41,1,2,53,16,0,56,50,52,66,72,123
0,0,11,34,1,5,58,14,0,63,45,50,59,77,123
2,0,9,37,0,5,57,10,0,64,46,51,56,74,120
1,0,6,44,0,2,57,11,0,60,50,52,61,71,121
1,0,6,43,0,3,55,14,0,59,49,52,63,73,122
1,0,8,44,1,3,49,15,0,53,52,55,67,68,121
5,0,0,42,1,4,59,12,0,68,42,46,54,80,123
1,0,7,43,0,2,56,13,0,59,50,52,63,72,122
1,0,7,44,0,2,52,15,0,55,51,53,66,70,121
1,0,12,37,1,3,54,14,0,58,49,52,63,72,122
1,0,11,35,1,3,54,18,0,58,46,49,64,76,123
1,0,7,45,1,4,55,12,0,60,52,56,64,72,125
1,0,7,43,1,3,54,13,0,58,50,53,63,71,122
1,0,9,37,1,4,51,21,0,56,46,50,67,77,124
1,0,7,50,1,4,48,14,0,53,57,61,71,67,125
1,0,8,45,0,2,56,9,0,59,53,55,62,68,121
1,0,6,49,0,4,48,14,0,53,55,59,69,67,122
1,0,6,44,1,3,58,10,0,62,50,53,60,72,123
1,0,10,41,0,5,54,13,0,60,51,56,64,73,124
1,0,10,44,1,3,52,12,0,56,54,57,66,68,123
1,0,0,48,1,4,58,12,0,63,48,52,60,75,124
2,0,9,43,0,3,50,15,0,55,52,55,67,70,122
1,0,6,45,1,3,54,13,0,58,51,54,64,71,123
1,0,7,37,1,4,56,15,0,61,44,48,59,76,121
1,0,9,45,1,3,52,11,0,56,54,57,65,67,122
0,0,6,39,1,3,58,14,0,61,45,48,59,75,121
1,0,9,43,0,4,50,13,0,55,52,56,65,68,120
1,0,7,42,1,3,52,17,0,56,49,52,66,73,123
1,0,8,41,1,5,54,14,0,60,49,54,63,74,124
1,0,7,42,1,4,56,13,0,61,49,53,62,74,124
1,0,9,40,1,2,56,11,0,59,49,51,60,70,120
1,0,8,41,0,3,50,18,0,54,49,52,67,72,121
1,0,8,41,0,4,53,15,0,58,49,53,64,73,122
1,0,9,37,0,4,58,13,0,63,46,50,59,76,122
1,0,8,44,0,3,54,13,0,58,52,55,65,71,123
1,0,7,39,1,3,57,14,0,61,46,49,60,75,122
1,0,7,43,1,3,55,12,0,59,50,53,62,71,122
1,0,8,48,1,3,49,14,0,53,56,59,70,67,124
1,0,8,45,1,4,53,10,0,58,53,57,63,68,122
1,0,8,40,0,4,55,15,0,60,48,52,63,75,123
1,0,7,45,1,5,53,14,0,59,52,57,66,73,126
1,0,0,49,0,0,57,13,0,58,49,49,62,71,120
1,0,7,43,0,2,56,12,0,59,50,52,62,71,121
1,0,0,47,0,4,58,12,0,63,47,51,59,75,122
1,0,0,51,1,4,55,9,0,60,51,55,60,69,121
1,0,9,48,1,3,46,14,0,50,57,60,71,64,122
0,0,11,37,1,3,59,12,0,62,48,51,60,74,123
0,0,0,49,0,4,56,14,0,60,49,53,63,74,123
1,0,9,43,1,3,53,11,0,57,52,55,63,68,121
1,0,7,44,1,2,56,12,0,59,51,53,63,71,123
1,0,11,43,0,4,51,13,0,56,54,58,67,69,123
1,0,6,42,0,2,56,14,0,59,48,50,62,73,121
1,0,9,40,0,4,57,10,0,62,49,53,59,72,121
0,0,10,40,0,4,53,16,0,57,50,54,66,73,123
1,0,7,40,1,4,58,13,0,63,47,51,60,76,124
1,0,8,41,1,4,56,14,0,61,49,53,63,75,125
1,0,9,40,0,4,54,15,0,59,49,53,64,74,123
1,0,6,44,0,4,53,15,0,58,50,54,65,73,123
0,0,6,45,1,3,54,12,0,57,51,54,63,69,121
1,0,7,44,0,4,58,10,0,63,51,55,61,73,124
1,0,0,50,1,4,55,12,0,60,50,54,62,72,123
0,0,13,37,1,2,58,10,0,60,50,52,60,70,121
1,0,8,45,1,3,52,14,0,56,53,56,67,70,124
1,0,9,43,0,3,49,16,0,53,52,55,68,69,121
1,0,7,47,0,2,49,14,0,52,54,56,68,66,120
3,0,9,39,0,2,57,11,0,62,48,50,59,73,121
0,0,8,43,1,4,54,11,0,58,51,55,62,69,121
1,0,10,39,1,2,52,16,0,55,49,51,65,71,121
1,0,7,41,0,4,56,12,0,61,48,52,60,73,121
1,0,7,42,1,3,58,12,0,62,49,52,61,74,124
5,0,8,40,0,5,53,12,0,63,48,53,60,75,123
1,0,7,48,1,4,51,13,0,56,55,59,68,69,125
0,0,9,42,1,3,52,15,0,55,51,54,66,70,122
1,0,7,44,1,2,53,13,0,56,51,53,64,69,121
1,0,8,43,1,3,58,10,0,62,51,54,61,72,124
0,0,0,49,0,5,59,11,0,64,49,54,60,75,124
0,0,7,41,1,4,56,14,0,60,48,52,62,74,123
1,0,7,41,0,2,58,12,0,61,48,50,60,73,121
1,0,6,45,1,4,49,15,0,54,51,55,66,69,121
2,0,8,39,1,4,59,11,0,65,47,51,58,76,124
0,0,10,42,0,1,53,14,0,54,52,53,66,68,120
1,0,0,48,1,2,59,12,0,62,48,50,60,74,123
1,0,11,40,1,3,50,15,0,54,51,54,66,69,121
1,0,8,41,1,5,54,15,0,60,49,54,64,75,125
0,0,9,45,1,3,55,10,0,58,54,57,64,68,123
1,0,8,45,0,4,52,12,0,57,53,57,65,69,122
1,0,10,39,0,2,51,17,0,54,49,51,66,71,120
1,0,0,48,1,2,54,16,0,57,48,50,64,73,122
6,0,7,40,0,3,53,11,0,62,47,50,58,73,120
1,0,0,51,1,4,55,13,0,60,51,55,64,73,125
1,0,8,41,0,4,53,14,0,58,49,53,63,72,121
1,0,0,44,0,4,59,13,0,64,44,48,57,77,121
0,0,8,40,1,4,58,13,0,62,48,52,61,75,124
1,0,11,36,1,3,58,12,0,62,47,50,59,74,122
1,0,8,42,0,3,55,14,0,59,50,53,64,73,123
1,0,11,40,0,2,49,17,0,52,51,53,68,69,120
1,0,8,42,0,2,55,14,0,58,50,52,64,72,122
1,0,6,45,1,5,57,11,0,63,51,56,62,74,126
1,0,7,46,0,2,52,13,0,55,53,55,66,68,121
1,0,8,41,0,3,55,12,0,59,49,52,61,71,120
1,0,8,43,1,5,48,15,0,54,51,56,66,69,121
1,0,8,46,0,4,51,12,0,56,54,58,66,68,122
1,0,8,40,1,3,58,12,0,62,48,51,60,74,123
1,0,10,39,1,5,56,14,0,62,49,54,63,76,126
1,0,9,41,0,4,57,10,0,62,50,54,60,72,122
1,0,9,42,1,5,53,15,0,59,51,56,66,74,126
0,0,7,46,0,4,55,11,0,59,53,57,64,70,123
1,0,9,38,1,3,58,11,0,62,47,50,58,73,121
1,0,7,44,0,3,51,15,0,55,51,54,66,70,121
0,0,8,41,1,4,53,16,0,57,49,53,65,73,123
2,0,8,41,0,3,54,13,0,59,49,52,62,72,121
1,0,9,41,1,2,55,13,0,58,50,52,63,71,122
1,0,7,46,1,4,51,13,0,56,53,57,66,69,123
1,0,6,44,1,2,56,11,0,59,50,52,61,70,121
0,0,0,49,0,4,55,14,0,59,49,53,63,73,122
1,0,6,48,0,3,49,15,0,53,54,57,69,68,122
1,0,12,36,0,4,51,18,0,56,48,52,66,74,122
1,0,7,42,1,5,56,9,0,62,49,54,58,71,121
1,0,11,43,1,3,52,12,0,56,54,57,66,68,123
1,0,7,48,0,4,50,11,0,55,55,59,66,66,121
1,0,8,40,0,5,54,12,0,60,48,53,60,72,120
1,0,11,39,0,4,54,14,0,59,50,54,64,73,123
1,0,7,41,1,4,58,12,0,63,48,52,60,75,124
1,0,7,45,0,2,54,11,0,57,52,54,63,68,120
2,0,7,39,0,1,57,14,0,60,46,47,60,74,120
1,0,9,37,0,4,53,17,0,58,46,50,63,75,121
1,0,7,47,0,2,49,15,0,52,54,56,69,67,121
3,0,9,40,1,1,53,14,0,57,49,50,63,71,121
0,0,12,37,0,5,56,13,0,61,49,54,62,74,123
1,0,7,48,1,2,43,19,0,46,55,57,74,65,121
0,0,8,45,1,4,53,12,0,57,53,57,65,69,123
2,0,8,40,1,3,56,13,0,61,48,51,61,74,123
1,0,0,49,1,3,54,14,0,58,49,52,63,72,122
1,0,0,49,0,2,56,13,0,59,49,51,62,72,121
1,0,6,44,1,4,56,11,0,61,50,54,61,72,123
2,0,10,44,0,3,50,11,0,55,54,57,65,66,120
2,0,9,38,0,3,59,10,0,64,47,50,57,74,121
1,0,9,38,1,4,59,12,0,64,47,51,59,76,124
1,0,8,47,0,4,49,14,0,54,55,59,69,68,123
1,0,8,42,0,5,56,12,0,62,50,55,62,74,124
1,0,7,45,1,3,50,15,0,54,52,55,67,69,122
0,0,8,40,0,3,56,13,0,59,48,51,61,72,120
1,0,7,42,0,1,54,16,0,56,49,50,65,72,121
1,0,0,56,0,3,50,13,0,54,56,59,69,67,123
1,0,9,40,0,3,56,13,0,60,49,52,62,73,122
0,0,8,42,1,2,52,16,0,54,50,52,66,70,121
1,0,7,41,1,5,56,13,0,62,48,53,61,75,124
0,0,10,43,0,2,51,14,0,53,53,55,67,67,120
1,0,8,45,0,2,54,11,0,57,53,55,64,68,121
1,0,8,41,0,2,54,15,0,57,49,51,64,72,121
1,0,15,36,0,2,54,14,0,57,51,53,65,71,122
0,0,7,45,0,4,54,12,0,58,52,56,64,70,122
0,0,8,43,1,4,51,18,0,55,51,55,69,73,125
1,0,9,41,1,3,55,13,0,59,50,53,63,72,123
1,0,7,47,1,4,52,11,0,57,54,58,65,68,123
1,0,8,40,1,4,55,15,0,60,48,52,63,75,124
1,0,7,39,1,3,58,12,0,62,46,49,58,74,121
1,0,8,45,1,5,53,11,0,59,53,58,64,70,124
1,0,8,39,1,1,49,23,0,51,47,48,70,74,122
1,0,6,47,0,5,51,14,0,57,53,58,67,71,124
1,0,9,43,0,3,48,17,0,52,52,55,69,69,121
1,0,9,42,0,3,54,12,0,58,51,54,63,70,121
1,0,7,44,0,3,51,15,0,55,51,54,66,70,121
1,0,7,48,0,2,48,14,0,51,55,57,69,65,120
0,0,10,44,0,3,49,15,0,52,54,57,69,67,121
1,0,7,39,1,3,59,14,0,63,46,49,60,77,124
2,0,9,39,1,3,56,13,0,61,48,51,61,74,123
0,0,10,43,1,3,51,14,0,54,53,56,67,68,122
1,0,12,37,0,2,56,12,0,59,49,51,61,71,120
2,0,7,47,0,2,50,13,0,54,54,56,67,67,121
1,0,9,44,1,3,54,10,0,58,53,56,63,68,122
1,0,10,46,1,2,48,13,0,51,56,58,69,64,121
1,0,10,40,1,5,50,17,0,56,50,55,67,73,124
1,0,8,42,1,3,55,12,0,59,50,53,62,71,122
1,0,11,40,0,3,51,16,0,55,51,54,67,71,122
0,0,8,42,0,2,56,13,0,58,50,52,63,71,121
0,0,7,46,0,4,55,11,0,59,53,57,64,70,123
1,0,8,41,1,3,56,12,0,60,49,52,61,72,122
1,0,0,49,1,3,55,13,0,59,49,52,62,72,122
1,0,0,46,0,1,58,14,0,60,46,47,60,74,120
1,0,7,46,0,6,51,14,0,58,53,59,67,72,125
1,0,8,43,1,2,54,12,0,57,51,53,63,69,121
0,0,8,43,0,4,54,13,0,58,51,55,64,71,122
1,0,9,41,0,2,57,11,0,60,50,52,61,71,121
1,0,11,37,2,2,52,15,0,55,48,50,63,70,120
2,0,7,42,0,4,50,17,0,56,49,53,66,73,122
1,0,6,44,1,4,56,13,0,61,50,54,63,74,125
1,0,8,40,1,3,59,12,0,63,48,51,60,75,124
1,0,8,42,1,2,57,11,0,60,50,52,61,71,122
1,0,8,40,1,5,57,11,0,63,48,53,59,74,123
1,0,6,47,0,2,55,11,0,58,53,55,64,69,122
2,0,8,41,0,4,52,14,0,58,49,53,63,72,121
1,0,10,37,0,3,57,14,0,61,47,50,61,75,122
1,0,8,42,0,3,57,10,0,61,50,53,60,71,121
1,0,9,43,1,6,52,14,0,59,52,58,66,73,126
1,0,8,45,0,3,49,15,0,53,53,56,68,68,121
1,0,6,44,1,3,49,19,0,53,50,53,69,72,123
1,0,7,46,1,3,49,15,0,53,53,56,68,68,122
0,0,7,47,0,4,49,13,0,53,54,58,67,66,120
0,0,8,48,0,5,47,15,0,52,56,61,71,67,123
1,0,7,47,1,2,52,12,0,55,54,56,66,67,122
1,0,13,35,1,3,53,16,0,57,48,51,64,73,122
1,0,9,43,1,5,49,15,0,55,52,57,67,70,123
1,0,10,43,1,2,49,16,0,52,53,55,69,68,122
1,0,6,44,1,5,54,14,0,60,50,55,64,74,125
1,0,7,43,1,4,53,14,0,58,50,54,64,72,123
2,0,10,42,1,3,52,11,0,57,52,55,63,68,121
1,0,0,47,1,4,59,12,0,64,47,51,59,76,124
0,0,8,41,1,1,57,13,0,58,49,50,62,71,121
1,0,7,43,1,3,54,12,0,58,50,53,62,70,121
2,0,7,43,1,4,53,13,0,59,50,54,63,72,123
1,0,9,39,0,2,55,15,0,58,48,50,63,73,121
1,0,7,46,1,1,50,16,0,52,53,54,69,68,122
1,0,0,50,0,3,53,15,0,57,50,53,65,72,122
1,0,7,45,0,3,52,14,0,56,52,55,66,70,122
1,0,10,41,1,3,54,13,0,58,51,54,64,71,123
0,0,8,44,1,2,56,11,0,58,52,54,63,69,122
1,0,7,48,1,3,50,12,0,54,55,58,67,66,122
2,0,12,35,0,4,54,14,0,60,47,51,61,74,121
1,0,0,42,1,3,59,16,0,63,42,45,58,79,122
1,0,11,38,1,3,53,17,0,57,49,52,66,74,124
1,0,8,47,0,2,50,13,0,53,55,57,68,66,121
1,0,9,40,0,2,57,12,0,60,49,51,61,72,121
1,0,0,45,0,1,56,18,0,58,45,46,63,76,121
1,0,9,43,0,6,44,21,0,51,52,58,73,72,124
1,0,8,44,0,3,54,12,0,58,52,55,64,70,122
1,0,0,46,1,2,60,11,0,63,46,48,57,74,121
0,0,9,43,0,3,54,13,0,57,52,55,65,70,122
1,0,7,45,1,3,50,16,0,54,52,55,68,70,123
1,0,7,46,1,3,49,15,0,53,53,56,68,68,122
2,0,11,42,0,2,49,14,0,53,53,55,67,67,120
4,0,7,39,0,2,56,12,0,62,46,48,58,74,120
1,0,7,45,0,4,50,16,0,55,52,56,68,71,123
1,0,9,42,1,5,54,13,0,60,51,56,64,73,125
1,0,0,46,0,2,60,12,0,63,46,48,58,75,121
1,0,10,40,1,2,53,16,0,56,50,52,66,72,123
2,0,8,43,1,3,54,11,0,59,51,54,62,70,122
1,0,7,42,1,4,56,12,0,61,49,53,61,73,123
1,0,7,45,0,3,54,11,0,58,52,55,63,69,121
1,0,7,45,1,5,51,16,0,57,52,57,68,73,126
1,0,12,47,1,4,45,14,0,50,59,63,73,64,124
1,0,9,41,0,3,53,13,0,57,50,53,63,70,120
1,0,10,39,1,2,55,13,0,58,49,51,62,71,121
1,0,8,42,1,2,55,14,0,58,50,52,64,72,123
1,0,0,48,0,3,53,18,0,57,48,51,66,75,123
1,0,8,43,1,4,49,15,0,54,51,55,66,69,121
1,0,6,49,0,3,51,13,0,55,55,58,68,68,123
1,0,0,51,1,4,54,12,0,59,51,55,63,71,123
1,0,0,48,0,2,55,16,0,58,48,50,64,74,122
1,0,8,41,0,2,53,16,0,56,49,51,65,72,121
1,0,9,41,1,2,51,16,0,54,50,52,66,70,121
0,0,8,40,1,3,58,13,0,61,48,51,61,74,123
1,0,9,45,1,4,51,10,0,56,54,58,64,66,121
1,0,8,43,0,3,54,12,0,58,51,54,63,70,121
1,0,9,42,1,5,56,11,0,62,51,56,62,73,125
0,0,11,41,1,4,54,13,0,58,52,56,65,71,124
0,0,12,42,1,4,52,13,0,56,54,58,67,69,124
1,0,0,49,1,0,56,14,0,57,49,49,63,71,121
1,0,12,39,0,3,53,15,0,57,51,54,66,72,123
1,0,12,38,0,5,55,13,0,61,50,55,63,74,124
2,0,8,42,1,4,53,12,0,59,50,54,62,71,122
1,0,9,42,1,4,50,18,0,55,51,55,69,73,125
1,0,7,39,0,4,51,21,0,56,46,50,67,77,123
1,0,0,48,0,3,53,15,0,57,48,51,63,72,120
1,0,8,49,1,3,51,11,0,55,57,60,68,66,124
0,0,10,47,0,0,52,11,0,52,57,57,68,63,120
1,0,0,48,0,4,54,16,0,59,48,52,64,75,123
0,0,0,48,1,3,58,12,0,61,48,51,60,73,122
2,0,9,44,0,3,52,11,0,57,53,56,64,68,121
1,0,9,40,0,5,54,12,0,60,49,54,61,72,121
0,0,10,40,0,4,57,10,0,61,50,54,60,71,121
1,0,7,44,0,5,54,12,0,60,51,56,63,72,123
1,0,0,47,1,4,54,17,0,59,47,51,64,76,124
1,0,9,38,1,3,53,18,0,57,47,50,65,75,123
1,0,8,42,1,3,56,10,0,60,50,53,60,70,121
2,0,11,41,1,2,56,9,0,60,52,54,61,69,122
1,0,0,50,0,4,57,11,0,62,50,54,61,73,123
0,0,7,42,0,3,58,11,0,61,49,52,60,72,121
1,0,6,44,1,4,55,13,0,60,50,54,63,73,124
1,0,10,40,0,1,55,14,0,57,50,51,64,71,121
0,0,8,40,1,3,55,14,0,58,48,51,62,72,121
2,0,9,40,0,3,55,13,0,60,49,52,62,73,122
3,0,0,42,1,1,62,12,0,66,42,43,54,78,121
0,0,10,39,1,4,58,12,0,62,49,53,61,74,124
1,0,9,42,1,2,53,14,0,56,51,53,65,70,122
0,0,8,37,0,3,58,15,0,61,45,48,60,76,121
1,0,7,47,1,2,48,15,0,51,54,56,69,66,121
1,0,8,42,1,4,59,8,0,64,50,54,58,72,123
1,0,7,44,0,3,54,12,0,58,51,54,63,70,121
1,0,7,42,1,4,57,13,0,62,49,53,62,75,125
1,0,0,50,1,4,55,13,0,60,50,54,63,73,124
1,0,11,39,0,2,50,17,0,53,50,52,67,70,120
1,0,10,39,0,3,51,18,0,55,49,52,67,73,122
1,0,8,45,1,2,53,11,0,56,53,55,64,67,121
1,0,0,49,1,3,54,14,0,58,49,52,63,72,122
1,0,7,43,1,4,56,11,0,61,50,54,61,72,123
1,0,8,44,1,3,51,16,0,55,52,55,68,71,124
0,0,10,47,1,2,46,15,0,48,57,59,72,63,121
1,0,8,40,0,4,54,16,0,59,48,52,64,75,123
1,0,0,51,0,3,56,12,0,60,51,54,63,72,123
1,0,8,43,1,3,52,16,0,56,51,54,67,72,124
1,0,9,44,0,3,55,9,0,59,53,56,62,68,121
1,0,9,41,1,5,56,13,0,62,50,55,63,75,126
1,0,8,41,1,4,53,15,0,58,49,53,64,73,123
1,0,9,42,1,2,57,10,0,60,51,53,61,70,122
0,0,9,41,1,2,51,17,0,53,50,52,67,70,121
1,0,8,43,1,4,51,14,0,56,51,55,65,70,122
2,0,8,43,0,2,55,11,0,59,51,53,62,70,121
1,0,8,41,0,3,50,18,0,54,49,52,67,72,121
2,0,8,38,0,6,59,12,0,67,46,52,58,79,125
1,0,9,39,0,3,54,15,0,58,48,51,63,73,121
1,0,7,49,0,2,49,14,0,52,56,58,70,66,122
0,0,7,43,0,2,53,15,0,55,50,52,65,70,120
1,0,7,48,1,3,48,15,0,52,55,58,70,67,123
1,0,8,42,0,4,53,13,0,58,50,54,63,71,121
0,0,0,49,0,3,55,13,0,58,49,52,62,71,120
0,0,7,46,1,3,51,15,0,54,53,56,68,69,123
0,0,9,40,1,3,56,12,0,59,49,52,61,71,121
3,0,7,42,0,2,51,15,0,56,49,51,64,71,120
1,0,8,40,1,4,56,13,0,61,48,52,61,74,123
1,0,0,47,0,3,61,11,0,65,47,50,58,76,123
1,0,9,44,1,2,54,11,0,57,53,55,64,68,122
0,0,10,41,1,4,52,16,0,56,51,55,67,72,124
0,0,0,46,0,2,61,11,0,63,46,48,57,74,120
1,0,7,49,0,2,48,14,0,51,56,58,70,65,121
1,0,10,42,1,3,49,18,0,53,52,55,70,71,124
1,0,8,43,0,3,51,16,0,55,51,54,67,71,122
0,0,8,43,0,2,52,15,0,54,51,53,66,69,120
1,0,9,41,0,4,54,14,0,59,50,54,64,73,123
0,0,7,48,1,2,51,12,0,53,55,57,67,65,121
0,0,9,38,1,2,58,13,0,60,47,49,60,73,121
0,0,7,43,0,0,56,14,0,56,50,50,64,70,120
3,0,11,41,0,4,53,10,0,60,52,56,62,70,122
1,0,9,40,0,4,51,17,0,56,49,53,66,73,122
2,0,9,41,2,4,53,12,0,59,50,54,62,71,123
1,0,9,44,0,2,49,17,0,52,53,55,70,69,122
1,0,6,43,0,3,53,16,0,57,49,52,65,73,122
1,0,8,43,0,4,55,11,0,60,51,55,62,71,122
1,0,6,44,0,3,56,11,0,60,50,53,61,71,121
1,0,10,38,0,5,54,16,0,60,48,53,64,76,124
1,0,7,47,1,4,48,13,0,53,54,58,67,66,121
1,0,10,41,1,0,54,14,0,55,51,51,65,69,121
0,0,7,47,0,3,52,13,0,55,54,57,67,68,122
1,0,0,49,0,2,54,14,0,57,49,51,63,71,120
1,0,7,43,0,3,55,13,0,59,50,53,63,72,122
1,0,7,46,1,2,54,11,0,57,53,55,64,68,122
1,0,8,42,0,0,58,12,0,59,50,50,62,71,121
1,0,8,48,1,2,50,13,0,53,56,58,69,66,123
1,0,0,47,0,4,52,16,0,57,47,51,63,73,120
0,0,0,45,0,1,60,14,0,61,45,46,59,75,120
1,0,8,44,0,3,49,17,0,53,52,55,69,70,122
1,0,8,44,0,2,52,13,0,55,52,54,65,68,120
1,0,7,45,0,3,51,13,0,55,52,55,65,68,120
1,0,6,45,1,2,51,17,0,54,51,53,68,71,123
1,0,7,38,0,2,60,12,0,63,45,47,57,75,120
2,0,6,42,0,2,56,12,0,60,48,50,60,72,120
1,0,7,44,0,3,52,16,0,56,51,54,67,72,123
0,0,9,41,0,4,51,18,0,55,50,54,68,73,123
1,0,11,36,0,4,56,15,0,61,47,51,62,76,123
1,0,9,41,1,4,56,11,0,61,50,54,61,72,123
0,0,8,39,1,1,54,18,0,55,47,48,65,73,121
4,0,7,41,0,4,53,13,0,61,48,52,61,74,122
2,0,9,40,1,2,56,12,0,60,49,51,61,72,122
1,0,6,43,0,1,54,15,0,56,49,50,64,71,120
1,0,8,45,0,4,49,16,0,54,53,57,69,70,123
1,0,0,50,1,1,55,14,0,57,50,51,64,71,122
1,0,8,44,1,2,54,13,0,57,52,54,65,70,123
1,0,12,41,1,5,48,17,0,54,53,58,70,71,125
1,0,9,44,1,2,54,12,0,57,53,55,65,69,123
2,0,8,38,1,1,57,14,0,60,46,47,60,74,121
1,0,9,40,1,1,57,12,0,59,49,50,61,71,121
0,0,8,43,0,2,48,19,0,50,51,53,70,69,120
0,0,0,48,1,4,60,11,0,64,48,52,59,75,124
1,0,11,38,1,5,51,19,0,57,49,54,68,76,126
1,0,0,44,1,5,58,16,0,64,44,49,60,80,125
1,0,6,47,1,3,53,11,0,57,53,56,64,68,122
1,0,6,50,1,3,50,12,0,54,56,59,68,66,123
1,0,12,38,1,3,53,13,0,57,50,53,63,70,121
1,0,7,48,1,4,46,17,0,51,55,59,72,68,124
1,0,8,41,1,3,56,13,0,60,49,52,62,73,123
1,0,0,47,1,4,53,18,0,58,47,51,65,76,124
0,0,8,41,0,2,58,12,0,60,49,51,61,72,121
1,0,0,51,0,5,52,15,0,58,51,56,66,73,124
1,0,7,41,0,2,59,12,0,62,48,50,60,74,122
0,0,6,44,1,3,50,18,0,53,50,53,68,71,122
2,0,7,41,1,2,53,15,0,57,48,50,63,72,121
2,0,0,46,0,1,55,16,0,58,46,47,62,74,120
1,0,0,50,0,2,56,13,0,59,50,52,63,72,122
0,0,7,40,1,3,54,18,0,57,47,50,65,75,123
1,0,0,47,0,4,57,12,0,62,47,51,59,74,121
1,0,7,45,0,3,52,14,0,56,52,55,66,70,122
1,0,10,40,0,4,50,15,0,55,50,54,65,70,120
1,0,7,45,0,5,51,14,0,57,52,57,66,71,123
1,0,7,37,0,4,59,16,0,64,44,48,60,80,124
1,0,8,41,1,5,56,13,0,62,49,54,62,75,125
1,0,7,43,1,4,51,17,0,56,50,54,67,73,124
1,0,9,44,1,4,51,14,0,56,53,57,67,70,124
1,0,8,42,1,3,54,13,0,58,50,53,63,71,122
1,0,0,52,1,4,55,11,0,60,52,56,63,71,124
0,0,12,41,1,1,52,14,0,53,53,54,67,67,121
1,0,6,43,1,2,54,15,0,57,49,51,64,72,122
1,0,8,41,1,2,53,15,0,56,49,51,64,71,121
0,0,9,41,0,4,48,18,0,52,50,54,68,70,120
1,0,8,37,0,3,58,15,0,62,45,48,60,77,122
1,0,8,44,1,3,53,13,0,57,52,55,65,70,123
1,0,8,40,1,3,55,14,0,59,48,51,62,73,122
1,0,8,43,1,4,55,12,0,60,51,55,63,72,124
1,0,8,39,1,2,58,12,0,61,47,49,59,73,121
0,0,8,42,1,4,54,15,0,58,50,54,65,73,124
1,0,8,46,0,2,52,12,0,55,54,56,66,67,121
1,0,8,43,0,2,51,15,0,54,51,53,66,69,120
1,0,9,40,0,2,58,11,0,61,49,51,60,72,121
1,0,8,41,1,3,54,15,0,58,49,52,64,73,123
2,0,7,40,0,2,56,14,0,60,47,49,61,74,121
3,0,9,40,1,3,54,11,0,60,49,52,60,71,121
1,0,0,46,0,4,60,13,0,65,46,50,59,78,124
1,0,11,38,3,3,51,15,0,55,49,52,64,70,122
2,0,10,42,1,2,52,12,0,56,52,54,64,68,121
0,0,7,46,1,0,56,11,0,56,53,53,64,67,121
0,0,7,47,1,6,50,14,0,56,54,60,68,70,125
1,0,6,45,0,3,52,15,0,56,51,54,66,71,122
1,0,8,43,1,4,53,15,0,58,51,55,66,73,125
3,0,10,39,0,5,53,14,0,61,49,54,63,75,124
0,0,8,42,1,3,59,10,0,62,50,53,60,72,123
1,0,6,47,0,4,53,12,0,58,53,57,65,70,123
1,0,7,44,0,2,51,16,0,54,51,53,67,70,121
1,0,7,41,1,4,52,17,0,57,48,52,65,74,123
0,0,0,52,1,5,50,16,0,55,52,57,68,71,124
3,0,8,40,0,4,54,14,0,61,48,52,62,75,123
0,0,8,43,0,2,56,11,0,58,51,53,62,69,120
1,0,8,46,1,1,50,14,0,52,54,55,68,66,121
1,0,6,44,1,2,59,10,0,62,50,52,60,72,123
1,0,7,43,1,3,55,12,0,59,50,53,62,71,122
1,0,8,46,1,2,52,13,0,55,54,56,67,68,123
1,0,0,50,0,3,59,9,0,63,50,53,59,72,122
1,0,8,44,1,3,54,12,0,58,52,55,64,70,123
3,0,6,42,0,2,52,15,0,57,48,50,63,72,120
1,0,10,39,1,2,55,13,0,58,49,51,62,71,121
1,0,8,42,0,3,56,12,0,60,50,53,62,72,122
1,0,7,46,1,3,50,15,0,54,53,56,68,69,123
2,0,7,40,0,3,54,16,0,59,47,50,63,75,122
1,0,8,47,0,3,53,11,0,57,55,58,66,68,123
1,0,11,39,1,3,52,14,0,56,50,53,64,70,121
1,0,10,44,0,3,50,13,0,54,54,57,67,67,121
1,0,9,43,0,3,50,15,0,54,52,55,67,69,121
1,0,11,36,1,3,53,17,0,57,47,50,64,74,122
1,0,7,45,1,2,51,15,0,54,52,54,67,69,122
1,0,8,43,1,3,53,13,0,57,51,54,64,70,122
1,0,9,39,1,4,55,15,0,60,48,52,63,75,124
1,0,9,45,0,3,51,13,0,55,54,57,67,68,122
1,0,8,39,0,4,57,13,0,62,47,51,60,75,122
1,0,0,48,0,3,56,14,0,60,48,51,62,74,122
1,0,8,46,1,3,54,10,0,58,54,57,64,68,123
1,0,6,44,0,5,54,11,0,60,50,55,61,71,121
1,0,6,45,0,5,50,17,0,56,51,56,68,73,124
1,0,7,47,1,2,50,15,0,53,54,56,69,68,123
1,0,7,39,1,4,60,13,0,65,46,50,59,78,125
1,0,7,44,1,5,52,14,0,58,51,56,65,72,124
1,0,8,36,0,2,59,15,0,62,44,46,59,77,121
1,0,8,46,1,4,48,18,0,53,54,58,72,71,126
1,0,7,42,0,3,53,14,0,57,49,52,63,71,120
0,0,11,38,0,2,53,16,0,55,49,51,65,71,120
1,0,8,47,1,2,49,14,0,52,55,57,69,66,122
1,0,9,43,1,2,52,14,0,55,52,54,66,69,122
1,0,7,43,1,2,57,11,0,60,50,52,61,71,122
2,0,8,41,1,3,54,14,0,59,49,52,63,73,123
1,0,7,43,1,4,54,14,0,59,50,54,64,73,124
4,0,7,38,1,2,59,10,0,65,45,47,55,75,121
1,0,7,44,1,4,57,10,0,62,51,55,61,72,124
1,0,7,44,1,2,53,14,0,56,51,53,65,70,122
1,0,7,45,0,2,52,14,0,55,52,54,66,69,121
1,0,9,45,1,3,52,11,0,56,54,57,65,67,122
1,0,6,46,1,2,53,13,0,56,52,54,65,69,122
2,0,8,42,1,3,56,11,0,61,50,53,61,72,123
1,0,7,44,0,3,55,13,0,59,51,54,64,72,123
1,0,10,37,1,2,57,14,0,60,47,49,61,74,122
1,6,6,39,0,4,51,15,0,62,45,49,60,77,122
2,0,0,43,0,5,58,13,0,65,43,48,56,78,121
1,0,8,41,1,4,53,14,0,58,49,53,63,72,122
1,0,7,43,0,3,55,12,0,59,50,53,62,71,121
0,0,9,41,0,2,55,13,0,57,50,52,63,70,120
1,0,10,38,1,3,57,13,0,61,48,51,61,74,123
1,0,7,50,0,4,47,13,0,52,57,61,70,65,122
1,0,11,40,1,3,54,13,0,58,51,54,64,71,123
1,0,8,44,0,2,52,14,0,55,52,54,66,69,121
1,0,7,43,1,4,49,20,0,54,50,54,70,74,125
0,0,7,43,1,3,55,12,0,58,50,53,62,70,121
0,0,10,40,0,4,58,11,0,62,50,54,61,73,123
1,0,0,48,0,2,54,15,0,57,48,50,63,72,120
2,0,8,42,0,4,53,13,0,59,50,54,63,72,122
1,0,0,48,0,4,53,15,0,58,48,52,63,73,121
1,0,7,42,0,3,52,16,0,56,49,52,65,72,121
0,0,9,42,0,0,56,13,0,56,51,51,64,69,120
1,0,9,39,1,2,49,21,0,52,48,50,69,73,122
1,0,7,40,0,3,52,19,0,56,47,50,66,75,122
1,0,8,42,0,4,55,13,0,60,50,54,63,73,123
0,0,0,48,1,2,56,15,0,58,48,50,63,73,122
1,0,12,38,0,6,53,15,0,60,50,56,65,75,125
1,0,8,46,0,2,51,14,0,54,54,56,68,68,122
1,0,12,41,1,2,47,17,0,50,53,55,70,67,121
1,0,7,41,0,4,58,12,0,63,48,52,60,75,123
0,0,0,46,1,2,56,16,0,58,46,48,62,74,121
1,0,0,44,1,3,59,15,0,63,44,47,59,78,123
1,0,9,40,1,4,51,15,0,56,49,53,64,71,121
1,0,7,44,0,4,54,13,0,59,51,55,64,72,123
1,0,11,41,1,4,50,15,0,55,52,56,67,70,123
1,0,10,43,1,3,49,16,0,53,53,56,69,69,123
0,0,6,43,1,3,55,14,0,58,49,52,63,72,122
1,0,0,45,0,3,57,15,0,61,45,48,60,76,121
1,0,7,43,1,5,54,13,0,60,50,55,63,73,124
0,0,10,38,1,3,59,12,0,62,48,51,60,74,123
1,0,8,44,1,4,49,18,0,54,52,56,70,72,125
1,0,9,43,0,3,52,14,0,56,52,55,66,70,122
1,0,9,39,1,3,56,13,0,60,48,51,61,73,122
0,0,7,44,1,2,51,17,0,53,51,53,68,70,122
1,0,8,49,0,3,50,11,0,54,57,60,68,65,122
0,0,8,46,0,0,53,13,0,53,54,54,67,66,120
1,0,0,42,0,3,64,11,0,68,42,45,53,79,121
1,0,9,41,0,4,54,14,0,59,50,54,64,73,123
1,0,9,43,0,4,56,11,0,61,52,56,63,72,124
1,0,7,44,0,5,53,13,0,59,51,56,64,72,123
1,0,8,46,0,3,51,12,0,55,54,57,66,67,121
0,0,12,38,0,3,54,13,0,57,50,53,63,70,120
1,0,9,44,1,4,56,9,0,61,53,57,62,70,124
1,0,0,53,0,2,47,18,0,50,53,55,71,68,121
0,0,6,40,1,2,59,13,0,61,46,48,59,74,121
1,0,12,38,1,4,56,11,0,61,50,54,61,72,123
3,0,7,45,1,4,52,12,0,59,52,56,64,71,124
3,0,10,36,0,1,53,17,0,57,46,47,63,74,120
0,0,8,43,0,2,57,10,0,59,51,53,61,69,120
1,0,9,46,1,6,50,14,0,57,55,61,69,71,127
1,0,8,43,0,2,51,15,0,54,51,53,66,69,120
1,0,10,42,1,3,53,11,0,57,52,55,63,68,121
2,0,10,39,1,5,55,13,0,62,49,54,62,75,125
1,0,0,50,0,3,57,11,0,61,50,53,61,72,122
0,0,8,40,0,3,56,13,0,59,48,51,61,72,120
1,0,8,46,1,5,53,12,0,59,54,59,66,71,126
4,0,12,34,1,3,55,14,0,62,46,49,60,76,123
1,0,7,46,1,3,50,13,0,54,53,56,66,67,121
1,0,9,44,0,3,51,15,0,55,53,56,68,70,123
1,0,0,51,1,4,55,11,0,60,51,55,62,71,123
2,0,6,41,0,4,55,14,0,61,47,51,61,75,122
0,0,10,42,1,4,53,11,0,57,52,56,63,68,121
0,0,7,44,1,4,51,16,0,55,51,55,67,71,123
0,0,8,41,1,2,59,11,0,61,49,51,60,72,122
0,0,7,50,1,2,48,13,0,50,57,59,70,63,121
1,0,9,46,1,3,51,12,0,55,55,58,67,67,123
1,0,10,38,0,3,51,19,0,55,48,51,67,74,122
0,0,10,37,1,3,54,17,0,57,47,50,64,74,122
1,0,10,42,1,5,52,14,0,58,52,57,66,72,125
1,0,8,43,1,2,57,10,0,60,51,53,61,70,122
1,0,6,44,1,3,51,16,0,55,50,53,66,71,122
0,0,7,47,1,1,50,15,0,51,54,55,69,66,121
1,0,8,45,0,3,50,15,0,54,53,56,68,69,122
0,0,8,42,0,3,55,13,0,58,50,53,63,71,121
1,0,10,40,1,3,52,14,0,56,50,53,64,70,121
0,0,7,48,1,3,51,12,0,54,55,58,67,66,122
1,0,8,39,1,3,55,14,0,59,47,50,61,73,121
1,0,8,41,0,3,52,17,0,56,49,52,66,73,122
1,0,9,45,1,2,52,13,0,55,54,56,67,68,123
1,0,7,44,1,2,56,11,0,59,51,53,62,70,122
1,0,7,48,0,2,50,13,0,53,55,57,68,66,121
1,0,7,44,1,4,49,17,0,54,51,55,68,71,123
1,0,10,38,1,4,51,17,0,56,48,52,65,73,122
1,0,0,52,0,2,51,16,0,54,52,54,68,70,122
1,0,8,45,1,2,52,12,0,55,53,55,65,67,121
1,0,7,46,1,3,50,15,0,54,53,56,68,69,123
1,0,9,44,0,3,50,16,0,54,53,56,69,70,123
1,0,8,45,1,2,49,17,0,52,53,55,70,69,123
0,0,8,39,0,2,57,14,0,59,47,49,61,73,120
1,0,6,48,0,3,51,13,0,55,54,57,67,68,122
1,0,12,40,0,4,51,13,0,56,52,56,65,69,121
1,0,0,47,1,2,59,11,0,62,47,49,58,73,121
1,0,0,50,0,5,56,11,0,62,50,55,61,73,123
1,0,7,40,1,3,58,13,0,62,47,50,60,75,123
1,0,8,46,0,3,50,14,0,54,54,57,68,68,122
1,0,9,40,0,3,55,12,0,59,49,52,61,71,120
1,0,8,42,1,3,56,13,0,60,50,53,63,73,124
0,0,6,40,1,4,57,15,0,61,46,50,61,76,123
2,0,7,46,1,5,52,10,0,59,53,58,63,69,123
0,0,8,39,1,3,59,13,0,62,47,50,60,75,123
3,0,7,40,0,4,56,13,0,63,47,51,60,76,123
1,0,8,43,1,3,52,14,0,56,51,54,65,70,122
0,0,12,37,0,3,50,18,0,53,49,52,67,71,120
1,0,8,47,0,3,48,15,0,52,55,58,70,67,122
1,0,9,39,0,5,55,15,0,61,48,53,63,76,124
1,0,11,38,0,4,58,10,0,63,49,53,59,73,122
1,0,9,42,1,3,53,13,0,57,51,54,64,70,122
0,0,0,48,0,5,56,15,0,61,48,53,63,76,124
1,0,0,43,1,1,60,16,0,62,43,44,59,78,122
0,0,7,39,1,5,58,14,0,63,46,51,60,77,124
1,0,7,48,0,2,47,16,0,50,55,57,71,66,121
1,0,7,39,1,4,55,14,0,60,46,50,60,74,121
0,0,9,42,0,1,55,13,0,56,51,52,64,69,120
2,0,7,41,1,3,52,16,0,57,48,51,64,73,122
1,0,8,39,1,2,59,12,0,62,47,49,59,74,122
1,0,11,41,0,3,54,12,0,58,52,55,64,70,122
1,0,10,41,0,4,50,15,0,55,51,55,66,70,121
1,0,12,40,0,3,51,14,0,55,52,55,66,69,121
1,0,6,47,0,4,52,13,0,57,53,57,66,70,123
1,0,8,41,1,2,54,15,0,57,49,51,64,72,122
0,0,13,42,0,3,50,14,0,53,55,58,69,67,122
1,0,9,40,1,2,51,17,0,54,49,51,66,71,121
2,0,9,40,0,2,54,13,0,58,49,51,62,71,120
1,0,9,38,1,5,61,10,0,67,47,52,57,77,125
0,0,9,43,0,2,54,12,0,56,52,54,64,68,120
1,0,11,41,1,2,55,12,0,58,52,54,64,70,123
0,0,8,43,0,3,53,14,0,56,51,54,65,70,121
2,0,8,41,0,2,56,11,0,60,49,51,60,71,120
0,0,7,46,1,3,52,14,0,55,53,56,67,69,123
2,0,7,43,1,3,57,9,0,62,50,53,59,71,122
1,0,0,49,0,4,57,12,0,62,49,53,61,74,123
1,0,7,48,1,6,48,14,0,55,55,61,69,69,125
1,0,8,40,1,3,53,16,0,57,48,51,64,73,122
1,0,9,41,1,2,54,14,0,57,50,52,64,71,122
1,0,9,45,0,2,50,14,0,53,54,56,68,67,121
1,0,8,43,1,4,52,14,0,57,51,55,65,71,123
0,0,8,41,1,1,57,13,0,58,49,50,62,71,121
0,0,7,45,1,2,51,15,0,53,52,54,67,68,121
1,0,7,44,0,4,55,12,0,60,51,55,63,72,123
0,0,9,38,0,3,60,10,0,63,47,50,57,73,120
1,0,6,43,0,3,57,11,0,61,49,52,60,72,121
1,0,8,42,1,2,55,12,0,58,50,52,62,70,121
1,0,9,39,1,3,53,17,0,57,48,51,65,74,123
0,0,10,41,0,5,52,15,0,57,51,56,66,72,123
1,0,8,46,1,4,51,11,0,56,54,58,65,67,122
1,0,0,48,0,2,58,13,0,61,48,50,61,74,122
0,0,10,39,1,2,58,11,0,60,49,51,60,71,121
1,0,10,36,1,3,56,15,0,60,46,49,61,75,122
1,0,11,44,0,3,47,15,0,51,55,58,70,66,121
1,0,9,42,0,4,47,20,0,52,51,55,71,72,123
1,0,0,46,1,3,60,13,0,64,46,49,59,77,124
1,0,10,44,0,2,52,13,0,55,54,56,67,68,122
1,0,6,47,0,3,52,12,0,56,53,56,65,68,121
0,0,7,45,0,2,54,13,0,56,52,54,65,69,121
0,0,8,42,0,4,56,13,0,60,50,54,63,73,123
0,0,8,42,1,1,55,13,0,56,50,51,63,69,120
1,0,7,49,1,1,50,13,0,52,56,57,69,65,122
1,0,7,40,1,4,55,15,0,60,47,51,62,75,123
2,0,8,44,1,1,55,10,0,58,52,53,62,68,121
0,0,8,42,1,2,53,14,0,55,50,52,64,69,120
0,0,6,49,0,4,51,10,0,55,55,59,65,65,120
1,0,7,40,1,2,56,15,0,59,47,49,62,74,122
1,0,9,43,0,3,50,16,0,54,52,55,68,70,122
0,0,7,40,1,3,58,13,0,61,47,50,60,74,122
0,0,8,43,0,3,53,15,0,56,51,54,66,71,122
0,0,8,45,1,3,53,13,0,56,53,56,66,69,123
1,0,8,42,0,7,48,14,0,56,50,57,64,70,120
2,0,0,45,0,5,58,14,0,65,45,50,59,79,124
1,0,7,45,1,5,53,13,0,59,52,57,65,72,125
1,0,0,45,1,3,60,14,0,64,45,48,59,78,124
1,0,7,43,0,4,54,13,0,59,50,54,63,72,122
0,0,8,42,0,4,58,11,0,62,50,54,61,73,123
1,0,0,48,1,4,56,12,0,61,48,52,60,73,122
1,0,7,45,1,3,51,15,0,55,52,55,67,70,123
2,0,10,40,1,3,53,13,0,58,50,53,63,71,122
1,0,6,43,0,3,55,15,0,59,49,52,64,74,123
1,0,0,51,1,3,56,9,0,60,51,54,60,69,121
1,0,8,42,1,2,51,17,0,54,50,52,67,71,122
2,0,0,45,1,2,60,11,0,64,45,47,56,75,121
1,0,8,42,1,2,58,10,0,61,50,52,60,71,122
1,0,7,42,1,3,57,11,0,61,49,52,60,72,122
1,0,10,44,0,4,50,13,0,55,54,58,67,68,122
0,0,9,48,0,3,52,9,0,55,57,60,66,64,121
1,0,6,48,0,2,54,10,0,57,54,56,64,67,121
0,0,8,45,1,1,51,15,0,52,53,54,68,67,121
0,0,6,44,1,3,58,11,0,61,50,53,61,72,123
1,0,9,39,0,2,52,18,0,55,48,50,66,73,121
2,0,9,35,1,2,57,14,0,61,44,46,58,75,120
1,0,7,43,1,3,54,13,0,58,50,53,63,71,122
1,0,9,40,1,3,57,11,0,61,49,52,60,72,122
0,0,8,41,1,3,54,15,0,57,49,52,64,72,122
1,0,9,42,0,2,54,13,0,57,51,53,64,70,121
1,0,8,39,1,4,60,11,0,65,47,51,58,76,124
1,0,10,39,0,4,54,15,0,59,49,53,64,74,123
1,0,8,47,1,5,46,14,0,52,55,60,69,66,122
1,0,0,51,1,3,52,13,0,56,51,54,64,69,121
1,0,9,41,0,3,58,11,0,62,50,53,61,73,123
1,0,7,43,0,2,53,14,0,56,50,52,64,70,120
1,0,7,47,0,3,49,13,0,53,54,57,67,66,120
2,0,11,36,0,2,54,15,0,58,47,49,62,73,120
0,0,0,46,0,3,57,14,0,60,46,49,60,74,120
1,0,8,47,1,1,47,16,0,49,55,56,71,65,121
0,0,10,43,0,3,51,14,0,54,53,56,67,68,121
1,0,10,39,1,4,56,13,0,61,49,53,62,74,124
0,0,7,43,0,2,54,15,0,56,50,52,65,71,121
2,0,10,40,1,4,56,11,0,62,50,54,61,73,124
1,0,7,48,1,2,50,12,0,53,55,57,67,65,121
1,0,7,44,0,5,50,15,0,56,51,56,66,71,122
1,0,9,43,1,3,55,11,0,59,52,55,63,70,123
0,0,7,49,1,5,49,14,0,54,56,61,70,68,125
2,0,7,45,0,5,52,12,0,59,52,57,64,71,123
1,0,7,40,1,4,53,16,0,58,47,51,63,74,122
1,0,9,45,0,4,45,16,0,50,54,58,70,66,120
1,0,9,40,1,2,53,15,0,56,49,51,64,71,121
1,0,0,46,0,2,55,16,0,58,46,48,62,74,120
1,0,6,42,1,3,53,16,0,57,48,51,64,73,122
1,0,7,41,1,3,51,19,0,55,48,51,67,74,123
1,0,8,43,0,3,53,14,0,57,51,54,65,71,122
1,0,0,48,0,4,58,12,0,63,48,52,60,75,123
1,0,0,52,1,4,51,14,0,56,52,56,66,70,123
5,0,9,40,1,3,52,12,0,60,49,52,61,72,122
1,0,9,42,1,2,54,12,0,57,51,53,63,69,121
1,0,10,40,1,4,52,16,0,57,50,54,66,73,124
0,0,9,43,0,3,50,15,0,53,52,55,67,68,120
0,0,7,43,1,3,54,13,0,57,50,53,63,70,121
1,0,0,48,0,4,57,13,0,62,48,52,61,75,123
1,0,10,38,1,4,51,18,0,56,48,52,66,74,123
1,0,7,46,0,2,51,14,0,54,53,55,67,68,121
1,0,0,49,0,0,57,13,0,58,49,49,62,71,120
1,0,8,41,0,3,52,17,0,56,49,52,66,73,122
1,0,6,40,0,3,56,15,0,60,46,49,61,75,121
1,0,10,39,0,2,55,15,0,58,49,51,64,73,122
1,0,10,44,1,1,50,15,0,52,54,55,69,67,122
0,0,9,39,0,3,54,16,0,57,48,51,64,73,121
1,0,8,42,1,2,54,14,0,57,50,52,64,71,122
3,0,9,36,0,2,61,9,0,66,45,47,54,75,120
1,0,8,41,0,3,53,16,0,57,49,52,65,73,122
1,0,7,46,1,3,54,12,0,58,53,56,65,70,124
1,0,7,40,1,3,50,18,0,54,47,50,65,72,120
1,0,7,48,0,2,52,12,0,55,55,57,67,67,122
0,0,8,44,0,4,54,12,0,58,52,56,64,70,122
1,0,8,41,1,4,55,13,0,60,49,53,62,73,123
1,0,9,42,1,2,49,17,0,52,51,53,68,69,121
1,0,0,45,1,4,56,14,0,61,45,49,59,75,121
1,0,10,42,1,4,50,17,0,55,52,56,69,72,125
2,0,8,43,1,4,52,13,0,58,51,55,64,71,123
0,0,8,44,0,3,56,11,0,59,52,55,63,70,122
1,0,7,43,0,2,45,23,0,48,50,52,73,71,121
1,0,8,42,1,2,58,10,0,61,50,52,60,71,122
1,0,6,44,1,3,53,14,0,57,50,53,64,71,122
1,0,8,40,0,3,54,16,0,58,48,51,64,74,122
1,0,9,40,0,3,55,13,0,59,49,52,62,72,121
1,0,10,42,1,5,53,13,0,59,52,57,65,72,125
1,0,7,47,1,3,47,15,0,51,54,57,69,66,121
0,0,0,43,0,5,65,11,0,70,43,48,54,81,124
2,0,6,46,1,3,51,12,0,56,52,55,64,68,121
1,0,10,45,0,4,50,14,0,55,55,59,69,69,124
1,0,8,40,0,2,54,17,0,57,48,50,65,74,122
1,0,7,43,0,5,55,12,0,61,50,55,62,73,123
1,0,9,40,0,4,54,15,0,59,49,53,64,74,123
1,0,7,43,1,3,53,14,0,57,50,53,64,71,122
1,0,0,45,0,5,58,14,0,64,45,50,59,78,123
3,0,8,38,0,3,59,11,0,65,46,49,57,76,122
0,0,8,45,1,2,52,14,0,54,53,55,67,68,122
0,0,10,41,1,3,54,12,0,57,51,54,63,69,121
0,0,0,45,0,2,60,13,0,62,45,47,58,75,120
1,0,10,44,1,2,48,17,0,51,54,56,71,68,123
1,0,6,42,1,4,56,15,0,61,48,52,63,76,125
1,0,10,36,1,3,59,12,0,63,46,49,58,75,122
1,0,0,50,1,4,54,14,0,59,50,54,64,73,124
1,0,9,42,0,3,52,14,0,56,51,54,65,70,121
1,0,9,41,0,5,54,14,0,60,50,55,64,74,124
1,0,7,42,0,2,56,13,0,59,49,51,62,72,121
1,0,6,41,1,2,59,11,0,62,47,49,58,73,121
0,0,6,44,0,3,57,11,0,60,50,53,61,71,121
0,0,10,37,1,3,57,14,0,60,47,50,61,74,122
1,0,7,45,0,5,52,14,0,58,52,57,66,72,124
1,0,0,51,1,4,55,12,0,60,51,55,63,72,124
1,0,8,42,0,1,51,18,0,53,50,51,68,71,121
0,0,7,43,0,4,51,17,0,55,50,54,67,72,122
1,0,9,46,1,2,50,14,0,53,55,57,69,67,123
1,0,7,44,1,2,55,10,0,58,51,53,61,68,120
1,0,0,44,1,3,58,15,0,62,44,47,59,77,122
0,0,10,44,0,4,52,12,0,56,54,58,66,68,122
0,0,13,42,0,3,48,16,0,51,55,58,71,67,122
2,0,7,40,1,2,57,12,0,61,47,49,59,73,121
4,0,9,38,0,4,58,10,0,66,47,51,57,76,123
1,0,9,44,0,5,52,13,0,58,53,58,66,71,124
2,0,9,37,0,3,55,15,0,60,46,49,61,75,121
1,0,7,40,6,5,48,14,0,54,47,52,61,68,121
1,0,10,44,0,4,50,14,0,55,54,58,68,69,123
1,0,8,43,1,2,54,13,0,57,51,53,64,70,122
1,0,6,49,0,2,52,12,0,55,55,57,67,67,122
1,0,8,43,0,3,50,16,0,54,51,54,67,70,121
1,0,9,41,1,3,53,14,0,57,50,53,64,71,122
1,0,6,48,0,3,52,10,0,56,54,57,64,66,120
0,0,8,45,0,3,50,15,0,53,53,56,68,68,121
1,0,11,40,0,2,50,18,0,53,51,53,69,71,122
1,0,7,47,0,4,48,15,0,53,54,58,69,68,122
0,0,8,42,1,3,55,14,0,58,50,53,64,72,123
1,0,7,46,1,3,49,17,0,53,53,56,70,70,124
1,0,10,42,0,4,49,17,0,54,52,56,69,71,123
1,0,12,34,0,2,54,18,0,57,46,48,64,75,121
0,0,7,46,1,2,53,12,0,55,53,55,65,67,121
0,0,7,51,1,0,49,13,0,49,58,58,71,62,121
1,0,13,37,0,2,51,17,0,54,50,52,67,71,121
1,0,9,46,1,2,47,15,0,50,55,57,70,65,121
1,0,9,43,0,4,46,20,0,51,52,56,72,71,123
1,0,8,39,0,4,58,13,0,63,47,51,60,76,123
1,0,8,41,0,2,55,15,0,58,49,51,64,73,122
2,0,7,42,0,3,53,15,0,58,49,52,64,73,122
1,0,7,42,1,4,54,14,0,59,49,53,63,73,123
1,0,10,37,0,2,54,17,0,57,47,49,64,74,121
1,0,8,42,1,4,54,14,0,59,50,54,64,73,124
1,0,8,44,1,4,47,17,0,52,52,56,69,69,122
1,0,13,35,1,2,55,15,0,58,48,50,63,73,122
1,0,10,37,1,2,57,13,0,60,47,49,60,73,121
2,0,6,45,1,3,52,13,0,57,51,54,64,70,122
2,0,8,37,0,5,60,12,0,67,45,50,57,79,124
2,0,9,43,0,2,53,12,0,57,52,54,64,69,121
1,0,6,47,0,2,51,14,0,54,53,55,67,68,121
1,0,10,44,1,1,49,14,0,51,54,55,68,65,120
1,0,0,49,1,4,59,11,0,64,49,53,60,75,125
1,0,11,37,1,3,57,11,0,61,48,51,59,72,121
1,0,8,48,1,4,45,16,0,50,56,60,72,66,123
2,0,6,45,1,1,53,13,0,56,51,52,64,69,121
1,0,8,42,0,4,53,16,0,58,50,54,66,74,124
1,0,7,45,0,4,54,12,0,59,52,56,64,71,123
1,0,8,43,1,2,51,15,0,54,51,53,66,69,121
0,0,7,39,0,4,60,12,0,64,46,50,58,76,122
0,0,8,43,0,4,57,11,0,61,51,55,62,72,123
1,0,7,45,0,3,55,10,0,59,52,55,62,69,121
1,0,6,46,1,5,53,13,0,59,52,57,65,72,125
1,0,0,50,1,4,57,11,0,62,50,54,61,73,124
1,0,6,42,1,2,52,18,0,55,48,50,66,73,122
1,0,11,35,1,3,57,14,0,61,46,49,60,75,122
2,0,14,34,1,4,54,14,0,60,48,52,62,74,123
1,0,7,45,0,3,50,14,0,54,52,55,66,68,120
1,0,8,43,0,3,55,12,0,59,51,54,63,71,122
1,0,7,44,1,1,56,12,0,58,51,52,63,70,122
1,0,7,50,1,4,50,11,0,55,57,61,68,66,124
1,0,8,40,0,4,52,17,0,57,48,52,65,74,122
1,0,9,39,1,3,56,14,0,60,48,51,62,74,123
1,0,8,46,1,5,52,12,0,58,54,59,66,70,125
1,0,7,44,0,4,55,12,0,60,51,55,63,72,123
0,0,7,48,1,3,47,14,0,50,55,58,69,64,120
0,0,8,38,0,2,58,15,0,60,46,48,61,75,121
1,0,8,44,0,3,49,16,0,53,52,55,68,69,121
1,0,9,42,1,1,52,16,0,54,51,52,67,70,122
1,0,8,43,1,3,55,11,0,59,51,54,62,70,122
1,0,8,40,0,3,57,12,0,61,48,51,60,73,121
0,0,10,38,1,5,57,13,0,62,48,53,61,75,124
1,0,7,42,1,4,53,13,0,58,49,53,62,71,121
0,0,9,44,0,2,51,14,0,53,53,55,67,67,120
0,0,8,41,0,2,56,14,0,58,49,51,63,72,121
1,0,9,45,1,3,51,12,0,55,54,57,66,67,122
1,0,9,41,0,3,57,10,0,61,50,53,60,71,121
0,0,7,42,2,5,56,11,0,61,49,54,60,72,123
0,0,9,47,1,3,50,11,0,53,56,59,67,64,121
1,0,0,44,1,2,58,16,0,61,44,46,60,77,122
0,0,7,46,0,3,52,13,0,55,53,56,66,68,121
2,0,10,42,0,2,50,14,0,54,52,54,66,68,120
1,0,0,51,0,4,54,12,0,59,51,55,63,71,122
2,0,7,42,0,3,57,10,0,62,49,52,59,72,121
0,0,7,42,1,2,53,16,0,55,49,51,65,71,121
1,0,6,45,0,2,52,14,0,55,51,53,65,69,120
1,0,8,39,0,5,56,14,0,62,47,52,61,76,123
0,0,6,50,0,3,45,17,0,48,56,59,73,65,121
1,0,9,37,1,3,54,18,0,58,46,49,64,76,123
1,0,0,49,1,3,59,9,0,63,49,52,58,72,122
2,0,9,41,1,5,47,20,0,54,50,55,70,74,125
1,0,7,45,0,5,55,12,0,61,52,57,64,73,125
1,0,11,40,0,3,49,17,0,53,51,54,68,70,121
1,0,8,40,0,4,56,13,0,61,48,52,61,74,122
0,0,12,40,1,4,53,14,0,57,52,56,66,71,124
1,0,8,44,0,3,52,15,0,56,52,55,67,71,123
1,0,10,40,1,3,50,19,0,54,50,53,69,73,124
1,0,8,45,1,5,50,16,0,56,53,58,69,72,126
1,0,7,47,2,2,48,13,0,51,54,56,67,64,120
2,0,7,44,0,4,53,12,0,59,51,55,63,71,122
1,0,9,41,1,4,55,14,0,60,50,54,64,74,125
2,0,8,38,0,3,56,14,0,61,46,49,60,75,121
1,0,8,43,0,4,54,13,0,59,51,55,64,72,123
1,0,9,44,0,2,50,15,0,53,53,55,68,68,121
2,0,7,41,1,2,54,14,0,58,48,50,62,72,121
1,0,0,48,1,5,55,15,0,61,48,53,63,76,125
1,0,6,45,1,5,52,16,0,58,51,56,67,74,126
1,0,0,46,1,3,61,9,0,65,46,49,55,74,121
1,0,7,43,0,3,54,14,0,58,50,53,64,72,122
1,0,7,44,0,2,53,15,0,56,51,53,66,71,122
1,0,8,47,0,3,49,14,0,53,55,58,69,67,122
1,0,0,50,1,3,54,15,0,58,50,53,65,73,124
0,0,8,45,1,2,51,15,0,53,53,55,68,68,122
1,0,8,38,0,3,53,18,0,57,46,49,64,75,121
1,0,9,41,1,3,56,13,0,60,50,53,63,73,124
0,0,0,45,0,2,60,14,0,62,45,47,59,76,121
1,0,6,42,0,5,58,11,0,64,48,53,59,75,123
0,0,0,48,1,4,58,12,0,62,48,52,60,74,123
1,0,9,46,0,3,49,15,0,53,55,58,70,68,123
1,0,7,45,0,3,53,12,0,57,52,55,64,69,121
1,0,6,48,1,2,49,14,0,52,54,56,68,66,121
1,0,10,39,0,2,47,22,0,50,49,51,71,72,121
2,0,8,39,1,5,56,14,0,63,47,52,61,77,125
6,0,10,42,1,2,48,12,0,56,52,54,64,68,121
2,0,8,42,1,2,52,14,0,56,50,52,64,70,121
1,0,7,49,1,2,51,12,0,54,56,58,68,66,123
1,0,9,39,1,3,54,14,0,58,48,51,62,72,121
1,0,8,43,1,4,49,15,0,54,51,55,66,69,121
0,0,8,41,0,3,55,15,0,58,49,52,64,73,122
1,0,7,46,0,3,52,13,0,56,53,56,66,69,122
1,0,10,39,1,5,55,15,0,61,49,54,64,76,126
1,0,10,38,1,4,56,15,0,61,48,52,63,76,125
1,0,9,39,0,3,58,12,0,62,48,51,60,74,122
1,0,6,45,1,5,54,12,0,60,51,56,63,72,124
2,0,8,39,0,3,54,14,0,59,47,50,61,73,120
1,0,7,47,0,2,52,12,0,55,54,56,66,67,121
1,0,9,43,1,3,52,12,0,56,52,55,64,68,121
1,0,8,42,0,1,59,9,0,61,50,51,59,70,120
2,0,8,44,0,4,50,12,0,56,52,56,64,68,120
0,0,0,47,0,4,59,12,0,63,47,51,59,75,122
1,0,0,51,0,6,53,14,0,60,51,57,65,74,125
0,0,13,39,0,2,50,17,0,52,52,54,69,69,121
0,0,0,49,0,4,55,14,0,59,49,53,63,73,122
1,0,11,39,1,0,57,13,0,58,50,50,63,71,122
0,0,8,45,1,3,51,13,0,54,53,56,66,67,121
1,0,8,44,0,3,52,14,0,56,52,55,66,70,122
1,0,9,46,1,2,51,13,0,54,55,57,68,67,123
1,0,0,51,0,4,53,12,0,58,51,55,63,70,121
1,0,8,42,1,1,52,17,0,54,50,51,67,71,122
1,0,0,49,0,3,51,18,0,55,49,52,67,73,122
0,0,9,45,1,0,53,13,0,53,54,54,67,66,121
1,0,11,40,0,2,56,11,0,59,51,53,62,70,121
1,0,9,41,1,2,52,15,0,55,50,52,65,70,121
1,0,8,43,1,2,54,13,0,57,51,53,64,70,122
1,0,8,41,0,4,56,12,0,61,49,53,61,73,122
1,0,7,45,0,2,53,14,0,56,52,54,66,70,122
1,0,10,38,0,4,57,14,0,62,48,52,62,76,124
1,0,8,44,0,5,52,13,0,58,52,57,65,71,123
0,0,7,45,1,4,56,10,0,60,52,56,62,70,123
1,0,7,42,1,3,53,15,0,57,49,52,64,72,122
1,0,11,37,0,3,57,13,0,61,48,51,61,74,122
1,0,7,45,1,4,51,13,0,56,52,56,65,69,122
1,0,9,37,0,4,55,16,0,60,46,50,62,76,122
1,0,7,41,0,3,54,16,0,58,48,51,64,74,122
0,0,10,39,1,3,58,11,0,61,49,52,60,72,122
0,0,9,37,1,2,54,19,0,56,46,48,65,75,122
2,0,9,38,1,3,55,14,0,60,47,50,61,74,122
1,0,7,44,0,3,55,12,0,59,51,54,63,71,122
1,0,8,45,0,3,52,13,0,56,53,56,66,69,122
1,0,7,44,0,1,54,13,0,56,51,52,64,69,120
1,0,8,43,0,6,53,13,0,60,51,57,64,73,124
1,0,9,40,1,2,57,12,0,60,49,51,61,72,122
1,0,6,48,0,4,51,14,0,56,54,58,68,70,124
0,0,9,44,1,3,50,14,0,53,53,56,67,67,121
1,0,8,41,1,4,57,12,0,62,49,53,61,74,124
1,0,8,43,1,2,53,14,0,56,51,53,65,70,122
2,0,8,41,0,4,51,16,0,57,49,53,65,73,122
1,0,7,42,1,3,57,10,0,61,49,52,59,71,121
1,0,0,42,0,4,61,16,0,66,42,46,58,82,124
0,0,7,43,0,5,52,15,0,57,50,55,65,72,122
0,0,10,37,1,3,57,16,0,60,47,50,63,76,124
1,0,12,37,1,3,53,15,0,57,49,52,64,72,122
2,0,0,46,1,4,57,11,0,63,46,50,57,74,121
0,0,0,50,0,3,58,11,0,61,50,53,61,72,122
1,0,10,40,0,3,57,12,0,61,50,53,62,73,123
1,0,7,44,0,3,50,17,0,54,51,54,68,71,122
1,0,6,43,1,5,55,13,0,61,49,54,62,74,124
2,0,7,43,0,3,55,10,0,60,50,53,60,70,120
0,0,9,47,1,5,49,13,0,54,56,61,69,67,124
1,0,9,43,0,4,54,11,0,59,52,56,63,70,122
0,0,6,48,0,2,54,11,0,56,54,56,65,67,121
0,0,8,43,1,4,54,13,0,58,51,55,64,71,123
0,0,8,41,1,5,53,16,0,58,49,54,65,74,124
1,0,8,42,1,4,51,17,0,56,50,54,67,73,124
1,0,6,43,1,5,55,13,0,61,49,54,62,74,124
1,0,7,50,0,3,45,17,0,49,57,60,74,66,123
1,0,0,55,0,5,52,10,0,58,55,60,65,68,123
0,0,8,42,1,4,54,14,0,58,50,54,64,72,123
1,0,8,42,0,3,53,14,0,57,50,53,64,71,121
1,0,7,43,1,2,54,13,0,57,50,52,63,70,121
5,0,7,42,0,4,51,14,0,60,49,53,63,74,123
1,0,11,42,0,1,52,13,0,54,53,54,66,67,120
1,0,7,48,0,5,51,13,0,57,55,60,68,70,125
1,0,9,38,0,4,54,15,0,59,47,51,62,74,121
1,0,7,48,1,2,51,12,0,54,55,57,67,66,122
1,0,6,46,0,3,51,16,0,55,52,55,68,71,123
1,0,10,41,0,2,53,14,0,56,51,53,65,70,121
1,0,11,37,0,4,56,13,0,61,48,52,61,74,122
1,0,6,42,1,2,58,13,0,61,48,50,61,74,123
1,0,8,43,1,3,55,10,0,59,51,54,61,69,121
1,0,11,42,0,4,52,13,0,57,53,57,66,70,123
0,0,7,47,1,2,53,11,0,55,54,56,65,66,121
1,0,8,44,0,2,52,14,0,55,52,54,66,69,121
1,0,8,42,0,3,56,10,0,60,50,53,60,70,120
1,0,6,41,0,3,57,15,0,61,47,50,62,76,123
1,0,8,45,1,5,54,11,0,60,53,58,64,71,125
0,0,0,44,0,3,62,12,0,65,44,47,56,77,121
1,0,11,37,0,4,57,13,0,62,48,52,61,75,123
0,0,10,39,0,3,56,12,0,59,49,52,61,71,120
1,0,0,50,0,4,58,10,0,63,50,54,60,73,123
1,0,8,38,0,2,60,13,0,63,46,48,59,76,122
1,0,6,48,0,3,51,13,0,55,54,57,67,68,122
1,0,8,38,1,2,62,11,0,65,46,48,57,76,123
0,0,12,35,0,2,56,15,0,58,47,49,62,73,120
1,0,8,44,0,4,55,12,0,60,52,56,64,72,124
1,0,6,42,0,3,56,13,0,60,48,51,61,73,121
1,0,0,48,0,4,55,14,0,60,48,52,62,74,122
1,0,8,40,1,3,53,15,0,57,48,51,63,72,121
0,0,9,42,1,4,52,15,0,56,51,55,66,71,123
1,0,7,45,1,4,57,9,0,62,52,56,61,71,124
1,0,7,42,0,5,55,13,0,61,49,54,62,74,123
1,0,9,46,0,5,49,14,0,55,55,60,69,69,124
1,0,9,43,1,4,56,10,0,61,52,56,62,71,124
1,0,7,42,1,3,58,12,0,62,49,52,61,74,124
0,0,7,42,0,5,55,14,0,60,49,54,63,74,123
1,0,8,38,0,3,54,17,0,58,46,49,63,75,121
1,0,13,43,1,2,48,13,0,51,56,58,69,64,121
3,0,8,43,1,3,53,12,0,59,51,54,63,71,123
1,0,8,42,0,2,54,15,0,57,50,52,65,72,122
1,0,6,49,0,3,49,14,0,53,55,58,69,67,122
1,0,8,45,1,3,51,15,0,55,53,56,68,70,124
2,0,9,41,0,4,54,12,0,60,50,54,62,72,122
1,0,9,41,1,4,57,10,0,62,50,54,60,72,123
1,0,9,44,1,3,51,14,0,55,53,56,67,69,123
0,0,6,46,1,3,52,14,0,55,52,55,66,69,122
1,0,7,44,1,0,55,12,0,56,51,51,63,68,120
1,0,7,42,1,3,47,21,0,51,49,52,70,72,122
1,0,11,39,1,2,55,12,0,58,50,52,62,70,121
1,0,9,37,0,4,55,17,0,60,46,50,63,77,123
0,0,9,45,0,0,52,14,0,52,54,54,68,66,120
2,0,9,44,0,5,52,12,0,59,53,58,65,71,124
1,0,10,41,1,4,56,11,0,61,51,55,62,72,124
1,0,7,46,1,3,50,16,0,54,53,56,69,70,124
1,0,7,43,0,5,55,12,0,61,50,55,62,73,123
1,0,8,45,1,2,50,15,0,53,53,55,68,68,122
1,0,10,37,1,3,54,17,0,58,47,50,64,75,123
0,0,0,48,0,4,58,12,0,62,48,52,60,74,122
1,0,10,35,0,1,61,12,0,63,45,46,57,75,120
2,0,13,35,1,2,53,16,0,57,48,50,64,73,122
1,0,6,42,2,4,51,14,0,56,48,52,62,70,120
1,0,8,43,0,3,50,16,0,54,51,54,67,70,121
2,0,11,43,0,2,49,13,0,53,54,56,67,66,120
1,0,0,45,1,4,57,13,0,62,45,49,58,75,121
1,0,11,36,0,3,58,12,0,62,47,50,59,74,121
0,0,7,46,1,0,57,9,0,57,53,53,62,66,120
0,0,8,41,1,4,58,12,0,62,49,53,61,74,124
1,0,11,38,0,4,50,16,0,55,49,53,65,71,120
1,0,7,44,0,2,54,13,0,57,51,53,64,70,121
1,0,8,48,1,2,49,13,0,52,56,58,69,65,122
1,0,6,46,0,3,51,16,0,55,52,55,68,71,123
2,0,9,39,1,2,56,13,0,60,48,50,61,73,122
0,0,8,43,1,3,54,13,0,57,51,54,64,70,122
1,0,6,41,0,3,61,11,0,65,47,50,58,76,123
1,0,6,44,0,4,56,11,0,61,50,54,61,72,122
1,0,7,43,0,1,53,16,0,55,50,51,66,71,121
1,0,7,44,0,2,54,13,0,57,51,53,64,70,121
1,0,10,41,1,3,55,12,0,59,51,54,63,71,123
0,0,9,40,0,2,58,11,0,60,49,51,60,71,120
1,0,8,45,1,3,52,12,0,56,53,56,65,68,122
1,0,11,43,0,2,51,14,0,54,54,56,68,68,122
1,0,7,49,1,4,51,10,0,56,56,60,66,66,123
1,0,12,38,1,3,50,17,0,54,50,53,67,71,122
1,0,0,42,0,4,60,15,0,65,42,46,57,80,122
0,0,6,42,0,5,57,13,0,62,48,53,61,75,123
0,0,10,44,1,2,50,13,0,52,54,56,67,65,120
1,0,8,44,0,4,49,16,0,54,52,56,68,70,122
1,0,6,46,0,3,53,12,0,57,52,55,64,69,121
0,0,7,42,0,4,57,13,0,61,49,53,62,74,123
1,0,7,41,0,2,54,15,0,57,48,50,63,72,120
1,0,0,46,1,3,53,18,0,57,46,49,64,75,122
1,0,7,49,1,3,47,13,0,51,56,59,69,64,121
0,0,7,47,1,3,51,13,0,54,54,57,67,67,122
1,0,8,48,1,2,52,8,0,55,56,58,64,63,120
1,0,0,47,1,3,55,15,0,59,47,50,62,74,122
1,0,9,42,1,1,51,16,0,53,51,52,67,69,121
1,0,7,45,0,2,50,16,0,53,52,54,68,69,121
1,0,8,43,0,3,55,13,0,59,51,54,64,72,123
1,0,8,41,1,2,55,13,0,58,49,51,62,71,121
0,0,7,45,1,4,52,13,0,56,52,56,65,69,122
1,0,9,44,0,3,50,14,0,54,53,56,67,68,121
1,0,8,39,0,3,54,17,0,58,47,50,64,75,122
1,0,9,45,1,3,52,12,0,56,54,57,66,68,123
0,0,12,36,0,3,56,15,0,59,48,51,63,74,122
1,0,8,39,0,2,56,15,0,59,47,49,62,74,121
1,0,10,33,1,2,60,14,0,63,43,45,57,77,121
1,0,8,44,0,1,52,15,0,54,52,53,67,69,121
1,0,8,43,1,1,53,14,0,55,51,52,65,69,121
1,0,8,45,0,2,52,14,0,55,53,55,67,69,122
0,0,9,41,1,3,51,16,0,54,50,53,66,70,121
1,0,10,39,0,2,55,13,0,58,49,51,62,71,120
1,0,7,44,1,4,57,11,0,62,51,55,62,73,125
1,0,0,47,0,3,59,13,0,63,47,50,60,76,123
1,0,6,46,1,5,50,12,0,56,52,57,64,68,121
1,0,7,39,0,1,56,16,0,58,46,47,62,74,120
1,0,13,33,1,3,61,11,0,65,46,49,57,76,123
1,0,8,42,0,3,54,14,0,58,50,53,64,72,122
1,0,0,50,1,5,49,19,0,55,50,55,69,74,125
0,0,8,47,0,5,47,17,0,52,55,60,72,69,124
1,0,6,43,1,3,54,16,0,58,49,52,65,74,124
1,0,9,40,1,3,55,14,0,59,49,52,63,73,123
1,0,7,47,1,2,50,14,0,53,54,56,68,67,122
1,0,9,40,1,5,57,13,0,63,49,54,62,76,126
1,0,7,42,0,3,52,16,0,56,49,52,65,72,121
2,0,11,37,0,2,56,12,0,60,48,50,60,72,120
1,0,10,45,0,4,48,15,0,53,55,59,70,68,123
2,0,9,43,1,4,54,10,0,60,52,56,62,70,123
1,0,7,45,1,3,52,14,0,56,52,55,66,70,123
1,0,9,35,0,4,61,13,0,66,44,48,57,79,123
1,0,9,40,0,2,54,15,0,57,49,51,64,72,121
1,0,8,45,0,2,52,14,0,55,53,55,67,69,122
1,0,7,45,1,4,54,10,0,59,52,56,62,69,122
0,0,7,41,1,2,57,14,0,59,48,50,62,73,122
0,0,7,41,1,5,55,13,0,60,48,53,61,73,122
1,0,8,40,0,4,50,19,0,55,48,52,67,74,122
1,0,9,41,0,2,54,13,0,57,50,52,63,70,120
0,0,8,46,1,3,50,13,0,53,54,57,67,66,121
6,0,11,36,0,3,55,10,0,64,47,50,57,74,121
1,0,7,45,1,4,54,12,0,59,52,56,64,71,124
1,0,9,40,1,4,55,13,0,60,49,53,62,73,123
1,0,8,39,1,5,55,14,0,61,47,52,61,75,123
1,0,0,51,1,4,50,15,0,55,51,55,66,70,122
0,0,0,50,1,3,49,17,0,52,50,53,67,69,120
1,0,6,46,0,3,54,13,0,58,52,55,65,71,123
0,0,7,46,0,5,52,10,0,57,53,58,63,67,120
5,0,0,41,1,4,61,11,0,70,41,45,52,81,123
0,0,8,42,1,3,52,16,0,55,50,53,66,71,122
0,0,11,40,0,5,53,15,0,58,51,56,66,73,124
1,0,11,37,1,4,58,12,0,63,48,52,60,75,124
2,0,10,38,1,3,52,17,0,57,48,51,65,74,123
1,0,7,42,1,1,55,14,0,57,49,50,63,71,121
1,0,0,51,1,2,54,13,0,57,51,53,64,70,122
2,0,8,39,1,2,54,15,0,58,47,49,62,73,121
1,0,6,42,1,4,55,15,0,60,48,52,63,75,124
2,0,9,37,0,6,55,14,0,63,46,52,60,77,123
1,0,7,43,0,5,50,15,0,56,50,55,65,71,121
1,0,0,47,0,3,58,12,0,62,47,50,59,74,121
1,0,8,44,0,3,51,16,0,55,52,55,68,71,123
2,0,6,45,1,4,52,12,0,58,51,55,63,70,122
1,0,6,45,1,3,50,15,0,54,51,54,66,69,121
1,0,7,41,1,4,53,18,0,58,48,52,66,76,125
1,0,7,42,1,1,52,18,0,54,49,50,67,72,122
1,0,9,43,1,2,53,11,0,56,52,54,63,67,120
1,0,10,41,0,5,51,16,0,57,51,56,67,73,124
0,0,0,48,1,2,58,13,0,60,48,50,61,73,122
4,0,7,46,1,2,49,12,0,55,53,55,65,67,121
1,0,7,42,0,3,53,15,0,57,49,52,64,72,121
1,0,8,41,0,5,57,13,0,63,49,54,62,76,125
1,0,9,42,1,5,53,14,0,59,51,56,65,73,125
2,0,8,43,1,5,53,12,0,60,51,56,63,72,124
1,0,8,37,1,3,55,17,0,59,45,48,62,76,122
1,0,8,41,1,4,53,14,0,58,49,53,63,72,122
1,0,10,43,1,3,52,11,0,56,53,56,64,67,121
0,0,9,42,0,2,55,13,0,57,51,53,64,70,121
1,0,10,45,1,1,51,13,0,53,55,56,68,66,122
1,0,11,39,1,2,47,20,0,50,50,52,70,70,121
1,0,8,37,0,2,59,14,0,62,45,47,59,76,121
1,0,12,39,1,4,55,12,0,60,51,55,63,72,124
1,0,7,47,1,2,49,15,0,52,54,56,69,67,122
1,0,8,45,0,4,54,11,0,59,53,57,64,70,123
1,0,7,43,1,2,53,14,0,56,50,52,64,70,121
2,0,9,42,1,2,50,15,0,54,51,53,66,69,121
2,0,10,36,0,3,57,13,0,62,46,49,59,75,121
1,0,10,42,0,2,55,12,0,58,52,54,64,70,122
1,0,7,49,1,2,46,16,0,49,56,58,72,65,122
1,0,10,40,0,5,55,12,0,61,50,55,62,73,123
3,0,11,40,1,2,47,18,0,52,51,53,69,70,122
0,0,9,40,0,4,59,10,0,63,49,53,59,73,122
1,0,7,42,1,5,54,15,0,60,49,54,64,75,125
1,0,9,38,1,3,53,17,0,57,47,50,64,74,122
0,0,11,38,1,1,56,14,0,57,49,50,63,71,121
2,0,8,38,0,3,54,17,0,59,46,49,63,76,122
0,0,8,47,0,3,54,9,0,57,55,58,64,66,121
1,0,8,44,1,2,52,14,0,55,52,54,66,69,122
1,0,9,36,0,3,60,13,0,64,45,48,58,77,122
0,0,9,40,1,4,54,16,0,58,49,53,65,74,124
1,0,9,46,1,4,47,16,0,52,55,59,71,68,124
1,0,7,42,1,2,51,18,0,54,49,51,67,72,122
1,0,9,44,0,2,54,10,0,57,53,55,63,67,120
1,0,7,40,0,5,58,13,0,64,47,52,60,77,124
2,0,7,43,1,3,55,12,0,60,50,53,62,72,123
1,0,8,45,0,4,55,11,0,60,53,57,64,71,124
1,0,8,43,1,3,50,16,0,54,51,54,67,70,122
1,0,7,42,1,4,57,11,0,62,49,53,60,73,123
0,0,7,41,1,4,54,17,0,58,48,52,65,75,124
1,0,7,45,1,2,48,17,0,51,52,54,69,68,121
1,0,8,42,0,3,55,14,0,59,50,53,64,73,123
1,0,0,47,0,2,57,14,0,60,47,49,61,74,121
1,0,7,39,0,4,60,13,0,65,46,50,59,78,124
1,0,8,45,1,3,54,12,0,58,53,56,65,70,124
1,0,8,41,1,4,56,10,0,61,49,53,59,71,121
1,0,7,47,0,1,48,16,0,50,54,55,70,66,120
0,0,7,40,0,3,54,17,0,57,47,50,64,74,121
1,0,10,40,0,3,54,15,0,58,50,53,65,73,123
0,0,0,49,1,2,58,12,0,60,49,51,61,72,122
1,0,11,40,0,4,53,14,0,58,51,55,65,72,123
1,0,0,46,1,3,60,12,0,64,46,49,58,76,123
0,0,7,46,0,5,47,15,0,52,53,58,68,67,120
1,0,9,40,0,3,58,11,0,62,49,52,60,73,122
1,0,7,49,0,3,47,14,0,51,56,59,70,65,121
1,0,0,47,1,4,57,13,0,62,47,51,60,75,123
1,0,8,40,0,3,54,15,0,58,48,51,63,73,121
1,0,7,47,0,3,50,13,0,54,54,57,67,67,121
1,0,9,42,1,3,52,15,0,56,51,54,66,71,123
1,0,10,40,1,3,53,14,0,57,50,53,64,71,122
3,0,11,34,0,4,56,14,0,63,45,49,59,77,122
2,0,9,38,1,4,53,13,0,59,47,51,60,72,120
2,0,11,41,0,2,54,11,0,58,52,54,63,69,121
1,0,7,41,1,3,51,20,0,55,48,51,68,75,124
1,0,8,40,0,3,56,14,0,60,48,51,62,74,122
0,0,10,44,0,4,49,15,0,53,54,58,69,68,122
1,0,9,38,1,3,48,23,0,52,47,50,70,75,123
1,0,7,45,0,4,53,13,0,58,52,56,65,71,123
1,0,7,47,0,3,53,11,0,57,54,57,65,68,122
1,0,0,50,1,3,54,13,0,58,50,53,63,71,122
1,0,7,46,1,3,50,13,0,54,53,56,66,67,121
0,0,6,46,1,3,53,13,0,56,52,55,65,69,122
1,0,0,48,0,4,54,15,0,59,48,52,63,74,122
1,0,8,43,1,4,51,16,0,56,51,55,67,72,124
1,0,0,48,0,1,56,15,0,58,48,49,63,73,121
1,0,8,39,1,2,58,13,0,61,47,49,60,74,122
1,0,10,42,1,4,55,11,0,60,52,56,63,71,124
0,0,7,43,0,3,55,14,0,58,50,53,64,72,122
1,0,7,40,0,3,58,11,0,62,47,50,58,73,120
1,0,11,41,1,3,49,14,0,53,52,55,66,67,120
1,0,7,45,1,4,52,13,0,57,52,56,65,70,123
1,0,11,43,0,3,53,10,0,57,54,57,64,67,121
1,0,9,41,0,4,52,15,0,57,50,54,65,72,122
1,0,11,41,0,3,47,19,0,51,52,55,71,70,122
0,0,11,34,1,2,60,13,0,62,45,47,58,75,121
1,0,8,41,0,5,57,9,0,63,49,54,58,72,121
1,0,9,40,1,2,57,11,0,60,49,51,60,71,121
1,0,10,37,1,3,61,10,0,65,47,50,57,75,123
0,0,8,40,0,2,57,14,0,59,48,50,62,73,121
0,0,10,43,1,3,51,13,0,54,53,56,66,67,121
1,0,10,44,1,4,51,13,0,56,54,58,67,69,124
1,0,9,40,0,6,57,12,0,64,49,55,61,76,125
0,0,9,42,0,3,53,15,0,56,51,54,66,71,122
1,0,0,47,1,5,52,18,0,58,47,52,65,76,124
0,0,6,45,1,2,54,13,0,56,51,53,64,69,121
1,0,8,46,0,4,52,11,0,57,54,58,65,68,122
1,0,7,39,1,4,53,16,0,58,46,50,62,74,121
1,0,6,46,0,4,51,15,0,56,52,56,67,71,123
1,0,7,39,1,3,61,11,0,65,46,49,57,76,123
0,0,7,43,1,3,56,11,0,59,50,53,61,70,121
1,0,0,48,1,3,48,21,0,52,48,51,69,73,122
1,0,9,38,0,4,60,10,0,65,47,51,57,75,122
1,0,14,42,0,4,50,12,0,55,56,60,68,67,123
1,0,10,43,0,2,50,15,0,53,53,55,68,68,121
1,0,0,47,1,2,57,14,0,60,47,49,61,74,122
1,0,9,39,1,3,57,12,0,61,48,51,60,73,122
1,0,7,40,0,2,57,13,0,60,47,49,60,73,120
2,0,8,43,0,4,53,12,0,59,51,55,63,71,122
1,0,10,38,1,4,56,15,0,61,48,52,63,76,125
1,0,0,46,0,5,58,14,0,64,46,51,60,78,124
0,0,0,49,1,3,56,13,0,59,49,52,62,72,122
0,0,8,43,1,3,55,13,0,58,51,54,64,71,123
1,0,0,47,1,3,59,11,0,63,47,50,58,74,122
1,0,8,43,1,3,54,12,0,58,51,54,63,70,122
1,0,9,41,1,2,51,16,0,54,50,52,66,70,121
0,0,8,44,0,4,49,17,0,53,52,56,69,70,122
1,0,8,42,1,3,51,16,0,55,50,53,66,71,122
1,0,7,43,1,3,53,15,0,57,50,53,65,72,123
1,0,8,47,1,3,48,15,0,52,55,58,70,67,123
1,0,7,45,0,5,55,11,0,61,52,57,63,72,124
1,0,6,42,1,4,57,13,0,62,48,52,61,75,124
1,0,8,41,1,1,59,10,0,61,49,50,59,71,121
1,0,7,39,0,4,58,14,0,63,46,50,60,77,123
0,0,9,43,0,4,54,12,0,58,52,56,64,70,122
1,0,12,39,1,3,55,10,0,59,51,54,61,69,121
1,0,10,38,0,3,56,14,0,60,48,51,62,74,122
1,0,12,38,1,3,52,15,0,56,50,53,65,71,122
1,0,0,53,0,3,51,14,0,55,53,56,67,69,122
1,0,7,49,1,4,47,13,0,52,56,60,69,65,122
0,0,9,43,1,3,50,16,0,53,52,55,68,69,122
1,0,0,48,0,2,55,14,0,58,48,50,62,72,120
1,0,9,43,0,4,52,15,0,57,52,56,67,72,124
1,0,8,47,1,2,51,13,0,54,55,57,68,67,123
0,0,10,40,1,3,51,17,0,54,50,53,67,71,122
1,0,12,35,0,4,57,14,0,62,47,51,61,76,123
1,0,8,43,0,2,48,19,0,51,51,53,70,70,121
1,0,8,47,0,3,47,15,0,51,55,58,70,66,121
1,0,10,39,0,4,52,15,0,57,49,53,64,72,121
1,0,10,39,0,5,57,12,0,63,49,54,61,75,124
0,0,7,43,1,5,53,16,0,58,50,55,66,74,125
1,0,11,42,0,4,50,15,0,55,53,57,68,70,123
3,0,0,48,0,2,55,13,0,60,48,50,61,73,121
3,0,9,39,0,4,52,15,0,59,48,52,63,74,122
1,0,7,43,0,3,55,13,0,59,50,53,63,72,122
1,0,11,38,2,5,56,10,0,62,49,54,59,72,123
1,0,7,43,0,2,52,16,0,55,50,52,66,71,121
1,0,6,45,0,2,51,15,0,54,51,53,66,69,120
1,0,7,40,1,5,58,12,0,64,47,52,59,76,124
1,0,6,46,1,4,53,14,0,58,52,56,66,72,125
1,0,8,43,0,3,54,13,0,58,51,54,64,71,122
1,0,9,41,1,4,52,16,0,57,50,54,66,73,124
1,0,8,44,1,5,51,14,0,57,52,57,66,71,124
1,0,9,41,1,2,56,12,0,59,50,52,62,71,122
1,0,10,42,1,3,51,14,0,55,52,55,66,69,122
0,0,7,41,0,5,56,12,0,61,48,53,60,73,121
2,0,10,42,0,4,53,12,0,59,52,56,64,71,123
1,0,0,48,1,2,61,10,0,64,48,50,58,74,123
0,0,7,47,0,2,52,13,0,54,54,56,67,67,121
1,0,9,42,0,5,56,11,0,62,51,56,62,73,124
1,0,8,43,1,4,52,15,0,57,51,55,66,72,124
2,0,10,36,1,3,54,15,0,59,46,49,61,74,121
2,0,12,35,3,3,53,14,0,58,47,50,61,72,122
2,0,8,39,1,4,57,12,0,63,47,51,59,75,123
1,0,8,45,0,2,53,13,0,56,53,55,66,69,122
1,0,7,43,0,3,51,16,0,55,50,53,66,71,121
0,0,9,42,0,3,56,12,0,59,51,54,63,71,122
1,0,0,48,1,4,55,15,0,60,48,52,63,75,124
1,0,7,46,0,3,52,11,0,56,53,56,64,67,120
0,0,8,46,0,3,49,15,0,52,54,57,69,67,121
1,0,7,47,0,4,52,12,0,57,54,58,66,69,123
1,0,9,41,0,4,56,10,0,61,50,54,60,71,121
1,0,9,40,1,4,53,16,0,58,49,53,65,74,124
1,0,7,42,0,4,56,11,0,61,49,53,60,72,121
1,0,8,43,0,4,54,14,0,59,51,55,65,73,124
1,0,11,38,0,4,51,18,0,56,49,53,67,74,123
0,0,7,43,1,4,54,15,0,58,50,54,65,73,124
1,0,0,44,1,4,59,12,0,64,44,48,56,76,121
1,0,9,39,0,4,52,17,0,57,48,52,65,74,122
1,0,12,39,1,4,52,14,0,57,51,55,65,71,123
1,0,8,43,0,2,50,16,0,53,51,53,67,69,120
1,0,9,45,1,2,51,13,0,54,54,56,67,67,122
2,0,10,41,1,5,51,14,0,58,51,56,65,72,124
0,0,6,47,0,2,54,12,0,56,53,55,65,68,121
1,0,11,40,0,2,53,15,0,56,51,53,66,71,122
1,0,9,39,1,4,54,17,0,59,48,52,65,76,125
0,0,6,44,0,5,56,12,0,61,50,55,62,73,123
0,0,11,39,1,3,56,12,0,59,50,53,62,71,122
1,0,9,39,1,4,56,13,0,61,48,52,61,74,123
0,0,10,41,0,3,55,13,0,58,51,54,64,71,122
1,0,8,42,0,4,58,9,0,63,50,54,59,72,122
2,0,10,36,0,4,55,15,0,61,46,50,61,76,122
1,0,8,39,1,3,56,14,0,60,47,50,61,74,122
4,0,9,44,1,3,49,11,0,56,53,56,64,67,121
1,0,9,43,1,3,51,14,0,55,52,55,66,69,122
1,0,9,42,1,5,49,18,0,55,51,56,69,73,125
0,0,9,45,1,6,50,14,0,56,54,60,68,70,125
2,0,9,38,1,2,55,14,0,59,47,49,61,73,121
1,0,9,38,1,3,56,15,0,60,47,50,62,75,123
0,0,8,42,1,1,55,14,0,56,50,51,64,70,121
1,0,8,43,1,1,54,13,0,56,51,52,64,69,121
1,0,7,44,1,3,53,14,0,57,51,54,65,71,123
0,0,9,39,1,3,56,15,0,59,48,51,63,74,123
1,0,11,41,1,4,55,8,0,60,52,56,60,68,121
1,0,7,43,1,4,50,16,0,55,50,54,66,71,122
1,0,0,47,0,2,57,14,0,60,47,49,61,74,121
1,0,7,44,0,3,51,15,0,55,51,54,66,70,121
1,0,9,46,1,4,51,12,0,56,55,59,67,68,124
0,0,9,40,0,2,51,18,0,53,49,51,67,71,120
1,0,13,37,0,2,53,15,0,56,50,52,65,71,121
1,0,8,45,0,4,48,15,0,53,53,57,68,68,121
0,0,8,47,1,3,51,11,0,54,55,58,66,65,121
1,0,8,40,1,2,57,12,0,60,48,50,60,72,121
1,0,10,37,0,3,59,10,0,63,47,50,57,73,120
1,0,0,46,1,3,58,12,0,62,46,49,58,74,121
1,0,10,46,1,3,49,14,0,53,56,59,70,67,124
0,0,8,45,1,3,53,12,0,56,53,56,65,68,122
0,0,7,49,0,3,52,11,0,55,56,59,67,66,122
1,0,8,41,1,3,56,11,0,60,49,52,60,71,121
0,0,0,50,0,2,59,10,0,61,50,52,60,71,121
1,0,8,47,1,3,52,11,0,56,55,58,66,67,123
1,0,7,45,1,2,58,8,0,61,52,54,60,69,122
1,0,7,44,0,3,52,14,0,56,51,54,65,70,121
1,0,6,42,1,3,57,10,0,61,48,51,58,71,120
2,0,9,39,0,4,54,15,0,60,48,52,63,75,123
1,0,10,41,1,1,52,15,0,54,51,52,66,69,121
1,0,11,40,0,4,55,11,0,60,51,55,62,71,122
1,0,9,36,1,3,56,18,0,60,45,48,63,78,124
0,0,7,44,0,5,52,15,0,57,51,56,66,72,123
1,0,8,45,0,2,51,14,0,54,53,55,67,68,121
0,0,7,47,0,4,52,14,0,56,54,58,68,70,124
0,0,7,45,0,5,52,14,0,57,52,57,66,71,123
0,0,10,38,0,3,56,14,0,59,48,51,62,73,121
1,0,8,42,1,4,50,17,0,55,50,54,67,72,123
1,0,0,50,0,2,53,15,0,56,50,52,65,71,121
1,0,7,44,0,4,54,13,0,59,51,55,64,72,123
1,0,7,39,0,2,56,16,0,59,46,48,62,75,121
1,0,7,41,1,2,56,15,0,59,48,50,63,74,123
1,0,7,45,1,4,51,12,0,56,52,56,64,68,121
0,0,7,41,0,3,60,10,0,63,48,51,58,73,121
2,0,7,45,1,2,48,16,0,52,52,54,68,68,121
1,0,8,43,1,2,56,11,0,59,51,53,62,70,122
1,0,9,40,0,2,55,14,0,58,49,51,63,72,121
1,0,6,43,0,6,57,12,0,64,49,55,61,76,125
1,0,8,40,0,4,50,20,0,55,48,52,68,75,123
0,0,9,38,1,4,56,16,0,60,47,51,63,76,124
1,0,0,46,1,3,59,11,0,63,46,49,57,74,121
0,0,7,48,0,4,50,11,0,54,55,59,66,65,120
0,0,9,42,1,3,55,13,0,58,51,54,64,71,123
0,0,7,43,1,1,58,11,0,59,50,51,61,70,121
1,0,8,44,0,4,50,16,0,55,52,56,68,71,123
0,0,7,45,1,4,54,10,0,58,52,56,62,68,121
1,0,10,39,0,2,54,15,0,57,49,51,64,72,121
1,0,9,45,0,4,53,10,0,58,54,58,64,68,122
1,0,9,41,0,3,53,16,0,57,50,53,66,73,123
1,0,8,41,1,3,55,13,0,59,49,52,62,72,122
1,0,8,41,1,2,53,15,0,56,49,51,64,71,121
1,0,9,42,1,2,50,17,0,53,51,53,68,70,122
1,0,6,45,1,2,55,11,0,58,51,53,62,69,121
1,0,8,42,0,3,53,15,0,57,50,53,65,72,122
1,0,8,39,1,3,58,11,0,62,47,50,58,73,121
1,0,8,43,1,4,53,11,0,58,51,55,62,69,121
1,0,6,46,1,3,54,11,0,58,52,55,63,69,122
1,0,10,41,0,5,53,13,0,59,51,56,64,72,123
1,0,9,44,1,4,50,15,0,55,53,57,68,70,124
1,0,8,43,0,3,53,13,0,57,51,54,64,70,121
1,0,7,44,1,3,52,15,0,56,51,54,66,71,123
1,0,0,46,1,2,60,12,0,63,46,48,58,75,122
0,0,9,41,0,4,55,12,0,59,50,54,62,71,121
1,0,6,45,0,2,55,12,0,58,51,53,63,70,121
1,0,0,48,0,3,57,11,0,61,48,51,59,72,120
1,0,9,40,0,1,54,15,0,56,49,50,64,71,120
0,0,7,43,0,0,55,15,0,55,50,50,65,70,120
1,0,11,42,0,3,52,13,0,56,53,56,66,69,122
2,0,7,41,0,2,57,12,0,61,48,50,60,73,121
1,0,10,38,0,5,53,17,0,59,48,53,65,76,124
0,0,8,43,1,3,54,13,0,57,51,54,64,70,122
1,0,7,44,0,3,55,12,0,59,51,54,63,71,122
0,0,8,41,1,2,53,16,0,55,49,51,65,71,121
2,0,9,38,0,3,56,13,0,61,47,50,60,74,121
0,0,8,48,0,2,46,17,0,48,56,58,73,65,121
1,0,10,46,0,6,50,13,0,57,56,62,69,70,126
0,0,6,48,0,4,50,14,0,54,54,58,68,68,122
0,0,8,41,1,3,60,10,0,63,49,52,59,73,123
0,0,7,40,1,4,58,11,0,62,47,51,58,73,121
0,0,9,40,0,5,53,16,0,58,49,54,65,74,123
1,0,7,43,0,2,53,14,0,56,50,52,64,70,120
1,0,10,37,0,4,57,13,0,62,47,51,60,75,122
0,0,7,42,0,4,55,15,0,59,49,53,64,74,123
1,0,11,39,2,2,52,14,0,55,50,52,64,69,121
1,0,8,38,0,2,58,13,0,61,46,48,59,74,120
0,0,7,46,1,2,49,17,0,51,53,55,70,68,122
1,0,7,42,1,4,55,12,0,60,49,53,61,72,122
1,0,6,45,0,3,51,15,0,55,51,54,66,70,121
0,0,9,42,1,3,50,18,0,53,51,54,69,71,123
0,0,7,46,1,4,50,15,0,54,53,57,68,69,123
2,0,8,44,1,2,52,12,0,56,52,54,64,68,121
0,0,8,43,1,3,53,15,0,56,51,54,66,71,123
1,0,9,44,0,5,48,14,0,54,53,58,67,68,121
1,0,0,48,1,2,60,9,0,63,48,50,57,72,121
0,0,7,40,1,2,59,12,0,61,47,49,59,73,121
1,0,8,41,1,3,55,13,0,59,49,52,62,72,122
0,0,7,49,1,5,49,13,0,54,56,61,69,67,124
1,0,9,45,0,5,49,12,0,55,54,59,66,67,121
1,0,8,43,0,5,56,10,0,62,51,56,61,72,123
1,0,8,46,1,3,52,11,0,56,54,57,65,67,122
1,0,9,42,1,4,57,11,0,62,51,55,62,73,125
1,0,7,45,0,3,51,14,0,55,52,55,66,69,121
1,0,7,44,0,4,55,11,0,60,51,55,62,71,122
0,0,10,41,1,2,53,14,0,55,51,53,65,69,121
1,0,6,47,0,2,54,11,0,57,53,55,64,68,121
1,0,7,42,1,4,54,14,0,59,49,53,63,73,123
1,0,10,39,0,2,53,15,0,56,49,51,64,71,120
1,0,10,41,1,1,56,11,0,58,51,52,62,69,121
2,0,9,41,0,3,55,12,0,60,50,53,62,72,122
1,0,11,41,1,4,52,12,0,57,52,56,64,69,122
1,0,8,41,1,3,55,13,0,59,49,52,62,72,122
1,0,8,43,1,2,55,13,0,58,51,53,64,71,123
0,0,8,44,0,2,54,12,0,56,52,54,64,68,120
0,0,10,44,1,2,53,12,0,55,54,56,66,67,122
1,0,8,45,1,2,52,13,0,55,53,55,66,68,122
1,0,9,43,0,4,53,14,0,58,52,56,66,72,124
1,0,11,43,1,4,50,14,0,55,54,58,68,69,124
2,0,8,42,1,4,54,13,0,60,50,54,63,73,124
1,0,9,41,1,4,53,16,0,58,50,54,66,74,125
1,0,9,41,1,3,50,17,0,54,50,53,67,71,122
1,0,9,40,0,4,55,12,0,60,49,53,61,72,121
0,0,8,42,1,4,52,16,0,56,50,54,66,72,123
1,0,11,39,1,5,55,13,0,61,50,55,63,74,125
0,0,8,40,0,4,55,16,0,59,48,52,64,75,123
1,0,8,38,0,3,56,16,0,60,46,49,62,76,122
1,0,11,45,0,2,51,12,0,54,56,58,68,66,122
1,0,0,54,0,3,50,13,0,54,54,57,67,67,121
1,0,7,44,1,3,53,14,0,57,51,54,65,71,123
1,0,7,42,0,2,51,17,0,54,49,51,66,71,120
0,0,6,47,0,2,52,13,0,54,53,55,66,67,120
1,0,8,46,0,2,49,16,0,52,54,56,70,68,122
1,0,7,43,1,5,55,13,0,61,50,55,63,74,125
2,0,6,39,1,2,56,15,0,60,45,47,60,75,121
1,0,8,41,0,2,52,18,0,55,49,51,67,73,122
2,0,9,41,0,4,51,13,0,57,50,54,63,70,120
1,0,10,43,0,2,52,13,0,55,53,55,66,68,121
0,0,0,49,1,2,56,13,0,58,49,51,62,71,121
0,0,7,41,0,2,58,12,0,60,48,50,60,72,120
2,0,8,45,1,4,51,13,0,57,53,57,66,70,124
3,0,6,44,1,3,51,15,0,57,50,53,65,72,123
1,0,9,39,0,4,58,11,0,63,48,52,59,74,122
0,0,7,42,1,2,59,10,0,61,49,51,59,71,121
0,0,7,43,0,5,53,15,0,58,50,55,65,73,123
1,0,10,37,1,3,52,17,0,56,47,50,64,73,121
1,0,8,44,0,3,53,11,0,57,52,55,63,68,120
1,0,7,48,0,6,51,13,0,58,55,61,68,71,126
1,0,7,44,0,2,50,16,0,53,51,53,67,69,120
1,0,8,42,0,4,52,15,0,57,50,54,65,72,122
1,0,8,41,1,2,52,17,0,55,49,51,66,72,122
1,0,10,40,1,3,51,18,0,55,50,53,68,73,124
1,0,7,43,0,4,54,13,0,59,50,54,63,72,122
3,0,9,38,1,4,53,15,0,60,47,51,62,75,123
1,0,8,44,1,0,53,14,0,54,52,52,66,68,121
1,0,8,42,0,5,52,17,0,58,50,55,67,75,125
1,0,7,42,0,1,52,18,0,54,49,50,67,72,121
1,0,7,46,0,2,51,14,0,54,53,55,67,68,121
2,0,9,39,1,1,54,15,0,57,48,49,63,72,121
1,0,8,46,1,2,50,14,0,53,54,56,68,67,122
0,0,8,41,1,3,51,18,0,54,49,52,67,72,122
1,0,6,49,0,4,48,15,0,53,55,59,70,68,123
0,0,9,43,0,6,51,16,0,57,52,58,68,73,125
1,0,7,44,1,3,54,11,0,58,51,54,62,69,121
1,0,0,48,0,4,55,14,0,60,48,52,62,74,122
1,0,8,39,0,4,59,11,0,64,47,51,58,75,122
3,0,8,42,0,4,50,13,0,57,50,54,63,70,120
4,0,0,47,1,2,54,14,0,60,47,49,61,74,122
1,0,7,42,1,5,56,13,0,62,49,54,62,75,125
1,0,7,44,1,3,54,13,0,58,51,54,64,71,123
1,0,8,46,1,3,55,9,0,59,54,57,63,68,123
0,0,7,42,1,1,55,15,0,56,49,50,64,71,121
1,0,0,45,0,4,59,14,0,64,45,49,59,78,123
1,0,12,42,0,3,45,18,0,49,54,57,72,67,121
1,0,8,39,1,5,56,11,0,62,47,52,58,73,121
1,0,8,41,2,2,55,13,0,58,49,51,62,71,122
1,0,7,41,1,5,55,14,0,61,48,53,62,75,124
1,0,8,41,0,2,52,16,0,55,49,51,65,71,120
2,0,7,42,1,5,55,12,0,62,49,54,61,74,124
1,0,10,38,0,2,54,16,0,57,48,50,64,73,121
1,0,10,40,1,3,58,10,0,62,50,53,60,72,123
1,0,7,46,0,4,52,13,0,57,53,57,66,70,123
1,0,9,41,1,4,56,11,0,61,50,54,61,72,123
0,0,6,47,0,4,52,13,0,56,53,57,66,69,122
2,0,8,45,0,4,50,13,0,56,53,57,66,69,122
1,0,7,48,1,2,52,12,0,55,55,57,67,67,123
0,0,0,50,0,4,51,17,0,55,50,54,67,72,122
1,0,6,42,0,4,54,17,0,59,48,52,65,76,124
1,0,7,41,0,3,58,11,0,62,48,51,59,73,121
1,0,8,45,0,2,53,11,0,56,53,55,64,67,120
1,0,7,45,1,2,50,16,0,53,52,54,68,69,122
0,0,7,50,1,4,50,11,0,54,57,61,68,65,123
1,0,8,46,1,3,54,10,0,58,54,57,64,68,123
1,0,8,42,1,4,54,15,0,59,50,54,65,74,125
1,0,7,39,1,4,59,12,0,64,46,50,58,76,123
0,0,0,49,1,3,56,13,0,59,49,52,62,72,122
5,0,10,40,1,4,53,10,0,62,50,54,60,72,123
1,0,7,45,0,4,55,11,0,60,52,56,63,71,123
1,0,10,39,1,3,53,16,0,57,49,52,65,73,123
1,0,0,48,1,2,55,14,0,58,48,50,62,72,121
1,0,8,46,0,3,46,19,0,50,54,57,73,69,123
1,0,6,45,1,2,51,16,0,54,51,53,67,70,122
0,0,7,48,1,2,48,15,0,50,55,57,70,65,121
1,0,6,42,1,3,58,11,0,62,48,51,59,73,122
1,0,6,46,1,2,53,13,0,56,52,54,65,69,122
0,0,0,51,1,2,55,12,0,57,51,53,63,69,121
2,0,6,42,0,4,56,12,0,62,48,52,60,74,122
1,0,8,48,0,4,47,15,0,52,56,60,71,67,123
1,0,11,39,0,4,49,17,0,54,50,54,67,71,121
1,0,7,45,1,4,56,11,0,61,52,56,63,72,125
1,0,7,44,0,5,49,16,0,55,51,56,67,71,122
3,0,8,39,1,2,50,18,0,55,47,49,65,73,121
1,0,0,52,1,6,53,12,0,60,52,58,64,72,125
0,0,8,41,1,4,54,16,0,58,49,53,65,74,124
1,0,7,43,0,4,54,14,0,59,50,54,64,73,123
1,0,10,42,0,2,51,15,0,54,52,54,67,69,121
1,0,8,48,0,4,46,16,0,51,56,60,72,67,123
1,0,6,42,0,4,54,17,0,59,48,52,65,76,124
1,0,10,43,1,2,52,14,0,55,53,55,67,69,123
0,0,7,41,0,2,53,17,0,55,48,50,65,72,120
1,0,9,42,1,2,53,13,0,56,51,53,64,69,121
1,0,6,45,1,3,55,12,0,59,51,54,63,71,123
0,0,11,39,0,3,54,15,0,57,50,53,65,72,122
2,0,0,46,0,4,56,14,0,62,46,50,60,76,122
1,0,6,42,1,5,57,13,0,63,48,53,61,76,125
1,0,0,51,1,4,56,11,0,61,51,55,62,72,124
3,0,9,44,0,4,53,9,0,60,53,57,62,69,122
1,0,9,40,1,2,59,10,0,62,49,51,59,72,122
1,0,8,45,1,4,52,13,0,57,53,57,66,70,124
2,0,7,45,0,5,53,11,0,60,52,57,63,71,123
1,0,7,43,0,2,50,18,0,53,50,52,68,71,121
0,0,9,44,1,4,52,11,0,56,53,57,64,67,121
2,0,6,46,0,5,47,16,0,54,52,57,68,70,122
1,0,7,49,0,6,50,12,0,57,56,62,68,69,125
1,0,6,47,1,2,52,13,0,55,53,55,66,68,122
3,0,10,38,0,4,55,12,0,62,48,52,60,74,122
1,0,9,40,1,3,53,15,0,57,49,52,64,72,122
1,0,11,43,1,4,50,13,0,55,54,58,67,68,123
1,0,9,43,1,4,55,12,0,60,52,56,64,72,125
0,0,9,43,1,4,55,10,0,59,52,56,62,69,122
1,0,11,37,1,4,48,19,0,53,48,52,67,72,121
1,0,6,45,1,5,53,11,0,59,51,56,62,70,122
2,0,8,39,0,6,54,13,0,62,47,53,60,75,122
1,0,6,40,0,4,57,13,0,62,46,50,59,75,121
1,0,6,44,0,3,53,16,0,57,50,53,66,73,123
1,0,6,42,0,2,54,16,0,57,48,50,64,73,121
1,0,0,48,0,3,52,16,0,56,48,51,64,72,120
0,0,7,46,0,3,54,12,0,57,53,56,65,69,122
1,0,8,45,0,5,51,15,0,57,53,58,68,72,125
0,0,7,43,1,3,53,15,0,56,50,53,65,71,122
2,0,8,39,1,2,58,11,0,62,47,49,58,73,121
1,0,11,38,1,3,56,13,0,60,49,52,62,73,123
0,0,9,45,0,3,48,15,0,51,54,57,69,66,120
1,0,8,46,1,3,51,11,0,55,54,57,65,66,121
1,0,8,45,1,3,52,11,0,56,53,56,64,67,121
1,0,8,42,1,3,54,15,0,58,50,53,65,73,124
1,0,8,45,1,5,51,14,0,57,53,58,67,71,125
1,0,9,37,0,2,59,13,0,62,46,48,59,75,121
1,0,7,46,0,3,52,12,0,56,53,56,65,68,121
1,0,0,45,1,2,62,11,0,65,45,47,56,76,122
1,0,8,41,0,2,59,11,0,62,49,51,60,73,122
1,0,7,45,0,2,52,13,0,55,52,54,65,68,120
0,0,0,48,1,3,60,11,0,63,48,51,59,74,123
1,0,7,44,0,5,52,15,0,58,51,56,66,73,124
1,0,0,54,0,4,49,15,0,54,54,58,69,69,123
1,0,7,41,1,2,51,18,0,54,48,50,66,72,121
1,0,7,44,0,3,54,12,0,58,51,54,63,70,121
0,0,9,41,0,4,57,12,0,61,50,54,62,73,123
1,0,11,36,1,4,58,13,0,63,47,51,60,76,124
1,0,6,46,0,3,56,9,0,60,52,55,61,69,121
0,0,10,40,1,2,52,16,0,54,50,52,66,70,121
0,0,10,48,0,3,46,13,0,49,58,61,71,62,120
1,0,8,44,1,3,51,14,0,55,52,55,66,69,122
1,0,9,41,1,3,55,13,0,59,50,53,63,72,123
1,0,9,38,1,2,53,19,0,56,47,49,66,75,123
1,0,6,45,1,3,55,12,0,59,51,54,63,71,123
3,0,9,40,1,3,51,14,0,57,49,52,63,71,121
1,0,8,45,1,3,52,14,0,56,53,56,67,70,124
1,0,7,46,0,3,53,12,0,57,53,56,65,69,122
1,0,8,46,0,4,51,12,0,56,54,58,66,68,122
1,0,6,45,1,3,55,11,0,59,51,54,62,70,122
0,0,10,37,0,4,54,18,0,58,47,51,65,76,123
1,0,10,40,0,3,53,13,0,57,50,53,63,70,120
1,0,7,42,1,3,57,11,0,61,49,52,60,72,122
2,0,7,49,1,2,49,12,0,53,56,58,68,65,122
1,0,8,47,1,3,49,14,0,53,55,58,69,67,123
1,0,7,40,1,4,55,15,0,60,47,51,62,75,123
1,0,6,47,1,4,54,12,0,59,53,57,65,71,125
1,0,7,46,1,2,50,15,0,53,53,55,68,68,122
1,0,8,45,1,2,52,13,0,55,53,55,66,68,122
1,0,10,44,2,2,50,12,0,53,54,56,66,65,121
1,0,10,39,0,3,53,16,0,57,49,52,65,73,122
0,0,0,52,1,2,53,13,0,55,52,54,65,68,121
1,0,9,42,1,2,54,13,0,57,51,53,64,70,122
1,0,0,51,1,3,56,10,0,60,51,54,61,70,122
1,0,7,46,0,2,50,14,0,53,53,55,67,67,120
0,0,0,51,0,4,52,16,0,56,51,55,67,72,123
2,0,8,40,1,4,53,15,0,59,48,52,63,74,123
1,0,9,45,1,2,50,12,0,53,54,56,66,65,120
1,0,6,42,1,3,57,12,0,61,48,51,60,73,122
1,0,8,42,0,2,55,12,0,58,50,52,62,70,120
1,0,9,42,1,3,58,9,0,62,51,54,60,71,123
1,0,9,45,0,0,51,15,0,52,54,54,69,67,121
1,0,7,44,1,4,53,14,0,58,51,55,65,72,124
1,0,8,45,0,3,51,15,0,55,53,56,68,70,123
0,0,10,41,1,2,54,14,0,56,51,53,65,70,122
1,0,11,41,0,7,49,12,0,57,52,59,64,69,121
1,0,6,45,1,4,50,17,0,55,51,55,68,72,124
1,0,9,38,1,3,55,15,0,59,47,50,62,74,122
0,0,0,46,0,2,56,17,0,58,46,48,63,75,121
1,0,9,45,1,1,49,16,0,51,54,55,70,67,122
1,0,12,39,0,4,53,12,0,58,51,55,63,70,121
1,0,10,44,0,4,50,14,0,55,54,58,68,69,123
1,0,11,40,1,1,53,14,0,55,51,52,65,69,121
0,0,9,44,0,3,54,10,0,57,53,56,63,67,120
5,0,10,43,0,5,48,13,0,58,53,58,66,71,124
0,0,8,44,0,3,51,16,0,54,52,55,68,70,122
1,0,0,50,0,4,55,12,0,60,50,54,62,72,122
1,0,9,41,1,3,56,13,0,60,50,53,63,73,124
1,0,7,42,1,3,54,13,0,58,49,52,62,71,121
1,0,11,38,0,2,56,13,0,59,49,51,62,72,121
2,0,9,42,1,1,51,15,0,54,51,52,66,69,121
1,0,7,48,0,2,50,13,0,53,55,57,68,66,121
1,0,8,44,0,3,56,10,0,60,52,55,62,70,122
0,0,7,45,0,3,55,12,0,58,52,55,64,70,122
1,0,7,43,1,3,54,13,0,58,50,53,63,71,122
1,0,7,45,0,3,51,15,0,55,52,55,67,70,122
1,0,7,42,0,3,57,13,0,61,49,52,62,74,123
1,0,10,41,1,2,52,15,0,55,51,53,66,70,122
1,0,0,51,0,3,54,14,0,58,51,54,65,72,123
0,0,7,45,0,3,52,14,0,55,52,55,66,69,121
0,0,9,41,0,3,52,15,0,55,50,53,65,70,120
1,0,11,39,1,0,55,15,0,56,50,50,65,71,122
1,0,7,45,0,1,55,12,0,57,52,53,64,69,121
1,0,10,43,0,3,54,9,0,58,53,56,62,67,120
1,0,8,47,0,2,51,13,0,54,55,57,68,67,122
1,0,7,50,1,3,52,10,0,56,57,60,67,66,124
3,0,9,39,1,2,55,13,0,60,48,50,61,73,122
1,0,7,44,0,3,51,16,0,55,51,54,67,71,122
3,0,8,40,0,4,57,11,0,64,48,52,59,75,123
1,0,0,43,1,4,60,14,0,65,43,47,57,79,123
1,0,7,39,0,2,59,12,0,62,46,48,58,74,120
1,0,8,41,0,4,52,17,0,57,49,53,66,74,123
1,0,8,40,0,2,56,13,0,59,48,50,61,72,120
2,0,6,44,0,3,54,12,0,59,50,53,62,71,121
0,0,8,45,1,3,54,12,0,57,53,56,65,69,123
1,0,10,41,0,4,50,17,0,55,51,55,68,72,123
1,0,0,48,1,2,60,10,0,63,48,50,58,73,122
1,0,8,40,1,3,54,15,0,58,48,51,63,73,122
0,0,7,41,1,0,53,19,0,53,48,48,67,72,121
1,0,10,44,1,3,53,10,0,57,54,57,64,67,122
1,0,8,39,0,1,55,16,0,57,47,48,63,73,120
0,0,7,48,1,0,48,17,0,48,55,55,72,65,121
1,0,6,48,1,3,51,12,0,55,54,57,66,67,122
1,0,7,43,0,2,52,16,0,55,50,52,66,71,121
2,0,7,43,1,2,51,15,0,55,50,52,65,70,121
1,0,8,44,0,3,49,16,0,53,52,55,68,69,121
1,0,8,46,0,0,51,15,0,52,54,54,69,67,121
1,0,9,40,0,3,55,13,0,59,49,52,62,72,121
0,0,6,44,1,1,53,17,0,54,50,51,67,71,122
0,0,0,45,1,3,59,12,0,62,45,48,57,74,120
1,0,12,40,0,3,46,21,0,50,52,55,73,71,123
0,0,10,43,0,2,50,15,0,52,53,55,68,67,120
1,0,6,43,1,5,51,14,0,57,49,54,63,71,121
1,0,7,45,0,2,56,11,0,59,52,54,63,70,122
1,0,9,40,1,4,51,17,0,56,49,53,66,73,123
0,0,12,38,1,2,52,16,0,54,50,52,66,70,121
1,0,7,43,0,1,54,14,0,56,50,51,64,70,120
0,0,7,41,1,2,57,14,0,59,48,50,62,73,122
1,0,10,40,1,3,53,14,0,57,50,53,64,71,122
1,0,7,43,0,2,53,14,0,56,50,52,64,70,120
0,0,8,45,1,2,52,13,0,54,53,55,66,67,121
0,0,8,45,0,5,53,13,0,58,53,58,66,71,124
1,0,7,40,1,5,55,12,0,61,47,52,59,73,121
1,0,0,46,1,3,54,17,0,58,46,49,63,75,122
1,0,8,41,0,2,54,14,0,57,49,51,63,71,120
1,0,7,44,1,3,52,15,0,56,51,54,66,71,123
1,0,6,48,1,3,53,9,0,57,54,57,63,66,121
1,0,10,37,1,3,55,16,0,59,47,50,63,75,123
1,0,6,45,0,2,56,12,0,59,51,53,63,71,122
4,0,10,36,1,1,55,14,0,60,46,47,60,74,121
0,0,9,45,0,3,51,14,0,54,54,57,68,68,122
1,0,12,36,0,4,49,19,0,54,48,52,67,73,121
0,0,9,39,1,4,53,19,0,57,48,52,67,76,125
1,0,12,35,1,4,53,17,0,58,47,51,64,75,123
1,0,9,47,0,3,48,15,0,52,56,59,71,67,123
1,0,10,44,0,6,46,13,0,53,54,60,67,66,120
1,0,7,44,0,5,57,10,0,63,51,56,61,73,124
1,0,6,46,1,4,53,13,0,58,52,56,65,71,124
1,0,7,43,1,4,56,10,0,61,50,54,60,71,122
1,0,9,43,1,4,53,12,0,58,52,56,64,70,123
1,0,7,47,1,3,51,14,0,55,54,57,68,69,124
1,0,9,43,1,2,50,15,0,53,52,54,67,68,121
1,0,8,41,0,2,56,13,0,59,49,51,62,72,121
1,0,0,49,1,3,55,13,0,59,49,52,62,72,122
2,0,8,38,1,4,55,13,0,61,46,50,59,74,121
1,0,0,50,0,2,52,16,0,55,50,52,66,71,121
1,0,7,46,1,3,54,10,0,58,53,56,63,68,122
0,0,10,48,1,3,49,12,0,52,58,61,70,64,123
0,0,8,41,0,4,57,13,0,61,49,53,62,74,123
1,0,0,49,1,4,58,9,0,63,49,53,58,72,122
1,0,7,47,0,2,52,12,0,55,54,56,66,67,121
1,0,7,42,0,3,57,12,0,61,49,52,61,73,122
3,0,10,40,1,5,49,17,0,57,50,55,67,74,125
1,0,10,42,1,3,53,14,0,57,52,55,66,71,124
1,0,7,46,1,4,55,10,0,60,53,57,63,70,124
1,0,10,39,0,3,56,13,0,60,49,52,62,73,122
0,0,8,46,1,3,52,12,0,55,54,57,66,67,122
1,0,9,44,0,5,50,16,0,56,53,58,69,72,125
3,0,6,44,0,4,51,15,0,58,50,54,65,73,123
1,0,10,36,0,5,60,10,0,66,46,51,56,76,122
2,0,6,46,1,4,52,13,0,58,52,56,65,71,124
1,0,7,44,1,1,53,15,0,55,51,52,66,70,122
0,0,6,49,1,3,52,12,0,55,55,58,67,67,123
1,0,11,36,1,4,57,14,0,62,47,51,61,76,124
1,0,7,43,0,6,50,14,0,57,50,56,64,71,121
1,0,8,44,1,4,48,19,0,53,52,56,71,72,125
1,0,8,43,0,2,55,12,0,58,51,53,63,70,121
1,0,8,40,0,2,53,17,0,56,48,50,65,73,121
1,0,11,47,1,2,49,11,0,52,58,60,69,63,122
1,0,10,47,0,5,44,18,0,50,57,62,75,68,125
1,0,6,45,1,3,50,17,0,54,51,54,68,71,123
1,0,7,43,0,3,54,14,0,58,50,53,64,72,122
1,0,7,45,0,2,54,12,0,57,52,54,64,69,121
1,0,9,39,0,4,54,16,0,59,48,52,64,75,123
1,0,7,42,0,4,57,11,0,62,49,53,60,73,122
0,0,11,39,1,4,54,14,0,58,50,54,64,72,123
1,0,8,39,1,3,56,15,0,60,47,50,62,75,123
1,0,8,42,0,3,57,10,0,61,50,53,60,71,121
1,0,0,57,0,4,47,15,0,52,57,61,72,67,124
1,0,7,44,0,4,54,12,0,59,51,55,63,71,122
1,0,10,37,0,4,56,13,0,61,47,51,60,74,121
1,0,7,46,0,4,52,13,0,57,53,57,66,70,123
1,0,9,41,0,6,56,12,0,63,50,56,62,75,125
0,0,7,42,0,4,58,11,0,62,49,53,60,73,122
1,0,7,43,1,2,53,15,0,56,50,52,65,71,122
1,0,10,39,0,4,54,15,0,59,49,53,64,74,123
2,0,11,37,1,4,55,13,0,61,48,52,61,74,123
1,0,0,49,1,2,50,19,0,53,49,51,68,72,122
0,0,0,49,1,3,54,15,0,57,49,52,64,72,122
1,0,9,44,1,3,50,15,0,54,53,56,68,69,123
0,0,9,43,0,2,53,14,0,55,52,54,66,69,121
0,0,7,39,0,2,58,14,0,60,46,48,60,74,120
0,0,9,35,0,4,61,14,0,65,44,48,58,79,123
1,0,6,45,0,3,54,13,0,58,51,54,64,71,122
0,0,7,39,0,3,58,15,0,61,46,49,61,76,122
1,0,9,42,1,2,54,14,0,57,51,53,65,71,123
1,0,7,46,0,2,46,20,0,49,53,55,73,69,122
1,0,10,41,0,4,54,13,0,59,51,55,64,72,123
0,0,8,44,0,2,53,13,0,55,52,54,65,68,120
0,0,8,47,0,0,55,10,0,55,55,55,65,65,120
1,0,11,42,0,5,50,15,0,56,53,58,68,71,124
0,0,10,37,0,2,57,15,0,59,47,49,62,74,121
1,0,0,48,0,1,59,11,0,61,48,49,59,72,120
1,0,0,52,1,5,51,14,0,57,52,57,66,71,124
1,0,8,42,1,3,53,14,0,57,50,53,64,71,122
1,0,10,39,0,3,53,14,0,57,49,52,63,71,120
1,0,10,37,0,4,58,11,0,63,47,51,58,74,121
0,0,0,54,1,0,56,10,0,56,54,54,64,66,121
1,0,8,44,0,4,53,13,0,58,52,56,65,71,123
1,0,0,45,0,2,57,16,0,60,45,47,61,76,121
2,0,7,44,0,4,52,11,0,58,51,55,62,69,120
1,0,10,44,1,3,46,17,0,50,54,57,71,67,122
1,0,8,46,1,5,51,9,0,57,54,59,63,66,121
2,0,7,42,1,2,55,13,0,59,49,51,62,72,122
1,0,0,50,1,4,53,16,0,58,50,54,66,74,125
1,0,10,39,1,3,55,14,0,59,49,52,63,73,123
1,0,8,43,0,3,51,14,0,55,51,54,65,69,120
0,0,9,37,1,1,59,14,0,60,46,47,60,74,121
1,0,8,46,1,4,54,10,0,59,54,58,64,69,124
1,0,9,42,0,3,54,12,0,58,51,54,63,70,121
0,0,7,48,1,2,52,11,0,54,55,57,66,65,121
0,0,8,42,1,3,55,14,0,58,50,53,64,72,123
0,0,7,43,0,1,57,12,0,58,50,51,62,70,120
0,0,0,52,0,2,53,13,0,55,52,54,65,68,120
1,0,0,46,0,1,56,16,0,58,46,47,62,74,120
1,0,13,36,0,2,57,12,0,60,49,51,61,72,121
1,0,8,48,0,2,49,13,0,52,56,58,69,65,121
1,0,9,38,1,4,58,12,0,63,47,51,59,75,123
1,0,9,42,0,5,51,14,0,57,51,56,65,71,122
1,0,0,43,0,3,61,13,0,65,43,46,56,78,121
1,0,11,40,1,4,49,16,0,54,51,55,67,70,122
0,0,8,45,1,3,50,16,0,53,53,56,69,69,123
2,0,9,44,0,3,53,10,0,58,53,56,63,68,121
1,0,11,35,1,3,53,17,0,57,46,49,63,74,121
1,0,10,39,1,4,51,18,0,56,49,53,67,74,124
0,0,13,38,0,1,57,11,0,58,51,52,62,69,120
0,0,8,45,1,4,54,10,0,58,53,57,63,68,122
1,0,10,39,1,5,55,10,0,61,49,54,59,71,121
1,0,8,46,1,3,50,14,0,54,54,57,68,68,123
1,0,11,39,1,3,53,14,0,57,50,53,64,71,122
2,0,8,40,0,6,54,10,0,62,48,54,58,72,120
1,0,9,43,1,3,53,13,0,57,52,55,65,70,123
1,0,7,42,0,3,54,14,0,58,49,52,63,72,121
1,0,8,42,1,3,54,12,0,58,50,53,62,70,121
0,0,8,45,1,3,54,10,0,57,53,56,63,67,121
2,0,12,35,0,3,55,16,0,60,47,50,63,76,123
0,0,6,45,0,1,52,16,0,53,51,52,67,69,120
1,0,8,40,1,4,55,15,0,60,48,52,63,75,124
1,0,11,41,1,2,53,12,0,56,52,54,64,68,121
1,0,9,41,1,4,54,14,0,59,50,54,64,73,124
1,0,0,44,0,3,60,13,0,64,44,47,57,77,121
1,0,0,49,0,2,56,13,0,59,49,51,62,72,121
1,0,6,43,0,4,53,13,0,58,49,53,62,71,120
1,0,7,42,0,3,53,14,0,57,49,52,63,71,120
1,0,8,42,0,3,54,15,0,58,50,53,65,73,123
1,0,10,39,0,4,54,13,0,59,49,53,62,72,121
1,0,7,40,0,4,54,17,0,59,47,51,64,76,123
3,0,9,44,1,2,50,12,0,55,53,55,65,67,121
1,0,10,41,0,2,54,12,0,57,51,53,63,69,120
1,0,0,51,1,4,57,11,0,62,51,55,62,73,125
1,0,8,41,0,4,58,12,0,63,49,53,61,75,124
1,0,10,39,0,3,54,15,0,58,49,52,64,73,122
0,0,7,40,0,3,59,11,0,62,47,50,58,73,120
1,0,7,51,1,5,41,19,0,47,58,63,77,66,125
1,0,7,45,0,3,50,14,0,54,52,55,66,68,120
1,0,7,45,1,5,54,12,0,60,52,57,64,72,125
1,0,9,42,1,5,57,10,0,63,51,56,61,73,125
2,0,0,49,0,3,54,14,0,59,49,52,63,73,122
2,0,7,47,0,3,51,10,0,56,54,57,64,66,120
1,0,8,46,0,5,51,12,0,57,54,59,66,69,123
0,0,10,41,1,0,51,18,0,51,51,51,69,69,121
1,0,0,48,1,3,58,12,0,62,48,51,60,74,123
1,0,6,45,0,3,56,11,0,60,51,54,62,71,122
1,0,7,40,1,3,55,14,0,59,47,50,61,73,121
1,0,9,43,0,4,50,14,0,55,52,56,66,69,121
0,0,10,42,1,4,52,14,0,56,52,56,66,70,123
0,0,8,43,1,3,50,17,0,53,51,54,68,70,122
1,0,0,45,1,2,61,12,0,64,45,47,57,76,122
1,0,13,35,1,2,52,17,0,55,48,50,65,72,121
1,0,8,43,1,5,51,17,0,57,51,56,68,74,126
3,0,9,43,0,3,49,14,0,55,52,55,66,69,121
0,0,0,57,0,4,47,15,0,51,57,61,72,66,123
1,0,8,46,0,3,51,13,0,55,54,57,67,68,122
0,0,9,38,0,4,58,11,0,62,47,51,58,73,120
2,0,7,43,0,3,55,12,0,60,50,53,62,72,122
1,0,0,46,1,4,57,15,0,62,46,50,61,77,124
4,0,8,39,0,3,57,11,0,64,47,50,58,75,122
1,0,10,41,1,3,51,15,0,55,51,54,66,70,122
1,0,9,46,1,4,50,14,0,55,55,59,69,69,125
1,0,0,46,1,4,60,13,0,65,46,50,59,78,125
1,0,9,41,1,1,61,7,0,63,50,51,57,70,121
1,0,7,41,0,5,59,10,0,65,48,53,58,75,123
1,0,10,44,1,3,48,14,0,52,54,57,68,66,121
1,0,0,50,0,4,49,20,0,54,50,54,70,74,124
0,0,6,46,1,4,54,13,0,58,52,56,65,71,124
1,0,0,48,1,4,56,14,0,61,48,52,62,75,124
0,0,0,47,0,3,56,16,0,59,47,50,63,75,122
2,0,9,38,0,4,58,12,0,64,47,51,59,76,123
1,0,11,41,0,3,51,15,0,55,52,55,67,70,122
0,0,9,35,1,4,59,13,0,63,44,48,57,76,121
0,0,8,41,1,4,54,13,0,58,49,53,62,71,121
1,0,13,41,1,5,43,18,0,49,54,59,72,67,122
1,0,0,52,1,0,52,16,0,53,52,52,68,69,122
1,0,10,39,1,3,53,15,0,57,49,52,64,72,122
1,0,8,47,1,3,49,13,0,53,55,58,68,66,122
1,0,7,47,1,2,53,12,0,56,54,56,66,68,123
1,0,0,49,1,3,55,15,0,59,49,52,64,74,124
2,0,12,36,0,4,53,15,0,59,48,52,63,74,122
1,0,9,47,1,2,51,11,0,54,56,58,67,65,122
1,0,7,45,1,2,49,17,0,52,52,54,69,69,122
1,0,7,45,0,3,45,20,0,49,52,55,72,69,121
1,0,6,51,0,4,50,11,0,55,57,61,68,66,123
1,0,10,40,1,3,50,16,0,54,50,53,66,70,121
1,0,8,44,1,5,54,11,0,60,52,57,63,71,124
0,0,9,42,0,2,55,12,0,57,51,53,63,69,120
2,0,9,41,1,4,52,14,0,58,50,54,64,72,123
3,0,9,34,0,2,59,13,0,64,43,45,56,77,120
1,0,9,39,1,3,56,13,0,60,48,51,61,73,122
0,0,8,42,1,3,52,16,0,55,50,53,66,71,122
1,0,7,48,1,3,49,14,0,53,55,58,69,67,123
1,0,8,39,0,3,56,14,0,60,47,50,61,74,121
1,0,6,43,1,3,58,13,0,62,49,52,62,75,125
1,0,8,44,0,4,53,14,0,58,52,56,66,72,124
0,0,10,39,0,5,54,14,0,59,49,54,63,73,122
1,0,7,47,0,4,49,13,0,54,54,58,67,67,121
0,0,9,45,1,3,51,14,0,54,54,57,68,68,123
0,0,7,44,0,3,56,12,0,59,51,54,63,71,122
1,0,8,42,1,6,55,11,0,62,50,56,61,73,124
1,0,10,39,0,4,52,18,0,57,49,53,67,75,124
1,0,8,41,0,4,55,13,0,60,49,53,62,73,122
1,0,9,44,1,4,53,11,0,58,53,57,64,69,123
1,0,12,42,0,4,47,16,0,52,54,58,70,68,122
0,0,9,44,1,3,55,10,0,58,53,56,63,68,122
1,0,6,44,0,2,51,17,0,54,50,52,67,71,121
1,0,10,41,1,3,54,13,0,58,51,54,64,71,123
1,0,0,49,0,4,54,15,0,59,49,53,64,74,123
1,0,10,39,0,6,56,14,0,63,49,55,63,77,126
1,0,8,44,1,4,53,14,0,58,52,56,66,72,125
1,0,7,39,1,3,60,12,0,64,46,49,58,76,123
1,0,7,41,1,1,55,15,0,57,48,49,63,72,121
0,0,9,46,0,4,48,14,0,52,55,59,69,66,121
1,0,0,49,0,2,54,16,0,57,49,51,65,73,122
0,0,10,41,1,3,52,15,0,55,51,54,66,70,122
1,0,0,52,1,5,54,13,0,60,52,57,65,73,126
1,0,9,44,0,3,45,18,0,49,53,56,71,67,120
1,0,10,43,0,2,51,14,0,54,53,55,67,68,121
2,0,0,44,1,5,61,11,0,68,44,49,55,79,124
2,0,8,47,1,3,50,11,0,55,55,58,66,66,122
0,0,11,44,1,2,49,14,0,51,55,57,69,65,121
0,0,7,47,0,3,51,13,0,54,54,57,67,67,121
0,0,7,43,0,5,53,14,0,58,50,55,64,72,122
1,0,9,46,1,3,47,15,0,51,55,58,70,66,122
1,0,14,36,0,0,56,13,0,57,50,50,63,70,120
0,0,9,43,1,3,57,9,0,60,52,55,61,69,122
1,0,7,48,0,3,51,12,0,55,55,58,67,67,122
0,0,8,44,0,4,56,11,0,60,52,56,63,71,123
1,0,9,47,1,4,49,12,0,54,56,60,68,66,123
0,0,0,48,0,3,55,14,0,58,48,51,62,72,120
0,0,8,39,1,5,59,13,0,64,47,52,60,77,125
0,0,6,49,1,4,48,15,0,52,55,59,70,67,123
0,0,0,46,1,3,55,18,0,58,46,49,64,76,123
1,0,10,42,0,1,54,12,0,56,52,53,64,68,120
0,0,7,45,1,2,51,15,0,53,52,54,67,68,121
1,0,8,48,1,4,51,10,0,56,56,60,66,66,123
0,0,0,53,1,5,53,12,0,58,53,58,65,70,124
1,0,6,44,0,2,51,16,0,54,50,52,66,70,120
0,0,9,43,1,4,55,11,0,59,52,56,63,70,123
3,0,8,42,1,2,53,11,0,58,50,52,61,69,120
1,0,10,38,0,3,56,12,0,60,48,51,60,72,120
0,0,7,43,0,4,56,13,0,60,50,54,63,73,123
2,0,9,40,0,4,56,11,0,62,49,53,60,73,122
1,0,7,42,0,3,54,15,0,58,49,52,64,73,122
1,0,7,45,1,2,47,18,0,50,52,54,70,68,121
1,0,11,38,0,4,52,17,0,57,49,53,66,74,123
1,0,0,49,1,4,54,15,0,59,49,53,64,74,124
5,0,6,42,0,3,55,9,0,63,48,51,57,72,120
1,0,8,38,1,3,59,14,0,63,46,49,60,77,124
1,0,9,43,1,3,49,16,0,53,52,55,68,69,122
5,0,7,41,1,4,55,11,0,64,48,52,59,75,124
1,0,7,42,1,3,57,12,0,61,49,52,61,73,123
2,0,9,42,1,2,49,16,0,53,51,53,67,69,121
1,0,7,41,1,3,55,13,0,59,48,51,61,72,121
0,0,9,45,1,3,51,14,0,54,54,57,68,68,123
0,0,8,46,1,4,50,15,0,54,54,58,69,69,124
1,0,9,41,1,5,54,14,0,60,50,55,64,74,125
1,0,7,37,0,4,62,9,0,67,44,48,53,76,120
2,0,9,43,0,0,54,12,0,56,52,52,64,68,120
1,0,8,49,1,3,47,11,0,51,57,60,68,62,120
1,0,7,49,0,2,53,10,0,56,56,58,66,66,122
2,0,8,40,0,3,56,13,0,61,48,51,61,74,122
1,0,8,37,1,4,54,16,0,59,45,49,61,75,121
2,0,8,37,0,3,59,11,0,64,45,48,56,75,120
1,0,12,35,1,5,55,12,0,61,47,52,59,73,121
0,0,11,38,0,3,55,13,0,58,49,52,62,71,120
2,0,7,43,1,4,53,12,0,59,50,54,62,71,122
1,0,7,42,1,5,52,16,0,58,49,54,65,74,124
1,0,8,45,0,2,50,15,0,53,53,55,68,68,121
1,0,8,44,0,1,52,16,0,54,52,53,68,70,122
1,0,7,46,1,3,53,11,0,57,53,56,64,68,122
0,0,0,47,0,2,58,13,0,60,47,49,60,73,120
1,0,0,44,0,2,60,14,0,63,44,46,58,77,121
1,0,0,49,1,2,55,14,0,58,49,51,63,72,122
1,0,14,43,0,0,50,12,0,51,57,57,69,63,120
0,0,6,48,1,3,51,13,0,54,54,57,67,67,122
0,0,8,39,0,2,57,15,0,59,47,49,62,74,121
1,0,10,40,1,3,55,13,0,59,50,53,63,72,123
1,0,8,47,0,4,52,10,0,57,55,59,65,67,122
1,0,9,43,1,4,53,13,0,58,52,56,65,71,124
0,0,7,44,1,4,54,13,0,58,51,55,64,71,123
1,0,7,42,1,2,55,14,0,58,49,51,63,72,122
0,0,0,46,0,2,57,16,0,59,46,48,62,75,121
0,0,10,45,1,2,48,15,0,50,55,57,70,65,121
1,0,6,46,0,2,53,13,0,56,52,54,65,69,121
1,0,8,42,1,4,53,13,0,58,50,54,63,71,122
1,0,7,41,1,3,54,14,0,58,48,51,62,72,121
1,0,6,43,1,6,55,14,0,62,49,55,63,76,126
0,0,9,44,1,3,50,16,0,53,53,56,69,69,123
1,0,9,42,1,5,51,14,0,57,51,56,65,71,123
1,0,9,44,1,3,52,14,0,56,53,56,67,70,124
1,0,8,44,0,2,52,14,0,55,52,54,66,69,121
0,0,10,44,0,2,53,12,0,55,54,56,66,67,121
1,0,8,40,0,3,57,13,0,61,48,51,61,74,122
1,0,7,47,0,3,52,12,0,56,54,57,66,68,122
1,0,15,39,0,4,44,18,0,49,54,58,72,67,121
1,0,6,40,1,3,55,15,0,59,46,49,61,74,121
1,0,7,45,1,2,54,13,0,57,52,54,65,70,123
1,0,0,46,1,4,57,15,0,62,46,50,61,77,124
1,0,8,45,1,4,52,12,0,57,53,57,65,69,123
0,0,10,47,1,4,50,12,0,54,57,61,69,66,124
1,0,10,42,1,4,53,13,0,58,52,56,65,71,124
1,0,9,46,0,5,48,15,0,54,55,60,70,69,124
1,0,7,45,1,5,48,15,0,54,52,57,67,69,122
1,0,6,42,1,3,56,15,0,60,48,51,63,75,124
1,0,6,47,1,3,50,15,0,54,53,56,68,69,123
0,0,13,37,1,4,55,13,0,59,50,54,63,72,123
0,0,9,39,0,5,55,14,0,60,48,53,62,74,122
1,0,8,45,0,2,50,16,0,53,53,55,69,69,122
1,0,10,46,1,3,46,15,0,50,56,59,71,65,122
1,0,9,44,1,4,51,13,0,56,53,57,66,69,123
1,0,8,40,1,4,57,11,0,62,48,52,59,73,122
1,0,8,41,0,2,53,16,0,56,49,51,65,72,121
1,0,0,52,0,3,52,15,0,56,52,55,67,71,123
0,0,7,47,1,4,53,11,0,57,54,58,65,68,123
1,0,9,45,1,3,52,13,0,56,54,57,67,69,124
1,0,6,48,1,2,53,10,0,56,54,56,64,66,121
1,0,7,40,0,2,57,13,0,60,47,49,60,73,120
1,0,6,41,1,5,59,12,0,65,47,52,59,77,125
2,0,0,46,0,4,58,12,0,64,46,50,58,76,122
0,0,7,46,1,2,52,13,0,54,53,55,66,67,121
1,0,0,49,1,1,54,15,0,56,49,50,64,71,121
1,0,9,41,0,3,54,12,0,58,50,53,62,70,120
0,0,8,44,1,2,55,12,0,57,52,54,64,69,122
2,0,11,39,1,3,56,11,0,61,50,53,61,72,123
2,0,12,40,1,4,53,11,0,59,52,56,63,70,123
0,0,9,43,0,2,56,11,0,58,52,54,63,69,121
1,0,0,54,1,3,52,13,0,56,54,57,67,69,124
1,0,7,39,0,6,58,13,0,65,46,52,59,78,124
1,0,9,43,1,2,55,10,0,58,52,54,62,68,121
0,0,7,46,0,3,51,15,0,54,53,56,68,69,122
1,0,9,41,2,3,50,15,0,54,50,53,65,69,121
0,0,8,43,1,6,51,12,0,57,51,57,63,69,121
1,0,9,43,1,4,52,14,0,57,52,56,66,71,124
0,0,8,42,1,3,56,12,0,59,50,53,62,71,122
1,0,8,49,0,4,46,14,0,51,57,61,71,65,122
1,0,8,44,0,2,56,10,0,59,52,54,62,69,121
1,0,8,44,1,4,55,9,0,60,52,56,61,69,122
1,0,8,41,0,4,54,15,0,59,49,53,64,74,123
1,0,13,39,1,4,53,10,0,58,52,56,62,68,121
1,0,8,41,1,4,51,16,0,56,49,53,65,72,122
0,0,8,44,0,3,51,16,0,54,52,55,68,70,122
1,0,8,42,1,2,59,10,0,62,50,52,60,72,123
2,0,10,44,1,4,47,16,0,53,54,58,70,69,124
0,0,9,38,1,3,55,16,0,58,47,50,63,74,122
2,0,9,43,0,3,52,13,0,57,52,55,65,70,122
1,0,7,49,0,2,45,16,0,48,56,58,72,64,120
1,0,9,39,0,3,56,13,0,60,48,51,61,73,121
1,0,8,40,1,2,51,18,0,54,48,50,66,72,121
1,0,7,45,0,4,54,11,0,59,52,56,63,70,122
1,0,6,41,0,2,54,16,0,57,47,49,63,73,120
1,0,11,41,0,1,55,12,0,57,52,53,64,69,121
1,0,0,48,1,6,53,17,0,60,48,54,65,77,126
1,0,7,44,1,3,53,12,0,57,51,54,63,69,121
1,0,10,45,0,0,52,13,0,53,55,55,68,66,121
1,0,7,44,0,2,54,12,0,57,51,53,63,69,120
3,0,7,42,0,3,55,11,0,61,49,52,60,72,121
1,0,7,41,1,3,58,12,0,62,48,51,60,74,123
1,0,10,36,0,5,56,15,0,62,46,51,61,77,123
1,0,0,51,0,2,55,12,0,58,51,53,63,70,121
1,0,7,46,0,4,50,12,0,55,53,57,65,67,120
