"ACT","Conservative","Green","Labour","Mana","Maori","National","NZ_First","United Future","NatCoal","LabGreen","LabGreenMana","LabGreenNZFirst","NatCoalNZFirst","Total"
1,0,7,25,0,3,65,19,0,69,32,32,51,88,120
1,0,13,38,1,3,60,6,1,65,51,52,57,71,123
1,0,27,30,1,5,30,28,1,37,57,58,85,65,123
0,0,17,34,1,3,59,8,1,63,51,52,59,71,123
10,0,22,39,0,3,42,7,1,56,61,61,68,63,124
1,0,12,29,1,11,57,11,1,70,41,42,52,81,123
2,0,11,39,1,4,55,10,1,62,50,51,60,72,123
1,0,16,51,0,2,41,10,0,44,67,67,77,54,121
1,0,15,27,0,5,56,20,0,62,42,42,62,82,124
1,0,21,25,1,6,49,18,1,57,46,47,64,75,122
0,0,9,42,0,6,47,16,1,54,51,51,67,70,121
1,0,14,26,1,4,68,8,1,74,40,41,48,82,123
1,0,15,32,0,2,59,14,0,62,47,47,61,76,123
1,0,11,34,1,5,59,14,1,66,45,46,59,80,126
1,0,15,39,1,3,41,23,1,46,54,55,77,69,124
0,0,9,49,0,3,48,10,1,52,58,58,68,62,120
1,0,9,32,1,4,44,32,0,49,41,42,73,81,123
3,0,20,26,0,5,52,18,0,60,46,46,64,78,124
1,0,10,27,1,0,77,5,0,78,37,38,42,83,121
1,0,12,28,1,4,51,28,1,57,40,41,68,85,126
1,0,0,57,1,9,38,15,1,49,57,58,72,64,122
1,0,9,29,1,3,60,21,1,65,38,39,59,86,125
3,0,29,34,1,2,35,17,0,40,63,64,80,57,121
1,0,10,33,1,5,53,24,1,60,43,44,67,84,128
1,0,21,23,0,5,55,19,0,61,44,44,63,80,124
1,0,13,39,0,5,46,17,1,53,52,52,69,70,122
0,0,7,35,1,4,67,7,0,71,42,43,49,78,121
0,0,20,31,0,3,48,20,0,51,51,51,71,71,122
1,0,8,41,1,4,56,11,1,62,49,50,60,73,123
1,0,15,33,0,0,43,28,1,45,48,48,76,73,121
0,0,8,38,0,2,54,19,1,57,46,46,65,76,122
0,0,13,35,0,3,57,12,1,61,48,48,60,73,121
0,0,13,56,1,2,36,14,1,39,69,70,83,53,123
1,0,12,30,1,4,56,20,1,62,42,43,62,82,125
1,0,9,42,0,3,46,21,1,51,51,51,72,72,123
1,0,14,33,0,2,52,19,1,56,47,47,66,75,122
1,0,18,34,1,5,44,19,1,51,52,53,71,70,123
1,0,22,26,0,2,49,22,0,52,48,48,70,74,122
0,0,36,29,1,3,44,9,0,47,65,66,74,56,122
1,0,13,34,1,5,63,5,1,70,47,48,52,75,123
1,0,18,39,1,6,52,4,1,60,57,58,61,64,122
1,0,18,27,1,4,59,13,0,64,45,46,58,77,123
0,0,11,54,0,3,41,12,0,44,65,65,77,56,121
2,0,13,38,1,7,49,11,1,59,51,52,62,70,122
1,0,8,27,0,6,58,24,0,65,35,35,59,89,124
1,0,23,30,0,3,50,16,0,54,53,53,69,70,123
1,0,18,30,1,4,58,10,0,63,48,49,58,73,122
1,0,6,43,1,3,37,32,1,42,49,50,81,74,124
0,0,10,49,0,4,51,8,0,55,59,59,67,63,122
1,0,12,35,0,2,39,32,1,43,47,47,79,75,122
1,0,15,34,1,4,26,44,1,32,49,50,93,76,126
2,0,24,38,1,4,38,18,1,45,62,63,80,63,126
1,0,12,35,1,4,49,20,1,55,47,48,67,75,123
0,0,11,43,1,5,49,12,0,54,54,55,66,66,121
0,0,26,22,1,3,56,15,1,60,48,49,63,75,124
0,0,10,23,1,2,56,30,0,58,33,34,63,88,122
1,0,9,27,1,4,71,10,0,76,36,37,46,86,123
5,0,15,32,1,4,59,7,1,69,47,48,54,76,124
1,0,23,37,1,0,43,17,1,45,60,61,77,62,123
1,0,11,34,0,4,55,16,1,61,45,45,61,77,122
1,0,11,35,0,6,50,17,1,58,46,46,63,75,121
1,0,14,34,0,5,50,21,1,57,48,48,69,78,126
1,0,11,54,1,4,45,7,1,51,65,66,72,58,124
1,0,10,55,0,2,42,12,1,46,65,65,77,58,123
6,0,17,22,1,3,69,4,1,79,39,40,43,83,123
1,0,9,40,1,3,50,20,1,55,49,50,69,75,125
3,0,13,20,0,3,76,6,0,82,33,33,39,88,121
2,0,19,31,1,3,42,25,0,47,50,51,75,72,123
2,0,15,33,1,5,47,18,1,55,48,49,66,73,122
1,0,17,29,1,2,50,23,1,54,46,47,69,77,124
0,0,7,42,0,2,54,15,0,56,49,49,64,71,120
3,0,11,37,2,2,51,16,1,57,48,50,64,73,123
1,0,11,37,1,4,56,13,1,62,48,49,61,75,124
1,0,0,46,1,5,61,8,1,68,46,47,54,76,123
1,0,11,40,0,3,50,15,0,54,51,51,66,69,120
2,0,20,14,0,5,64,15,1,72,34,34,49,87,121
1,0,13,32,1,1,61,13,1,64,45,46,58,77,123
1,0,0,36,0,4,75,7,1,81,36,36,43,88,124
1,0,10,49,0,3,47,11,1,52,59,59,70,63,122
0,0,8,29,0,4,69,10,0,73,37,37,47,83,120
2,0,10,35,0,3,63,9,0,68,45,45,54,77,122
1,0,0,44,1,2,66,8,0,69,44,45,52,77,122
1,0,0,35,1,7,63,14,1,72,35,36,49,86,122
0,0,14,56,1,5,34,11,1,40,70,71,81,51,122
1,0,18,15,1,4,71,15,1,77,33,34,48,92,126
2,0,0,61,1,4,40,15,0,46,61,62,76,61,123
1,0,10,16,0,4,66,26,0,71,26,26,52,97,123
1,0,0,40,0,13,57,9,0,71,40,40,49,80,120
0,0,8,46,0,3,33,31,0,36,54,54,85,67,121
0,0,23,36,0,8,41,12,1,50,59,59,71,62,121
1,0,16,35,0,3,52,14,1,57,51,51,65,71,122
1,0,9,42,0,3,50,15,0,54,51,51,66,69,120
1,0,20,36,1,0,59,5,1,61,56,57,61,66,123
0,0,7,38,1,6,56,17,0,62,45,46,62,79,125
0,0,18,38,0,3,54,7,0,57,56,56,63,64,120
1,0,10,33,1,2,65,9,0,68,43,44,52,77,121
0,0,32,22,1,2,47,18,1,50,54,55,72,68,123
1,0,8,39,1,4,59,13,0,64,47,48,60,77,125
2,0,13,33,1,3,53,18,0,58,46,47,64,76,123
0,0,9,41,0,3,60,9,1,64,50,50,59,73,123
2,0,17,29,0,5,53,14,1,61,46,46,60,75,121
0,0,9,34,1,7,56,14,1,64,43,44,57,78,122
3,0,9,20,1,2,73,13,1,79,29,30,42,92,122
1,0,11,20,1,4,74,11,1,80,31,32,42,91,123
1,0,33,22,0,3,41,22,0,45,55,55,77,67,122
1,0,14,36,1,3,50,18,1,55,50,51,68,73,124
1,0,33,16,0,5,55,11,0,61,49,49,60,72,121
0,0,8,45,0,1,54,12,1,56,53,53,65,68,121
1,0,14,30,0,2,52,21,1,56,44,44,65,77,121
1,0,10,30,0,4,55,23,0,60,40,40,63,83,123
1,0,9,43,0,2,56,10,1,60,52,52,62,70,122
1,0,12,42,1,4,50,14,0,55,54,55,68,69,124
0,0,12,35,1,5,48,22,1,54,47,48,69,76,124
0,0,8,24,1,3,59,28,1,63,32,33,60,91,124
1,0,19,21,0,3,61,14,1,66,40,40,54,80,120
1,0,22,43,0,5,32,22,0,38,65,65,87,60,125
1,0,16,44,1,2,48,10,0,51,60,61,70,61,122
1,0,15,32,0,4,46,24,0,51,47,47,71,75,122
0,0,13,26,0,2,44,36,1,47,39,39,75,83,122
1,0,13,25,0,2,65,15,0,68,38,38,53,83,121
0,0,22,17,1,3,61,17,0,64,39,40,56,81,121
2,0,15,17,0,4,70,14,1,77,32,32,46,91,123
1,0,10,18,0,3,71,17,1,76,28,28,45,93,121
1,0,13,31,1,2,61,13,1,65,44,45,57,78,123
1,0,23,28,0,3,35,32,0,39,51,51,83,71,122
1,0,16,46,0,4,40,16,0,45,62,62,78,61,123
1,0,14,36,1,1,45,24,0,47,50,51,74,71,122
1,0,11,26,1,2,59,22,1,63,37,38,59,85,123
1,0,18,17,1,4,69,14,1,75,35,36,49,89,125
1,0,0,23,1,13,75,9,0,89,23,24,32,98,122
1,0,10,47,1,4,38,21,1,44,57,58,78,65,123
0,0,0,41,1,2,46,31,0,48,41,42,72,79,121
1,0,10,30,0,3,52,25,1,57,40,40,65,82,122
1,0,7,11,1,7,60,35,0,68,18,19,53,103,122
1,0,26,35,1,2,40,16,1,44,61,62,77,60,122
1,0,15,13,0,6,69,17,1,77,28,28,45,94,122
1,0,9,46,0,2,60,3,1,64,55,55,58,67,122
1,0,17,31,1,2,50,21,1,54,48,49,69,75,124
1,0,15,58,1,0,27,20,0,28,73,74,93,48,122
1,0,11,28,1,4,64,13,1,70,39,40,52,83,123
1,0,0,56,1,3,51,11,0,55,56,57,67,66,123
1,0,19,26,1,3,48,24,1,53,45,46,69,77,123
1,0,10,43,0,2,58,7,1,62,53,53,60,69,122
1,0,9,32,0,3,60,17,1,65,41,41,58,82,123
1,0,10,41,1,5,58,8,1,65,51,52,59,73,125
6,0,7,17,0,2,59,29,0,67,24,24,53,96,120
1,0,0,51,1,2,56,10,1,60,51,52,61,70,122
1,0,8,38,0,3,60,13,0,64,46,46,59,77,123
1,0,21,35,1,0,39,24,1,41,56,57,80,65,122
1,0,9,22,1,6,63,18,0,70,31,32,49,88,120
1,0,15,27,0,3,41,34,0,45,42,42,76,79,121
1,0,20,19,0,3,58,18,2,64,39,39,57,82,121
1,0,21,22,0,4,64,12,0,69,43,43,55,81,124
1,0,0,39,0,3,48,30,1,53,39,39,69,83,122
1,0,19,48,1,4,37,14,1,43,67,68,81,57,125
1,0,12,28,0,1,63,16,0,65,40,40,56,81,121
3,0,25,19,1,4,62,7,1,70,44,45,51,77,122
1,0,10,40,0,3,62,5,1,67,50,50,55,72,122
1,0,9,53,1,3,46,10,1,51,62,63,72,61,124
0,0,10,48,0,3,47,12,0,50,58,58,70,62,120
1,0,12,42,1,3,61,4,1,66,54,55,58,70,125
1,0,7,39,1,4,53,19,1,59,46,47,65,78,125
1,0,14,9,0,2,73,22,1,77,23,23,45,99,122
1,0,15,45,1,3,48,9,1,53,60,61,69,62,123
0,0,18,33,0,4,55,13,1,60,51,51,64,73,124
0,0,11,19,0,3,63,24,0,66,30,30,54,90,120
1,0,21,32,1,1,51,15,0,53,53,54,68,68,122
0,0,12,27,1,3,58,22,0,61,39,40,61,83,123
1,0,16,38,1,4,55,6,0,60,54,55,60,66,121
1,0,16,42,0,4,41,17,1,47,58,58,75,64,122
1,0,20,30,0,2,59,9,1,63,50,50,59,72,122
1,0,9,25,0,2,68,17,1,72,34,34,51,89,123
1,0,22,20,1,3,68,8,0,72,42,43,50,80,123
2,0,8,36,0,5,62,7,1,70,44,44,51,77,121
1,0,17,42,0,3,40,18,1,45,59,59,77,63,122
1,0,9,37,0,4,60,11,0,65,46,46,57,76,122
1,0,7,43,0,4,54,12,1,60,50,50,62,72,122
1,0,25,15,1,3,62,14,1,67,40,41,54,81,122
0,0,15,32,0,5,56,12,0,61,47,47,59,73,120
11,0,8,21,0,5,66,13,1,83,29,29,42,96,125
1,0,16,40,1,3,48,13,1,53,56,57,69,66,123
1,0,11,33,1,6,65,8,0,72,44,45,52,80,125
5,0,17,22,1,2,63,11,1,71,39,40,50,82,122
1,0,15,31,1,6,40,27,1,48,46,47,73,75,122
1,0,7,47,1,2,52,12,1,56,54,55,66,68,123
1,0,12,31,0,2,55,20,1,59,43,43,63,79,122
1,0,17,20,1,3,70,11,0,74,37,38,48,85,123
1,0,9,47,0,3,35,28,0,39,56,56,84,67,123
2,0,0,42,0,4,44,30,1,51,42,42,72,81,123
1,0,12,27,1,4,67,12,1,73,39,40,51,85,125
1,0,13,53,0,4,44,7,1,50,66,66,73,57,123
1,0,18,31,1,3,58,12,1,63,49,50,61,75,125
1,0,23,23,1,4,62,8,1,68,46,47,54,76,123
0,0,18,30,0,4,61,8,1,66,48,48,56,74,122
1,0,12,42,0,2,37,26,0,40,54,54,80,66,120
1,0,10,39,0,5,59,7,0,65,49,49,56,72,121
2,0,9,41,1,4,47,19,1,54,50,51,69,73,124
0,0,16,50,1,3,46,7,0,49,66,67,73,56,123
1,0,10,38,1,3,62,8,1,67,48,49,56,75,124
1,0,13,38,1,3,52,15,0,56,51,52,66,71,123
1,0,16,48,1,4,41,8,4,50,64,65,72,58,123
1,0,15,38,1,5,45,20,1,52,53,54,73,72,126
1,0,17,29,1,6,59,9,0,66,46,47,55,75,122
2,0,8,30,0,2,32,46,1,37,38,38,84,83,121
1,0,8,19,0,2,61,31,0,64,27,27,58,95,122
1,0,11,34,1,2,60,13,0,63,45,46,58,76,122
1,0,8,40,0,2,51,20,0,54,48,48,68,74,122
4,0,11,22,0,5,36,42,0,45,33,33,75,87,120
1,0,12,23,0,2,60,23,0,63,35,35,58,86,121
1,0,13,24,0,3,72,7,0,76,37,37,44,83,120
1,0,16,38,1,5,33,28,0,39,54,55,82,67,122
1,0,19,50,1,2,38,10,1,42,69,70,79,52,122
1,0,13,29,0,5,53,19,1,60,42,42,61,79,121
5,0,17,29,1,4,50,14,2,61,46,47,60,75,122
2,0,8,34,0,3,58,15,1,64,42,42,57,79,121
0,0,12,25,0,3,62,20,0,65,37,37,57,85,122
4,0,10,40,0,4,53,12,1,62,50,50,62,74,124
1,0,13,27,0,3,40,39,1,45,40,40,79,84,124
1,0,14,49,1,2,42,12,1,46,63,64,75,58,122
3,0,14,45,0,7,39,11,1,50,59,59,70,61,120
1,0,13,42,1,4,52,11,0,57,55,56,66,68,124
2,0,11,23,1,3,71,9,1,77,34,35,43,86,121
1,0,16,18,0,5,66,15,0,72,34,34,49,87,121
1,0,6,39,0,3,58,13,1,63,45,45,58,76,121
0,0,17,29,0,3,43,29,0,46,46,46,75,75,121
1,0,19,37,0,2,45,18,0,48,56,56,74,66,122
0,0,11,30,0,4,49,28,1,54,41,41,69,82,123
1,0,21,51,1,2,43,4,1,47,72,73,76,51,124
1,0,9,24,1,4,69,14,1,75,33,34,47,89,123
3,0,22,29,1,3,52,13,1,59,51,52,64,72,124
1,0,14,56,1,2,38,10,1,42,70,71,80,52,123
0,0,21,29,0,4,49,20,0,53,50,50,70,73,123
1,0,19,31,1,3,58,9,0,62,50,51,59,71,122
1,0,18,18,0,2,58,23,1,62,36,36,59,85,121
0,0,15,41,0,5,51,10,1,57,56,56,66,67,123
1,0,13,42,1,2,45,18,1,49,55,56,73,67,123
1,0,15,37,0,3,49,16,1,54,52,52,68,70,122
1,0,19,21,0,4,65,12,1,71,40,40,52,83,123
0,0,17,53,1,5,38,11,0,43,70,71,81,54,125
1,0,12,34,1,2,51,23,1,55,46,47,69,78,125
1,0,18,45,1,3,42,14,1,47,63,64,77,61,125
1,0,13,46,0,3,44,14,1,49,59,59,73,63,122
1,0,6,38,1,4,59,15,0,64,44,45,59,79,124
1,0,18,58,1,1,36,7,1,39,76,77,83,46,123
0,0,0,40,1,4,61,17,1,66,40,41,57,83,124
3,0,10,35,0,5,58,12,0,66,45,45,57,78,123
1,0,10,26,0,3,77,5,1,82,36,36,41,87,123
1,0,17,39,1,2,40,21,1,44,56,57,77,65,122
1,0,16,47,1,2,42,13,1,46,63,64,76,59,123
0,0,10,32,0,3,63,14,1,67,42,42,56,81,123
1,0,18,31,0,2,51,17,1,55,49,49,66,72,121
1,0,13,31,1,4,53,20,0,58,44,45,64,78,123
1,0,17,17,0,3,54,28,0,58,34,34,62,86,120
2,0,16,48,0,4,24,26,1,31,64,64,90,57,121
0,0,11,20,1,3,65,20,1,69,31,32,51,89,121
4,0,13,36,0,2,59,6,0,65,49,49,55,71,120
2,0,0,18,0,2,82,16,0,86,18,18,34,102,120
1,0,9,39,0,3,64,5,1,69,48,48,53,74,122
1,0,14,39,1,1,49,17,1,52,53,54,70,69,123
0,0,15,48,1,3,47,7,0,50,63,64,70,57,121
1,0,19,25,1,5,57,18,1,64,44,45,62,82,127
1,0,12,44,1,10,45,8,1,57,56,57,64,65,122
1,0,18,36,1,4,48,15,0,53,54,55,69,68,123
1,0,8,33,1,5,68,11,0,74,41,42,52,85,127
1,0,11,39,1,9,42,19,0,52,50,51,69,71,122
0,0,8,40,0,5,61,10,0,66,48,48,58,76,124
4,0,16,24,1,3,62,11,1,70,40,41,51,81,122
1,0,14,24,0,2,64,16,1,68,38,38,54,84,122
0,0,13,38,1,4,54,11,1,59,51,52,62,70,122
1,0,19,12,1,4,44,44,0,49,31,32,75,93,125
0,0,18,29,1,3,50,22,1,54,47,48,69,76,124
1,0,24,28,1,4,49,15,0,54,52,53,67,69,122
1,0,7,45,0,3,56,10,1,61,52,52,62,71,123
1,0,16,42,0,5,51,10,0,57,58,58,68,67,125
1,0,11,20,0,4,59,25,1,65,31,31,56,90,121
0,0,18,51,0,4,34,15,0,38,69,69,84,53,122
2,0,14,41,0,8,52,3,1,63,55,55,58,66,121
1,0,15,45,1,2,36,22,1,40,60,61,82,62,123
1,0,10,32,1,3,54,22,0,58,42,43,64,80,123
1,0,10,46,1,2,53,10,1,57,56,57,66,67,124
1,0,19,36,0,5,49,11,1,56,55,55,66,67,122
1,0,7,39,1,4,47,26,1,53,46,47,72,79,126
1,0,9,23,0,5,64,20,1,71,32,32,52,91,123
1,0,15,36,1,4,62,3,0,67,51,52,54,70,122
1,0,9,34,1,3,60,16,1,65,43,44,59,81,125
4,0,18,18,1,6,61,13,1,72,36,37,49,85,122
0,0,10,30,0,3,66,13,1,70,40,40,53,83,123
7,0,9,40,0,3,41,21,0,51,49,49,70,72,121
1,0,7,34,1,3,67,8,0,71,41,42,49,79,121
1,0,13,30,0,9,61,7,1,72,43,43,50,79,122
1,0,13,47,1,4,44,13,0,49,60,61,73,62,123
1,0,8,26,1,7,64,15,1,73,34,35,49,88,123
1,0,19,42,1,2,39,18,1,43,61,62,79,61,123
2,0,7,53,0,1,47,11,0,50,60,60,71,61,121
1,0,15,23,0,5,39,36,1,46,38,38,74,82,120
2,0,17,18,1,3,58,24,1,64,35,36,59,88,124
0,0,7,44,1,2,56,11,1,59,51,52,62,70,122
1,0,12,31,1,3,67,6,0,71,43,44,49,77,121
1,0,12,49,1,4,42,15,0,47,61,62,76,62,124
0,0,11,40,1,4,40,25,0,44,51,52,76,69,121
1,0,12,34,0,7,53,13,0,61,46,46,59,74,120
7,0,21,18,0,5,55,14,1,68,39,39,53,82,121
2,0,17,26,0,3,63,9,1,69,43,43,52,78,121
0,0,13,20,1,3,67,17,0,70,33,34,50,87,121
1,0,9,51,0,2,46,13,1,50,60,60,73,63,123
1,0,8,19,1,6,82,5,0,89,27,28,32,94,122
0,0,13,34,2,4,56,13,0,60,47,49,60,73,122
1,0,23,44,1,3,43,6,0,47,67,68,73,53,121
1,0,11,27,0,1,70,10,0,72,38,38,48,82,120
0,0,9,41,1,3,48,19,1,52,50,51,69,71,122
1,0,25,25,0,3,62,8,1,67,50,50,58,75,125
1,0,15,29,1,3,52,22,1,57,44,45,66,79,124
0,0,21,30,1,3,41,26,1,45,51,52,77,71,123
0,0,18,26,0,3,67,7,1,71,44,44,51,78,122
0,0,12,35,0,2,46,25,0,48,47,47,72,73,120
1,0,19,27,1,4,58,11,1,64,46,47,57,75,122
1,0,11,18,0,1,74,16,1,77,29,29,45,93,122
0,0,14,42,1,4,53,9,0,57,56,57,65,66,123
1,0,15,43,0,3,48,13,1,53,58,58,71,66,124
0,0,26,17,1,0,59,18,1,60,43,44,61,78,122
1,0,20,30,1,6,42,21,1,50,50,51,71,71,122
1,0,21,39,1,2,51,7,1,55,60,61,67,62,123
1,0,17,28,1,6,57,11,0,64,45,46,56,75,121
1,0,6,39,1,3,50,24,1,55,45,46,69,79,125
1,0,8,29,1,3,53,29,1,58,37,38,66,87,125
1,0,7,18,0,4,67,25,1,73,25,25,50,98,123
2,0,0,40,0,3,61,14,0,66,40,40,54,80,120
1,0,13,12,0,1,73,21,0,75,25,25,46,96,121
1,0,13,32,0,2,64,6,3,70,45,45,51,76,121
1,0,24,34,0,5,49,10,1,56,58,58,68,66,124
1,0,0,35,1,3,65,15,1,70,35,36,50,85,121
1,0,13,40,1,4,42,25,1,48,53,54,78,73,127
1,0,11,39,0,3,45,23,0,49,50,50,73,72,122
2,0,12,47,1,5,41,15,1,49,59,60,74,64,124
3,0,12,49,0,3,37,16,1,44,61,61,77,60,121
1,0,8,53,1,1,46,11,0,48,61,62,72,59,121
1,0,9,15,0,4,51,40,1,57,24,24,64,97,121
1,0,13,30,1,2,41,33,0,44,43,44,76,77,121
1,0,11,26,0,5,68,12,1,75,37,37,49,87,124
0,0,15,33,1,7,51,14,0,58,48,49,62,72,121
1,0,10,34,0,3,64,10,1,69,44,44,54,79,123
1,0,8,32,1,2,60,17,0,63,40,41,57,80,121
0,0,9,38,1,2,64,8,1,67,47,48,55,75,123
1,0,14,37,0,3,45,19,1,50,51,51,70,69,120
0,0,15,33,1,2,58,12,1,61,48,49,60,73,122
2,0,13,33,0,4,48,23,1,55,46,46,69,78,124
1,0,25,25,1,3,57,11,1,62,50,51,61,73,124
1,0,8,26,1,2,62,21,0,65,34,35,55,86,121
3,0,15,36,0,3,54,9,0,60,51,51,60,69,120
1,0,10,21,0,5,63,20,0,69,31,31,51,89,120
1,0,15,46,1,4,54,2,1,60,61,62,63,62,124
2,0,15,48,1,5,43,10,0,50,63,64,73,60,124
1,0,0,22,1,6,76,15,1,84,22,23,37,99,122
0,0,8,47,0,11,40,14,1,52,55,55,69,66,121
1,0,6,40,0,4,60,12,0,65,46,46,58,77,123
0,0,23,30,1,3,53,11,1,57,53,54,64,68,122
1,0,14,38,0,3,53,11,1,58,52,52,63,69,121
0,0,15,39,0,5,55,9,1,61,54,54,63,70,124
1,0,12,33,2,2,51,22,1,55,45,47,67,77,124
1,0,7,26,1,2,73,13,0,76,33,34,46,89,123
1,0,0,42,0,5,42,35,1,49,42,42,77,84,126
1,0,16,41,1,2,49,13,1,53,57,58,70,66,124
0,0,14,30,1,5,64,10,1,70,44,45,54,80,125
1,0,8,18,1,5,63,30,1,70,26,27,56,100,127
1,0,9,22,0,7,57,24,1,66,31,31,55,90,121
0,0,16,46,1,3,38,19,1,42,62,63,81,61,124
1,0,7,28,1,3,42,37,4,50,35,36,72,87,123
1,0,12,30,1,4,56,19,1,62,42,43,61,81,124
2,0,16,33,1,3,60,5,1,66,49,50,54,71,121
1,0,9,31,0,0,43,37,1,45,40,40,77,82,122
1,0,6,31,1,2,55,25,0,58,37,38,62,83,121
1,0,25,34,1,4,44,15,1,50,59,60,74,65,125
1,0,12,15,1,3,73,16,1,78,27,28,43,94,122
1,0,25,22,1,5,53,12,2,61,47,48,59,73,121
1,0,13,22,1,5,65,17,0,71,35,36,52,88,124
1,0,17,23,0,25,40,15,1,67,40,40,55,82,122
1,0,14,49,0,3,51,3,0,55,63,63,66,58,121
1,0,0,43,1,15,47,12,2,65,43,44,55,77,121
2,0,8,48,1,4,31,28,1,38,56,57,84,66,123
2,0,21,24,1,4,47,26,0,53,45,46,71,79,125
1,0,10,45,1,3,48,15,1,53,55,56,70,68,124
0,0,22,25,1,4,46,26,0,50,47,48,73,76,124
1,0,7,15,1,7,82,8,1,91,22,23,30,99,122
0,0,23,9,1,6,65,16,0,71,32,33,48,87,120
1,0,10,36,1,3,59,13,0,63,46,47,59,76,123
2,0,10,34,0,4,41,29,0,47,44,44,73,76,120
1,0,10,22,0,4,69,17,0,74,32,32,49,91,123
1,0,11,40,0,1,50,17,1,53,51,51,68,70,121
1,0,12,32,1,3,47,28,1,52,44,45,72,80,125
1,0,0,30,1,3,62,26,0,66,30,31,56,92,123
1,0,7,43,1,2,50,19,1,54,50,51,69,73,124
1,0,13,45,1,4,53,7,1,59,58,59,65,66,125
2,0,10,47,0,4,50,9,0,56,57,57,66,65,122
1,0,12,42,1,3,53,9,1,58,54,55,63,67,122
1,0,15,28,0,7,62,8,1,71,43,43,51,79,122
1,0,20,30,1,3,50,20,1,55,50,51,70,75,126
1,0,14,33,0,5,64,7,1,71,47,47,54,78,125
0,0,12,39,1,3,48,19,1,52,51,52,70,71,123
1,0,15,43,1,0,53,6,1,55,58,59,64,61,120
1,0,30,19,0,4,40,30,0,45,49,49,79,75,124
1,0,17,20,0,2,60,21,1,64,37,37,58,85,122
2,0,22,37,1,2,49,9,1,54,59,60,68,63,123
1,0,11,19,1,5,82,6,1,89,30,31,36,95,126
1,0,12,53,1,3,38,15,0,42,65,66,80,57,123
1,0,8,24,0,18,59,10,1,79,32,32,42,89,121
0,0,25,13,0,3,66,15,1,70,38,38,53,85,123
0,0,15,38,0,4,46,19,0,50,53,53,72,69,122
1,0,16,41,1,2,45,17,1,49,57,58,74,66,124
1,0,42,31,1,3,30,15,1,35,73,74,88,50,124
1,0,11,22,1,11,67,8,0,79,33,34,41,87,121
2,0,13,32,0,4,50,21,0,56,45,45,66,77,122
1,0,7,49,0,3,45,15,0,49,56,56,71,64,120
2,0,10,31,0,4,63,13,1,70,41,41,54,83,124
1,0,14,44,1,6,24,31,1,32,58,59,89,63,122
1,0,10,45,0,3,58,5,0,62,55,55,60,67,122
1,0,17,22,0,2,56,23,1,60,39,39,62,83,122
1,0,8,40,0,3,48,22,0,52,48,48,70,74,122
1,0,11,29,1,3,67,12,1,72,40,41,52,84,125
1,0,8,34,1,3,71,4,1,76,42,43,46,80,123
1,0,12,56,1,2,32,18,1,36,68,69,86,54,123
2,0,0,39,1,3,54,22,1,60,39,40,61,82,122
0,0,13,36,0,8,45,18,1,54,49,49,67,72,121
1,0,11,16,0,4,82,6,1,88,27,27,33,94,121
1,0,11,34,0,4,58,14,0,63,45,45,59,77,122
1,0,12,49,1,3,42,12,1,47,61,62,73,59,121
1,0,6,52,0,2,52,7,0,55,58,58,65,62,120
1,0,10,39,0,4,44,23,0,49,49,49,72,72,121
1,0,18,42,0,4,45,11,1,51,60,60,71,62,122
0,0,20,28,0,3,54,15,1,58,48,48,63,73,121
1,0,6,34,1,5,63,12,1,70,40,41,52,82,123
2,0,18,41,0,3,55,3,0,60,59,59,62,63,122
3,0,8,37,1,4,50,12,6,63,45,46,57,75,121
1,0,12,27,0,5,69,10,1,76,39,39,49,86,125
1,0,8,22,1,4,61,24,1,67,30,31,54,91,122
1,0,23,31,0,2,54,10,1,58,54,54,64,68,122
1,0,14,37,1,4,48,17,0,53,51,52,68,70,122
0,0,13,32,0,3,55,17,1,59,45,45,62,76,121
1,0,17,36,1,4,51,14,1,57,53,54,67,71,125
1,0,34,25,0,6,33,23,1,41,59,59,82,64,123
1,0,9,46,0,2,56,7,1,60,55,55,62,67,122
1,0,16,28,0,4,69,3,0,74,44,44,47,77,121
1,0,10,48,1,3,42,18,1,47,58,59,76,65,124
1,0,16,29,0,4,59,14,1,65,45,45,59,79,124
1,0,27,20,0,4,63,5,1,69,47,47,52,74,121
1,0,14,35,0,4,43,25,0,48,49,49,74,73,122
1,0,11,44,0,0,49,15,0,50,55,55,70,65,120
1,0,16,30,0,7,64,3,0,72,46,46,49,75,121
0,0,10,20,0,6,58,32,1,65,30,30,62,97,127
1,0,30,30,2,3,47,10,1,52,60,62,70,62,124
1,0,30,41,1,2,32,15,0,35,71,72,86,50,122
0,0,7,46,1,3,50,16,0,53,53,54,69,69,123
0,0,0,51,0,4,53,12,2,59,51,51,63,71,122
1,0,22,41,1,5,40,15,0,46,63,64,78,61,125
1,0,14,41,1,3,53,10,1,58,55,56,65,68,124
4,0,8,33,1,3,45,26,1,53,41,42,67,79,121
0,0,7,38,3,4,42,28,1,47,45,48,73,75,123
1,0,6,42,1,4,62,8,1,68,48,49,56,76,125
2,0,11,37,1,4,63,7,1,70,48,49,55,77,126
1,0,10,56,1,1,37,15,0,39,66,67,81,54,121
1,0,18,35,1,3,44,22,1,49,53,54,75,71,125
1,0,23,52,1,4,24,16,0,29,75,76,91,45,121
2,0,13,46,1,7,34,18,1,44,59,60,77,62,122
1,0,11,20,0,5,59,29,0,65,31,31,60,94,125
1,0,15,46,1,2,51,6,0,54,61,62,67,60,122
1,0,7,39,0,2,37,36,0,40,46,46,82,76,122
0,0,9,45,1,4,53,9,1,58,54,55,63,67,122
1,0,12,36,1,2,50,19,1,54,48,49,67,73,122
1,0,12,27,1,4,42,34,1,48,39,40,73,82,122
1,0,10,23,1,4,64,18,0,69,33,34,51,87,121
1,0,15,42,1,3,43,17,1,48,57,58,74,65,123
0,0,11,41,0,4,55,9,1,60,52,52,61,69,121
1,0,20,49,0,2,45,4,0,48,69,69,73,52,121
1,0,12,31,1,3,68,5,1,73,43,44,48,78,122
0,0,13,37,1,2,62,7,1,65,50,51,57,72,123
1,0,12,56,0,4,45,6,1,51,68,68,74,57,125
0,0,28,43,1,2,35,12,1,38,71,72,83,50,122
1,0,15,26,0,4,57,17,1,63,41,41,58,80,121
1,0,14,41,0,2,50,14,1,54,55,55,69,68,123
1,0,14,47,0,3,32,24,1,37,61,61,85,61,122
0,0,8,22,0,4,65,20,1,70,30,30,50,90,120
1,0,19,31,1,3,44,24,0,48,50,51,74,72,123
1,0,12,28,0,3,53,24,0,57,40,40,64,81,121
1,0,7,38,0,3,64,8,0,68,45,45,53,76,121
1,0,9,42,0,4,55,11,0,60,51,51,62,71,122
1,0,10,39,1,4,58,13,1,64,49,50,62,77,127
0,0,19,42,1,2,45,13,0,47,61,62,74,60,122
1,0,0,27,1,3,78,12,2,84,27,28,39,96,124
1,0,11,34,1,2,64,9,1,68,45,46,54,77,123
1,0,6,41,1,8,47,17,1,57,47,48,64,74,122
1,0,13,27,1,5,40,37,1,47,40,41,77,84,125
1,0,11,32,0,2,51,24,1,55,43,43,67,79,122
1,0,15,50,0,5,38,13,1,45,65,65,78,58,123
1,0,22,22,1,4,55,16,1,61,44,45,60,77,122
2,0,14,36,0,2,62,5,1,67,50,50,55,72,122
1,0,24,28,0,2,59,8,1,63,52,52,60,71,123
1,0,10,28,0,3,65,14,0,69,38,38,52,83,121
1,0,10,39,0,2,58,10,1,62,49,49,59,72,121
1,0,19,35,0,4,48,15,1,54,54,54,69,69,123
0,0,10,22,0,2,58,27,1,61,32,32,59,88,120
4,0,7,34,1,2,50,23,1,57,41,42,64,80,122
3,0,12,36,1,4,45,20,1,53,48,49,68,73,122
1,0,17,30,1,2,43,29,0,46,47,48,76,75,123
1,0,7,48,0,6,37,22,0,44,55,55,77,66,121
1,0,0,58,1,4,51,10,1,57,58,59,68,67,126
1,0,8,25,0,3,56,27,0,60,33,33,60,87,120
1,0,0,49,0,4,59,8,1,65,49,49,57,73,122
0,0,8,47,0,4,58,3,0,62,55,55,58,65,120
1,0,13,29,0,2,56,19,1,60,42,42,61,79,121
1,0,14,46,0,3,45,12,1,50,60,60,72,62,122
2,0,0,54,1,4,53,10,1,60,54,55,64,70,125
1,0,9,39,1,3,56,13,0,60,48,49,61,73,122
1,0,9,48,0,2,39,21,1,43,57,57,78,64,121
1,0,19,19,0,3,54,25,0,58,38,38,63,83,121
1,0,0,61,0,4,43,13,1,49,61,61,74,62,123
1,0,8,29,1,6,56,21,1,64,37,38,58,85,123
1,0,19,29,1,3,59,11,1,64,48,49,59,75,124
0,0,12,39,1,6,56,10,0,62,51,52,61,72,124
1,0,11,44,1,5,54,8,1,61,55,56,63,69,125
1,0,8,56,0,3,44,9,1,49,64,64,73,58,122
0,0,0,27,1,6,81,10,1,88,27,28,37,98,126
1,0,14,25,0,3,65,13,0,69,39,39,52,82,121
0,0,11,33,1,3,64,9,2,69,44,45,53,78,123
1,0,17,33,1,3,56,12,1,61,50,51,62,73,124
2,0,7,55,1,1,45,10,1,49,62,63,72,59,122
0,0,21,21,1,4,61,14,0,65,42,43,56,79,122
1,0,11,40,0,16,36,17,1,54,51,51,68,71,122
1,0,13,38,0,5,43,20,1,50,51,51,71,70,121
1,0,0,49,0,6,49,16,0,56,49,49,65,72,121
0,0,21,25,1,2,32,40,1,35,46,47,86,75,122
1,0,15,34,1,2,57,11,1,61,49,50,60,72,122
3,0,22,31,0,2,53,10,0,58,53,53,63,68,121
1,0,13,17,1,3,61,29,1,66,30,31,59,95,126
3,0,10,31,1,3,54,19,0,60,41,42,60,79,121
1,0,14,31,1,5,26,46,1,33,45,46,91,79,125
2,0,13,52,0,2,44,7,1,49,65,65,72,56,121
0,0,20,33,1,4,41,24,1,46,53,54,77,70,124
1,0,20,46,0,3,46,5,1,51,66,66,71,56,122
1,0,11,38,0,8,52,10,1,62,49,49,59,72,121
1,0,29,28,1,4,53,5,1,59,57,58,62,64,122
1,0,9,41,1,4,54,11,1,60,50,51,61,71,122
0,0,0,43,0,4,59,16,0,63,43,43,59,79,122
2,0,18,28,1,3,58,11,1,64,46,47,57,75,122
1,0,11,43,0,5,52,9,0,58,54,54,63,67,121
1,0,7,30,1,4,63,16,1,69,37,38,53,85,123
1,0,15,38,0,5,52,12,1,59,53,53,65,71,124
1,0,8,24,1,3,74,10,1,79,32,33,42,89,122
5,0,9,35,0,4,56,14,0,65,44,44,58,79,123
3,0,24,27,0,3,41,23,1,48,51,51,74,71,122
1,0,0,31,1,9,66,13,0,76,31,32,44,89,121
1,0,15,31,1,2,63,9,1,67,46,47,55,76,123
1,0,10,30,1,3,70,7,1,75,40,41,47,82,123
1,0,8,44,1,4,54,9,0,59,52,53,61,68,121
1,0,14,28,1,3,50,25,1,55,42,43,67,80,123
1,0,10,30,0,2,69,10,0,72,40,40,50,82,122
1,0,9,47,0,2,46,15,1,50,56,56,71,65,121
0,0,6,49,0,6,57,7,0,63,55,55,62,70,125
1,0,21,31,1,0,35,31,1,37,52,53,83,68,121
0,0,17,31,1,3,51,19,1,55,48,49,67,74,123
0,0,7,49,1,3,50,13,1,54,56,57,69,67,124
1,0,9,34,0,4,50,24,1,56,43,43,67,80,123
1,0,20,45,1,3,50,4,1,55,65,66,69,59,125
1,0,10,34,0,5,47,24,0,53,44,44,68,77,121
0,0,13,36,0,2,59,11,1,62,49,49,60,73,122
1,0,11,31,1,4,42,34,1,48,42,43,76,82,125
1,0,25,42,1,4,46,4,1,52,67,68,71,56,124
1,0,9,30,1,3,69,9,0,73,39,40,48,82,122
1,0,16,29,0,2,54,19,1,58,45,45,64,77,122
2,0,10,34,1,3,58,13,1,64,44,45,57,77,122
2,0,11,28,1,3,56,21,0,61,39,40,60,82,122
2,0,9,47,0,5,35,26,0,42,56,56,82,68,124
1,0,13,21,0,4,58,25,0,63,34,34,59,88,122
1,0,11,42,1,6,43,17,0,50,53,54,70,67,121
2,0,13,45,0,4,48,11,0,54,58,58,69,65,123
1,0,16,17,0,2,70,14,1,74,33,33,47,88,121
10,0,13,26,1,5,52,14,1,68,39,40,53,82,122
2,0,12,51,1,3,37,17,0,42,63,64,80,59,123
1,0,9,23,0,6,72,10,1,80,32,32,42,90,122
0,0,10,30,1,3,55,23,1,59,40,41,63,82,123
1,0,26,17,0,5,66,8,1,73,43,43,51,81,124
4,0,8,30,0,6,56,16,1,67,38,38,54,83,121
1,0,13,48,1,4,46,9,0,51,61,62,70,60,122
1,0,19,29,1,4,62,6,0,67,48,49,54,73,122
4,0,0,42,1,3,56,18,0,63,42,43,60,81,124
3,0,0,38,1,3,67,11,0,73,38,39,49,84,123
1,0,15,43,1,3,28,30,0,32,58,59,88,62,121
1,0,14,44,1,4,50,11,1,56,58,59,69,67,126
1,0,7,37,1,2,65,10,1,69,44,45,54,79,124
3,0,23,45,0,7,33,9,1,44,68,68,77,53,121
3,0,17,32,1,2,61,6,1,67,49,50,55,73,123
1,0,21,30,0,5,49,19,0,55,51,51,70,74,125
1,0,8,36,4,3,64,6,1,69,44,48,50,75,123
0,0,18,23,1,3,53,25,0,56,41,42,66,81,123
0,0,12,28,0,2,37,39,3,42,40,40,79,81,121
1,0,7,33,1,4,71,6,1,77,40,41,46,83,124
1,0,10,35,0,5,56,12,3,65,45,45,57,77,122
3,0,20,39,0,2,43,13,1,49,59,59,72,62,121
1,0,17,33,0,4,57,12,1,63,50,50,62,75,125
1,0,7,25,0,4,67,16,0,72,32,32,48,88,120
1,0,17,15,1,5,73,9,1,80,32,33,41,89,122
1,0,0,57,0,2,54,5,1,58,57,57,62,63,120
0,0,18,25,0,5,40,31,1,46,43,43,74,77,120
1,0,11,37,0,5,52,17,1,59,48,48,65,76,124
1,0,24,26,1,3,48,20,1,53,50,51,70,73,124
1,0,12,40,1,5,53,9,1,60,52,53,61,69,122
1,0,13,31,0,3,32,42,0,36,44,44,86,78,122
2,0,9,47,1,2,44,17,0,48,56,57,73,65,122
1,0,9,18,0,2,53,38,1,57,27,27,65,95,122
1,0,18,34,0,3,50,16,1,55,52,52,68,71,123
0,0,15,28,1,2,49,26,0,51,43,44,69,77,121
1,0,13,53,0,3,45,6,0,49,66,66,72,55,121
1,0,16,34,1,1,50,19,1,53,50,51,69,72,123
3,0,15,33,0,4,50,18,1,58,48,48,66,76,124
1,0,22,22,1,2,63,12,0,66,44,45,56,78,123
1,0,13,35,0,4,49,20,1,55,48,48,68,75,123
0,0,0,36,0,1,54,29,0,55,36,36,65,84,120
0,0,7,40,6,4,37,26,1,42,47,53,73,68,121
2,0,7,28,0,5,57,20,1,65,35,35,55,85,120
2,0,17,33,0,2,58,9,0,62,50,50,59,71,121
1,0,9,25,1,5,59,21,1,66,34,35,55,87,122
1,0,13,36,1,5,42,28,1,49,49,50,77,77,127
1,0,15,42,0,3,48,12,1,53,57,57,69,65,122
1,0,13,33,0,3,61,12,1,66,46,46,58,78,124
1,0,13,28,1,5,46,31,1,53,41,42,72,84,126
1,0,20,41,1,5,43,10,0,49,61,62,71,59,121
2,0,23,40,0,3,44,8,1,50,63,63,71,58,121
1,0,16,25,1,4,69,9,1,75,41,42,50,84,126
1,0,11,24,0,2,63,18,1,67,35,35,53,85,120
1,0,12,19,0,11,66,12,0,78,31,31,43,90,121
1,0,18,28,0,1,50,22,0,52,46,46,68,74,120
1,0,12,32,0,3,57,17,1,62,44,44,61,79,123
3,0,19,37,0,8,33,20,0,44,56,56,76,64,120
2,0,8,31,0,3,70,8,1,76,39,39,47,84,123
1,0,11,14,0,15,54,26,0,70,25,25,51,96,121
2,0,15,27,1,3,60,15,1,66,42,43,57,81,124
0,0,18,38,1,4,33,27,1,38,56,57,83,65,122
1,0,15,35,0,3,44,22,1,49,50,50,72,71,121
1,0,11,36,1,3,62,6,1,67,47,48,53,73,121
1,0,14,23,0,21,50,11,1,73,37,37,48,84,121
1,0,7,42,1,4,58,10,1,64,49,50,59,74,124
0,0,29,39,1,3,36,13,1,40,68,69,81,53,122
1,0,12,26,0,3,71,10,1,76,38,38,48,86,124
2,0,12,36,1,2,62,6,1,67,48,49,54,73,122
0,0,9,38,1,3,58,15,1,62,47,48,62,77,125
0,0,7,39,0,3,66,7,0,69,46,46,53,76,122
2,0,14,25,1,5,41,33,1,49,39,40,72,82,122
0,0,7,23,1,2,74,14,1,77,30,31,44,91,122
1,0,10,39,1,3,59,9,1,64,49,50,58,73,123
1,0,15,22,1,3,68,13,1,73,37,38,50,86,124
1,0,7,27,1,4,67,16,1,73,34,35,50,89,124
1,0,15,38,1,2,51,14,1,55,53,54,67,69,123
2,0,12,32,0,4,48,25,1,55,44,44,69,80,124
2,0,19,38,0,4,50,9,0,56,57,57,66,65,122
1,0,0,34,1,3,68,15,1,73,34,35,49,88,123
1,0,11,54,0,3,45,7,1,50,65,65,72,57,122
1,0,13,21,0,5,66,18,1,73,34,34,52,91,125
1,0,0,40,0,5,56,22,1,63,40,40,62,85,125
1,0,20,37,1,4,53,6,0,58,57,58,63,64,122
1,0,11,48,1,5,44,11,1,51,59,60,70,62,122
1,0,11,49,1,3,50,9,1,55,60,61,69,64,125
1,0,13,32,1,4,47,24,1,53,45,46,69,77,123
1,0,14,30,0,2,57,17,1,61,44,44,61,78,122
1,0,20,25,1,2,48,25,1,52,45,46,70,77,123
1,0,15,24,1,3,71,6,0,75,39,40,45,81,121
1,0,26,30,0,5,52,6,1,59,56,56,62,65,121
3,0,13,22,0,6,68,11,1,78,35,35,46,89,124
1,0,18,34,1,2,47,19,0,50,52,53,71,69,122
0,0,14,29,1,4,65,8,0,69,43,44,51,77,121
1,0,22,56,0,3,30,7,1,35,78,78,85,42,120
1,0,10,41,1,3,41,27,0,45,51,52,78,72,124
1,0,13,43,1,4,54,8,0,59,56,57,64,67,124
1,0,13,31,1,4,63,12,1,69,44,45,56,81,126
1,0,0,56,1,5,47,11,1,54,56,57,67,65,122
1,0,0,33,1,3,79,4,0,83,33,34,37,87,121
2,0,12,32,0,4,63,7,1,70,44,44,51,77,121
3,0,16,18,0,4,57,23,1,65,34,34,57,88,122
1,0,9,50,2,1,49,8,1,52,59,61,67,60,121
1,0,17,34,0,3,54,11,1,59,51,51,62,70,121
0,0,27,29,1,3,40,22,1,44,56,57,78,66,123
1,0,17,27,0,2,28,46,1,32,44,44,90,78,122
1,0,0,40,1,3,62,17,1,67,40,41,57,84,125
1,0,17,37,1,3,49,14,1,54,54,55,68,68,123
0,0,18,39,0,1,52,10,1,54,57,57,67,64,121
1,0,16,52,1,2,39,12,0,42,68,69,80,54,123
0,0,23,26,1,4,54,13,1,59,49,50,62,72,122
3,0,13,31,0,3,66,6,0,72,44,44,50,78,122
1,0,9,38,1,3,58,11,1,63,47,48,58,74,122
1,0,20,20,0,4,51,28,1,57,40,40,68,85,125
1,0,8,47,1,3,46,17,0,50,55,56,72,67,123
0,0,22,27,0,3,49,20,0,52,49,49,69,72,121
0,0,9,37,0,5,53,20,1,59,46,46,66,79,125
1,0,8,32,0,2,43,35,1,47,40,40,75,82,122
1,0,11,31,1,4,59,12,2,66,42,43,54,78,121
0,0,17,33,1,5,58,7,1,64,50,51,57,71,122
1,0,12,31,0,3,54,21,1,59,43,43,64,80,123
1,0,15,46,1,7,41,9,0,49,61,62,70,58,120
0,0,31,22,0,2,44,21,1,47,53,53,74,68,121
2,0,7,49,1,3,47,14,0,52,56,57,70,66,123
1,0,24,37,0,4,43,11,0,48,61,61,72,59,120
1,0,20,32,1,4,50,14,0,55,52,53,66,69,122
0,0,14,24,1,5,58,20,1,64,38,39,58,84,123
0,0,6,46,1,8,44,16,1,53,52,53,68,69,122
1,0,39,17,1,6,48,8,1,56,56,57,64,64,121
3,0,0,44,1,2,43,29,1,49,44,45,73,78,123
1,0,10,33,1,2,47,28,1,51,43,44,71,79,123
1,0,21,24,0,2,68,7,1,72,45,45,52,79,124
1,0,7,35,0,1,60,16,1,63,42,42,58,79,121
1,0,14,34,0,3,52,17,0,56,48,48,65,73,121
1,0,0,28,0,3,64,26,1,69,28,28,54,95,123
1,0,17,28,0,2,62,12,1,66,45,45,57,78,123
1,0,22,36,1,4,46,14,1,52,58,59,72,66,125
1,0,12,39,0,3,55,12,1,60,51,51,63,72,123
1,0,11,43,0,3,59,5,1,64,54,54,59,69,123
1,0,18,22,1,3,61,16,1,66,40,41,56,82,123
2,0,9,21,0,3,79,8,1,85,30,30,38,93,123
1,0,8,25,0,2,54,32,0,57,33,33,65,89,122
1,0,10,24,1,3,41,43,1,46,34,35,77,89,124
1,0,11,50,1,2,47,9,1,51,61,62,70,60,122
0,0,12,14,1,2,81,11,0,83,26,27,37,94,121
1,0,13,20,1,2,61,23,1,65,33,34,56,88,122
1,0,17,23,1,3,62,17,1,67,40,41,57,84,125
1,0,11,31,0,4,66,9,1,72,42,42,51,81,123
1,0,14,39,1,4,41,23,1,47,53,54,76,70,124
1,0,10,38,1,3,51,19,1,56,48,49,67,75,124
1,0,0,45,0,3,54,20,0,58,45,45,65,78,123
2,0,13,24,0,4,61,19,1,68,37,37,56,87,124
0,0,7,36,1,5,42,29,1,48,43,44,72,77,121
1,0,14,18,1,14,65,9,1,81,32,33,41,90,123
1,0,15,51,0,3,40,11,0,44,66,66,77,55,121
1,0,24,34,1,5,44,12,1,51,58,59,70,63,122
1,0,9,42,0,7,56,6,1,65,51,51,57,71,122
0,0,9,27,1,4,68,13,2,74,36,37,49,87,124
1,0,29,40,1,5,41,7,1,48,69,70,76,55,125
1,0,6,43,2,4,42,22,0,47,49,51,71,69,120
1,0,9,24,1,3,75,11,1,80,33,34,44,91,125
1,0,10,40,0,4,39,28,0,44,50,50,78,72,122
2,0,8,63,1,2,39,7,1,44,71,72,78,51,123
0,0,12,51,0,3,45,9,2,50,63,63,72,59,122
1,0,8,29,1,4,74,5,1,80,37,38,42,85,123
1,0,14,34,0,3,54,16,0,58,48,48,64,74,122
1,0,7,27,0,9,69,8,1,80,34,34,42,88,122
1,0,8,34,1,5,48,29,1,55,42,43,71,84,127
1,0,14,23,0,4,49,29,1,55,37,37,66,84,121
0,0,15,49,1,5,42,13,1,48,64,65,77,61,126
1,0,18,42,0,3,45,14,0,49,60,60,74,63,123
1,0,14,40,0,2,51,13,0,54,54,54,67,67,121
1,0,9,40,0,3,54,15,1,59,49,49,64,74,123
1,0,0,22,0,8,62,27,1,72,22,22,49,99,121
1,0,8,26,1,4,73,9,0,78,34,35,43,87,122
1,0,16,41,1,2,51,10,0,54,57,58,67,64,122
2,0,0,34,0,9,58,17,1,70,34,34,51,87,121
1,0,17,40,1,2,55,6,1,59,57,58,63,65,123
0,0,14,40,1,5,47,16,1,53,54,55,70,69,124
0,0,26,47,1,3,37,8,0,40,73,74,81,48,122
1,0,14,17,0,4,63,22,2,70,31,31,53,92,123
1,0,0,53,1,2,52,12,0,55,53,54,65,67,121
0,0,19,15,0,3,74,11,0,77,34,34,45,88,122
1,0,18,31,0,4,56,10,1,62,49,49,59,72,121
1,0,11,35,1,5,65,7,0,71,46,47,53,78,125
3,0,12,25,2,3,61,15,1,68,37,39,52,83,122
0,0,10,44,0,4,35,27,0,39,54,54,81,66,120
1,0,13,31,1,4,58,17,0,63,44,45,61,80,125
2,0,15,19,0,6,68,10,0,76,34,34,44,86,120
1,0,9,47,1,2,34,28,1,38,56,57,84,66,123
1,0,23,34,0,5,32,27,1,39,57,57,84,66,123
1,0,20,34,0,2,48,17,0,51,54,54,71,68,122
1,0,25,39,0,3,42,13,1,47,64,64,77,60,124
1,0,13,23,0,2,73,10,1,77,36,36,46,87,123
0,0,11,35,1,4,56,14,1,61,46,47,60,75,122
1,0,12,47,1,5,43,12,1,50,59,60,71,62,122
1,0,25,13,0,9,55,18,0,65,38,38,56,83,121
0,0,33,38,1,3,35,11,0,38,71,72,82,49,121
1,0,19,32,0,1,56,11,0,58,51,51,62,69,120
1,0,9,31,1,4,55,21,1,61,40,41,61,82,123
1,0,11,40,0,5,51,18,1,58,51,51,69,76,127
0,0,12,41,1,3,55,9,1,59,53,54,62,68,122
0,0,10,21,1,3,49,36,1,53,31,32,67,89,121
1,0,6,29,1,1,39,44,0,41,35,36,79,85,121
1,0,16,26,1,4,58,19,1,64,42,43,61,83,126
1,0,11,23,0,3,68,15,1,73,34,34,49,88,122
0,0,10,13,1,9,69,19,0,78,23,24,42,97,121
1,0,13,29,0,2,67,10,0,70,42,42,52,80,122
0,0,15,41,0,2,55,8,0,57,56,56,64,65,121
1,0,13,45,0,1,50,11,0,52,58,58,69,63,121
2,0,12,22,0,7,63,14,1,73,34,34,48,87,121
1,0,13,30,1,3,57,18,1,62,43,44,61,80,124
0,0,17,49,0,2,38,13,2,42,66,66,79,55,121
1,0,12,38,1,3,34,35,1,39,50,51,85,74,125
1,0,11,38,0,4,47,23,1,53,49,49,72,76,125
0,0,10,30,2,2,67,10,0,69,40,42,50,79,121
1,0,13,34,0,3,57,12,0,61,47,47,59,73,120
1,0,8,22,0,3,55,32,1,60,30,30,62,92,122
1,0,24,40,1,3,45,8,1,50,64,65,72,58,123
3,0,13,40,1,2,52,11,0,57,53,54,64,68,122
0,0,22,34,0,4,43,17,0,47,56,56,73,64,120
1,0,19,38,0,2,44,19,1,48,57,57,76,67,124
0,0,20,14,0,6,62,18,1,69,34,34,52,87,121
1,0,10,38,1,2,53,17,0,56,48,49,65,73,122
1,0,12,31,0,5,57,17,0,63,43,43,60,80,123
1,0,9,21,0,3,69,18,1,74,30,30,48,92,122
0,0,12,28,1,3,68,11,1,72,40,41,51,83,124
1,0,21,38,0,1,51,8,1,54,59,59,67,62,121
0,0,16,26,1,3,63,12,1,67,42,43,54,79,122
0,0,13,30,1,5,72,5,1,78,43,44,48,83,127
1,0,13,26,0,3,63,16,0,67,39,39,55,83,122
1,0,25,26,0,2,52,15,1,56,51,51,66,71,122
1,0,12,51,1,3,48,7,1,53,63,64,70,60,124
1,0,8,43,0,3,51,16,1,56,51,51,67,72,123
0,0,17,19,1,6,67,11,0,73,36,37,47,84,121
1,0,20,30,0,4,63,5,0,68,50,50,55,73,123
1,0,10,28,0,3,65,15,0,69,38,38,53,84,122
1,0,14,28,0,4,68,8,1,74,42,42,50,82,124
1,0,10,41,0,5,54,10,0,60,51,51,61,70,121
1,0,15,52,1,3,36,15,1,41,67,68,82,56,124
1,0,16,31,1,3,61,9,1,66,47,48,56,75,123
2,0,28,41,0,2,39,9,0,43,69,69,78,52,121
0,0,0,52,1,3,48,17,0,51,52,53,69,68,121
1,0,12,36,0,3,64,4,0,68,48,48,52,72,120
1,0,14,33,0,4,41,29,0,46,47,47,76,75,122
1,0,9,41,0,4,56,10,1,62,50,50,60,72,122
1,0,28,38,1,3,34,18,0,38,66,67,84,56,123
3,0,16,17,0,2,64,18,0,69,33,33,51,87,120
1,0,8,44,0,3,51,14,1,56,52,52,66,70,122
1,0,13,23,1,4,73,6,1,79,36,37,42,85,122
1,0,10,24,1,4,47,36,1,53,34,35,70,89,124
1,0,14,30,1,4,64,8,1,70,44,45,52,78,123
1,0,16,15,1,5,59,28,0,65,31,32,59,93,125
4,0,24,34,0,4,48,8,1,57,58,58,66,65,123
1,0,8,43,1,3,49,15,1,54,51,52,66,69,121
2,0,13,33,0,3,58,13,0,63,46,46,59,76,122
0,0,15,20,0,2,61,20,2,65,35,35,55,85,120
1,0,7,28,1,4,63,17,0,68,35,36,52,85,121
1,0,14,31,1,2,41,31,0,44,45,46,76,75,121
1,0,12,34,1,4,51,19,0,56,46,47,65,75,122
1,0,7,26,1,2,66,19,1,70,33,34,52,89,123
4,0,7,25,1,4,68,14,1,77,32,33,46,91,124
1,0,11,36,0,2,61,10,0,64,47,47,57,74,121
2,0,10,44,2,2,44,15,1,49,54,56,69,64,120
1,0,16,52,0,2,43,8,1,47,68,68,76,55,123
1,0,7,40,0,2,49,23,0,52,47,47,70,75,122
0,0,14,27,1,4,65,13,0,69,41,42,54,82,124
0,0,14,46,0,4,51,8,0,55,60,60,68,63,123
1,0,10,21,0,6,71,12,1,79,31,31,43,91,122
0,0,16,31,0,2,58,14,0,60,47,47,61,74,121
2,0,16,16,0,3,63,21,1,69,32,32,53,90,122
1,0,24,36,0,3,33,25,0,37,60,60,85,62,122
1,0,12,24,0,4,46,35,0,51,36,36,71,86,122
3,0,0,40,0,5,61,11,1,70,40,40,51,81,121
4,0,17,36,1,3,47,14,0,54,53,54,67,68,122
6,0,11,18,1,2,55,28,1,64,29,30,57,92,122
1,0,21,43,0,2,46,9,1,50,64,64,73,59,123
1,0,8,46,1,5,55,9,1,62,54,55,63,71,126
1,0,25,32,1,4,29,32,0,34,57,58,89,66,124
1,0,24,22,1,2,66,5,1,70,46,47,51,75,122
0,0,16,23,1,6,66,8,0,72,39,40,47,80,120
0,0,19,20,0,5,43,33,4,52,39,39,72,85,124
0,0,12,30,1,1,50,28,0,51,42,43,70,79,122
2,0,23,28,1,4,55,11,1,62,51,52,62,73,125
1,0,11,50,1,1,41,16,0,43,61,62,77,59,121
1,0,10,33,0,4,55,17,1,61,43,43,60,78,121
1,0,9,32,0,4,51,23,0,56,41,41,64,79,120
1,0,10,41,0,5,63,2,1,70,51,51,53,72,123
1,0,10,33,1,3,64,10,1,69,43,44,53,79,123
1,0,32,20,0,2,58,8,0,61,52,52,60,69,121
1,0,10,42,0,6,44,21,0,51,52,52,73,72,124
3,0,10,52,0,2,34,20,1,40,62,62,82,60,122
1,0,15,27,1,2,53,23,0,56,42,43,65,79,122
1,0,6,39,1,2,61,11,1,65,45,46,56,76,122
1,0,15,46,0,4,45,12,0,50,61,61,73,62,123
2,0,11,35,0,2,65,5,1,70,46,46,51,75,121
0,0,11,47,1,8,41,13,1,50,58,59,71,63,122
1,0,7,25,1,5,67,13,2,75,32,33,45,88,121
1,0,12,43,1,3,45,19,0,49,55,56,74,68,124
3,0,17,29,1,4,59,10,1,67,46,47,56,77,124
1,0,14,31,0,6,49,19,1,57,45,45,64,76,121
0,0,8,45,1,5,39,23,0,44,53,54,76,67,121
1,0,14,44,0,3,42,17,1,47,58,58,75,64,122
1,0,8,41,0,4,50,17,1,56,49,49,66,73,122
1,0,13,45,1,2,33,25,1,37,58,59,83,62,121
1,0,9,39,0,5,61,9,1,68,48,48,57,77,125
1,0,29,41,1,4,41,7,1,47,70,71,77,54,125
1,0,7,37,0,3,59,15,0,63,44,44,59,78,122
1,0,16,53,1,3,36,13,0,40,69,70,82,53,123
1,0,27,24,0,3,51,17,1,56,51,51,68,73,124
1,0,7,45,1,2,42,25,1,46,52,53,77,71,124
1,0,8,37,1,4,50,20,0,55,45,46,65,75,121
1,0,7,48,0,2,55,8,1,59,55,55,63,67,122
0,0,11,28,0,3,60,18,0,63,39,39,57,81,120
1,0,25,36,1,4,48,8,1,54,61,62,69,62,124
1,0,12,46,0,1,46,15,0,48,58,58,73,63,121
1,0,16,30,0,2,57,15,0,60,46,46,61,75,121
2,0,6,39,0,4,49,20,0,55,45,45,65,75,120
1,0,10,29,0,6,60,15,1,68,39,39,54,83,122
1,0,13,32,1,3,66,6,0,70,45,46,51,76,122
1,0,14,42,1,5,41,18,1,48,56,57,74,66,123
1,0,8,49,0,2,38,23,1,42,57,57,80,65,122
1,0,0,43,0,6,66,4,0,73,43,43,47,77,120
1,0,13,37,1,4,40,28,1,46,50,51,78,74,125
1,0,10,30,0,4,57,19,0,62,40,40,59,81,121
1,0,6,37,1,2,52,21,1,56,43,44,64,77,121
1,0,6,21,0,5,59,32,0,65,27,27,59,97,124
1,0,18,22,1,4,58,18,1,64,40,41,58,82,123
1,0,9,31,0,4,66,12,1,72,40,40,52,84,124
2,0,0,39,1,3,54,21,1,60,39,40,60,81,121
1,0,14,34,1,5,54,13,1,61,48,49,61,74,123
0,0,18,27,1,4,58,14,1,63,45,46,59,77,123
0,0,19,38,0,4,31,31,1,36,57,57,88,67,124
1,0,7,59,1,2,41,10,1,45,66,67,76,55,122
1,0,11,25,0,1,57,24,1,60,36,36,60,84,120
2,0,16,45,0,2,44,12,1,49,61,61,73,61,122
1,0,0,30,0,5,69,19,1,76,30,30,49,95,125
0,0,17,43,0,5,30,28,1,36,60,60,88,64,124
2,0,21,66,1,3,24,6,1,30,87,88,93,36,124
2,0,8,34,1,4,61,11,1,68,42,43,53,79,122
1,0,14,28,1,3,62,12,0,66,42,43,54,78,121
1,0,0,15,1,4,86,16,0,91,15,16,31,107,123
1,0,0,26,1,7,67,19,1,76,26,27,45,95,122
1,0,20,54,0,8,28,10,0,37,74,74,84,47,121
1,0,0,25,0,4,70,21,1,76,25,25,46,97,122
0,0,13,50,0,1,46,10,1,48,63,63,73,58,121
1,0,8,33,0,5,68,4,1,75,41,41,45,79,120
0,0,15,21,1,3,65,15,1,69,36,37,51,84,121
1,0,13,19,1,4,70,15,0,75,32,33,47,90,123
2,0,15,27,1,4,59,13,0,65,42,43,55,78,121
0,0,13,36,0,2,61,8,0,63,49,49,57,71,120
0,0,14,28,0,3,49,28,0,52,42,42,70,80,122
3,0,11,31,0,5,44,27,1,53,42,42,69,80,122
0,0,17,30,1,2,61,11,0,63,47,48,58,74,122
1,0,8,21,1,1,72,17,1,75,29,30,46,92,122
1,0,9,43,0,3,42,23,1,47,52,52,75,70,122
0,0,0,31,1,2,42,45,1,45,31,32,76,90,122
1,0,14,30,0,2,56,17,0,59,44,44,61,76,120
1,0,14,21,1,2,78,5,0,81,35,36,40,86,122
0,0,18,47,0,2,50,4,0,52,65,65,69,56,121
1,0,7,38,0,4,63,8,1,69,45,45,53,77,122
1,0,10,31,1,0,37,42,1,39,41,42,83,81,123
1,0,10,17,0,4,76,12,0,81,27,27,39,93,120
2,0,11,33,0,5,55,15,0,62,44,44,59,77,121
1,0,9,46,0,4,47,14,0,52,55,55,69,66,121
0,0,12,42,0,15,43,8,0,58,54,54,62,66,120
0,0,18,48,1,2,48,5,0,50,66,67,71,55,122
1,0,28,28,1,2,45,18,0,48,56,57,74,66,123
2,0,0,27,1,3,66,22,1,72,27,28,49,94,122
1,0,8,23,1,1,73,14,0,75,31,32,45,89,121
4,0,20,52,1,5,31,8,0,40,72,73,80,48,121
1,0,16,37,0,1,52,13,1,55,53,53,66,68,121
1,0,10,27,1,3,71,9,1,76,37,38,46,85,123
4,0,16,32,1,3,56,11,0,63,48,49,59,74,123
4,0,0,29,0,2,61,25,1,68,29,29,54,93,122
1,0,13,27,1,2,62,14,1,66,40,41,54,80,121
1,0,9,49,0,3,35,27,0,39,58,58,85,66,124
0,0,19,26,0,4,64,7,0,68,45,45,52,75,120
1,0,16,52,1,2,36,14,1,40,68,69,82,54,123
1,0,17,54,1,4,35,11,1,41,71,72,82,52,124
1,0,12,54,0,4,39,13,1,45,66,66,79,58,124
1,0,14,32,0,4,35,35,0,40,46,46,81,75,121
2,0,11,38,0,6,45,22,1,54,49,49,71,76,125
1,0,11,39,1,6,52,12,1,60,50,51,62,72,123
2,0,18,27,0,4,49,22,0,55,45,45,67,77,122
1,0,15,27,1,5,66,8,0,72,42,43,50,80,123
2,0,18,31,0,6,39,23,1,48,49,49,72,71,120
6,0,8,29,1,2,61,13,1,70,37,38,50,83,121
1,0,13,39,0,7,44,17,0,52,52,52,69,69,121
1,0,10,25,1,4,63,17,1,69,35,36,52,86,122
3,0,21,9,1,0,66,19,2,71,30,31,49,90,121
1,0,19,27,1,3,68,5,1,73,46,47,51,78,125
1,0,16,33,1,4,58,12,0,63,49,50,61,75,125
1,0,9,41,1,3,50,18,0,54,50,51,68,72,123
3,0,9,36,1,3,63,5,0,69,45,46,50,74,120
9,0,9,26,1,5,58,13,0,72,35,36,48,85,121
1,0,15,48,0,3,45,11,1,50,63,63,74,61,124
0,0,9,33,0,3,51,26,0,54,42,42,68,80,122
1,0,16,30,2,3,60,11,0,64,46,48,57,75,123
1,0,17,48,1,4,23,25,1,29,65,66,90,54,120
1,0,14,56,1,6,31,13,0,38,70,71,83,51,122
1,0,24,34,1,1,48,11,1,51,58,59,69,62,121
10,0,12,30,1,3,61,7,1,75,42,43,49,82,125
1,0,15,24,0,4,63,14,1,69,39,39,53,83,122
1,0,7,38,1,8,25,41,1,35,45,46,86,76,122
3,0,13,54,0,4,44,4,0,51,67,67,71,55,122
0,0,0,50,1,4,45,23,0,49,50,51,73,72,123
1,0,7,46,1,0,56,11,0,57,53,54,64,68,122
0,0,11,33,1,5,42,27,4,51,44,45,71,78,123
2,0,8,27,1,2,62,17,3,69,35,36,52,86,122
1,0,19,18,1,12,65,5,1,79,37,38,42,84,122
1,0,6,44,0,2,56,13,1,60,50,50,63,73,123
1,0,14,45,0,4,42,18,0,47,59,59,77,65,124
0,0,7,24,0,4,78,9,1,83,31,31,40,92,123
1,0,11,45,0,4,36,27,1,42,56,56,83,69,125
2,0,0,42,0,4,62,11,1,69,42,42,53,80,122
1,0,11,46,1,4,51,11,1,57,57,58,68,68,126
1,0,14,51,1,2,42,10,1,46,65,66,75,56,122
1,0,18,25,0,4,54,20,0,59,43,43,63,79,122
1,0,34,35,1,2,34,15,0,37,69,70,84,52,122
1,0,8,18,1,3,77,16,1,82,26,27,42,98,125
1,0,12,31,0,3,73,2,1,78,43,43,45,80,123
1,0,15,23,0,0,70,11,1,72,38,38,49,83,121
0,0,7,35,0,8,33,37,0,41,42,42,79,78,120
2,0,7,35,1,4,60,14,1,67,42,43,56,81,124
1,0,17,28,1,5,56,13,1,63,45,46,58,76,122
2,0,14,35,0,2,57,9,1,62,49,49,58,71,120
