"ACT","Conservative","Green","Labour","Mana","Maori","National","NZ_First","United Future","NatCoal","LabGreen","LabGreenMana","LabGreenNZFirst","NatCoalNZFirst","Total"
1,0,8,43,1,2,54,12,0,57,51,52,63,69,121
1,0,7,46,0,2,52,12,0,55,53,53,65,67,120
1,0,8,42,0,4,53,16,0,58,50,50,66,74,124
1,0,9,43,0,4,50,16,0,55,52,52,68,71,123
1,0,7,44,0,3,48,17,0,52,51,51,68,69,120
1,0,0,53,0,0,55,11,0,56,53,53,64,67,120
1,0,12,37,1,3,53,14,0,57,49,50,63,71,121
0,0,9,42,1,3,50,16,0,53,51,52,67,69,121
1,0,8,40,1,1,54,15,0,56,48,49,63,71,120
1,0,7,41,0,2,57,13,0,60,48,48,61,73,121
0,0,10,40,0,2,52,16,0,54,50,50,66,70,120
1,0,9,44,1,3,52,13,0,56,53,54,66,69,123
1,0,8,42,1,2,56,13,0,59,50,51,63,72,123
1,0,8,45,1,4,49,14,0,54,53,54,67,68,122
0,0,9,37,1,2,57,15,0,59,46,47,61,74,121
1,0,0,50,1,3,50,18,0,54,50,51,68,72,123
0,0,10,44,1,1,47,18,0,48,54,55,72,66,121
1,0,10,42,0,5,50,12,0,56,52,52,64,68,120
1,0,8,48,0,3,51,12,0,55,56,56,68,67,123
1,0,11,37,0,3,54,15,0,58,48,48,63,73,121
0,0,12,41,1,3,52,13,0,55,53,54,66,68,122
2,0,0,46,1,2,58,12,0,62,46,47,58,74,121
0,0,8,42,0,4,54,13,0,58,50,50,63,71,121
1,0,6,45,0,4,56,10,0,61,51,51,61,71,122
1,0,6,45,0,3,53,14,0,57,51,51,65,71,122
3,0,8,41,1,3,52,13,0,58,49,50,62,71,121
1,0,9,43,0,2,56,11,0,59,52,52,63,70,122
1,0,6,44,0,3,55,12,0,59,50,50,62,71,121
1,0,8,41,1,4,54,14,0,59,49,50,63,73,123
0,0,0,45,0,2,58,15,0,60,45,45,60,75,120
0,0,10,39,0,3,57,12,0,60,49,49,61,72,121
1,0,9,37,1,2,58,14,0,61,46,47,60,75,122
0,0,8,45,0,2,52,13,0,54,53,53,66,67,120
1,0,0,51,1,3,54,13,0,58,51,52,64,71,123
0,0,0,49,0,4,53,15,0,57,49,49,64,72,121
1,0,6,45,0,2,55,12,0,58,51,51,63,70,121
1,0,8,39,1,2,59,12,0,62,47,48,59,74,122
1,0,0,42,1,3,58,16,0,62,42,43,58,78,121
1,0,8,47,1,3,51,11,0,55,55,56,66,66,122
1,0,9,39,0,4,54,13,0,59,48,48,61,72,120
1,0,9,41,0,1,57,11,0,59,50,50,61,70,120
2,0,9,42,1,2,55,11,0,59,51,52,62,70,122
1,0,10,38,1,4,60,8,0,65,48,49,56,73,122
1,0,7,45,0,2,51,14,0,54,52,52,66,68,120
1,0,8,44,1,4,54,12,0,59,52,53,64,71,124
4,0,7,35,0,2,61,11,0,67,42,42,53,78,120
1,0,6,49,0,3,50,13,0,54,55,55,68,67,122
1,0,0,48,1,3,54,16,0,58,48,49,64,74,123
1,0,8,38,0,5,51,17,0,57,46,46,63,74,120
1,0,10,38,1,1,53,17,0,55,48,49,65,72,121
1,0,8,45,0,5,51,15,0,57,53,53,68,72,125
3,0,7,38,0,2,60,11,0,65,45,45,56,76,121
1,0,7,42,1,4,53,16,0,58,49,50,65,74,124
1,0,7,38,0,3,54,18,0,58,45,45,63,76,121
2,0,8,46,0,6,50,13,0,58,54,54,67,71,125
1,0,7,44,0,4,50,18,0,55,51,51,69,73,124
0,0,10,38,1,2,59,11,0,61,48,49,59,72,121
1,0,8,44,1,2,51,15,0,54,52,53,67,69,122
1,0,8,44,1,5,52,13,0,58,52,53,65,71,124
1,0,8,49,1,4,44,14,0,49,57,58,71,63,121
0,0,8,46,0,3,55,11,0,58,54,54,65,69,123
1,0,9,38,1,4,53,18,0,58,47,48,65,76,124
2,0,8,41,1,4,55,11,0,61,49,50,60,72,122
1,0,10,40,1,2,53,14,0,56,50,51,64,70,121
1,0,7,44,1,4,54,11,0,59,51,52,62,70,122
2,0,8,40,0,3,56,12,0,61,48,48,60,73,121
1,0,7,43,1,3,52,15,0,56,50,51,65,71,122
0,0,9,41,0,5,53,14,0,58,50,50,64,72,122
1,0,0,48,1,6,58,13,0,65,48,49,61,78,127
1,0,7,45,0,4,53,14,0,58,52,52,66,72,124
1,0,7,39,0,4,59,13,0,64,46,46,59,77,123
0,0,0,52,0,2,56,10,0,58,52,52,62,68,120
0,0,8,44,0,3,50,16,0,53,52,52,68,69,121
0,0,7,43,1,3,55,14,0,58,50,51,64,72,123
1,0,9,44,0,3,52,12,0,56,53,53,65,68,121
1,0,0,48,1,4,57,13,0,62,48,49,61,75,124
5,0,7,41,1,1,55,11,0,61,48,49,59,72,121
1,0,8,41,0,3,56,12,0,60,49,49,61,72,121
1,0,7,42,1,4,58,10,0,63,49,50,59,73,123
1,0,10,38,0,5,56,14,0,62,48,48,62,76,124
1,0,10,43,1,4,47,18,0,52,53,54,71,70,124
0,0,6,45,0,4,57,10,0,61,51,51,61,71,122
1,0,8,43,0,3,55,10,0,59,51,51,61,69,120
1,0,8,44,1,3,55,11,0,59,52,53,63,70,123
1,0,8,44,1,5,49,15,0,55,52,53,67,70,123
3,0,9,43,1,3,50,12,0,56,52,53,64,68,121
1,0,8,43,0,4,52,15,0,57,51,51,66,72,123
1,0,9,43,0,3,50,14,0,54,52,52,66,68,120
1,0,6,43,1,4,57,13,0,62,49,50,62,75,125
1,0,9,43,1,2,53,13,0,56,52,53,65,69,122
1,0,9,38,1,3,56,15,0,60,47,48,62,75,123
2,0,7,39,1,2,52,18,0,56,46,47,64,74,121
1,0,7,42,0,4,56,13,0,61,49,49,62,74,123
1,0,10,41,0,1,54,13,0,56,51,51,64,69,120
0,0,6,45,0,3,53,15,0,56,51,51,66,71,122
3,0,0,46,1,5,58,12,0,66,46,47,58,78,125
1,0,9,44,1,3,50,16,0,54,53,54,69,70,124
1,0,7,43,1,5,50,17,0,56,50,51,67,73,124
1,0,8,41,0,2,57,12,0,60,49,49,61,72,121
1,0,8,44,2,4,49,14,0,54,52,54,66,68,122
1,0,12,41,1,2,51,13,0,54,53,54,66,67,121
1,0,7,47,0,4,48,14,0,53,54,54,68,67,121
1,0,8,47,0,2,50,14,0,53,55,55,69,67,122
1,0,9,42,0,2,56,10,0,59,51,51,61,69,120
1,0,8,46,1,2,51,12,0,54,54,55,66,66,121
1,0,7,41,1,3,58,12,0,62,48,49,60,74,123
1,0,10,44,0,3,51,14,0,55,54,54,68,69,123
3,0,7,42,0,3,53,12,0,59,49,49,61,71,120
0,0,8,42,0,2,59,10,0,61,50,50,60,71,121
1,0,8,41,1,1,56,14,0,58,49,50,63,72,122
0,0,9,42,1,4,52,13,0,56,51,52,64,69,121
1,0,7,44,1,2,48,18,0,51,51,52,69,69,121
0,0,0,47,0,1,59,13,0,60,47,47,60,73,120
0,0,8,44,0,5,54,13,0,59,52,52,65,72,124
2,0,8,42,0,3,52,15,0,57,50,50,65,72,122
0,0,8,40,0,4,52,18,0,56,48,48,66,74,122
1,0,10,40,0,2,55,13,0,58,50,50,63,71,121
1,0,7,45,1,2,49,17,0,52,52,53,69,69,122
1,0,8,44,1,3,53,12,0,57,52,53,64,69,122
1,0,10,42,0,3,51,15,0,55,52,52,67,70,122
1,0,8,47,0,4,47,15,0,52,55,55,70,67,122
1,0,9,41,1,3,54,14,0,58,50,51,64,72,123
0,0,10,42,1,6,54,11,0,60,52,53,63,71,124
1,0,6,46,1,3,52,13,0,56,52,53,65,69,122
1,0,8,38,1,4,60,12,0,65,46,47,58,77,124
2,0,7,47,0,3,47,15,0,52,54,54,69,67,121
1,0,10,46,0,4,50,11,0,55,56,56,67,66,122
1,0,8,44,0,4,56,11,0,61,52,52,63,72,124
1,0,9,41,1,2,56,12,0,59,50,51,62,71,122
1,0,8,42,0,4,54,13,0,59,50,50,63,72,122
1,0,7,42,1,2,55,14,0,58,49,50,63,72,122
1,0,7,48,0,3,49,12,0,53,55,55,67,65,120
1,0,9,38,1,5,57,12,0,63,47,48,59,75,123
2,0,7,42,1,4,56,12,0,62,49,50,61,74,124
1,0,11,41,3,4,48,14,0,53,52,55,66,67,122
0,0,7,42,0,2,52,18,0,54,49,49,67,72,121
0,0,0,51,1,2,55,12,0,57,51,52,63,69,121
1,0,8,43,1,4,56,11,0,61,51,52,62,72,124
1,0,0,47,0,3,59,10,0,63,47,47,57,73,120
1,0,11,36,1,3,57,14,0,61,47,48,61,75,123
3,0,7,39,1,2,55,15,0,60,46,47,61,75,122
0,0,7,44,1,4,52,15,0,56,51,52,66,71,123
0,0,6,48,1,3,51,11,0,54,54,55,65,65,120
1,0,9,44,0,6,52,13,0,59,53,53,66,72,125
4,0,9,40,0,2,51,14,0,57,49,49,63,71,120
3,0,7,45,1,2,48,15,0,53,52,53,67,68,121
0,0,9,39,1,3,59,10,0,62,48,49,58,72,121
0,0,6,51,1,2,49,12,0,51,57,58,69,63,121
1,0,0,48,0,4,55,16,0,60,48,48,64,76,124
1,0,8,39,0,2,55,16,0,58,47,47,63,74,121
1,0,9,41,0,4,51,17,0,56,50,50,67,73,123
2,0,8,43,1,4,49,14,0,55,51,52,65,69,121
1,0,10,42,0,3,48,18,0,52,52,52,70,70,122
2,0,7,44,1,3,53,13,0,58,51,52,64,71,123
1,0,9,46,1,3,47,15,0,51,55,56,70,66,122
1,0,8,48,0,3,48,12,0,52,56,56,68,64,120
1,0,9,40,1,3,57,11,0,61,49,50,60,72,122
1,0,9,43,1,3,50,15,0,54,52,53,67,69,122
1,0,8,45,0,4,47,19,0,52,53,53,72,71,124
1,0,8,44,0,5,49,17,0,55,52,52,69,72,124
1,0,0,49,1,4,52,17,0,57,49,50,66,74,124
1,0,9,39,0,5,54,15,0,60,48,48,63,75,123
4,0,9,43,1,5,48,15,0,57,52,53,67,72,125
1,0,0,46,0,4,54,18,0,59,46,46,64,77,123
2,0,6,44,0,4,54,12,0,60,50,50,62,72,122
0,0,9,37,1,2,58,14,0,60,46,47,60,74,121
1,0,11,40,0,5,55,11,0,61,51,51,62,72,123
1,0,7,48,1,1,53,11,0,55,55,56,66,66,122
0,0,10,46,0,3,53,9,0,56,56,56,65,65,121
1,0,8,45,1,2,53,12,0,56,53,54,65,68,122
1,0,7,44,1,3,51,16,0,55,51,52,67,71,123
1,0,12,45,1,2,51,10,0,54,57,58,67,64,122
1,0,8,37,1,2,57,16,0,60,45,46,61,76,122
1,0,7,42,1,1,57,13,0,59,49,50,62,72,122
1,0,10,43,0,4,55,10,0,60,53,53,63,70,123
1,0,8,46,0,2,48,16,0,51,54,54,70,67,121
1,0,6,45,1,2,55,13,0,58,51,52,64,71,123
1,0,7,44,0,4,53,12,0,58,51,51,63,70,121
1,0,9,36,1,3,57,16,0,61,45,46,61,77,123
2,0,6,46,0,3,55,10,0,60,52,52,62,70,122
0,0,8,40,1,3,57,14,0,60,48,49,62,74,123
1,0,8,40,0,4,60,11,0,65,48,48,59,76,124
1,0,7,46,1,3,53,12,0,57,53,54,65,69,123
1,0,8,40,1,2,55,14,0,58,48,49,62,72,121
1,0,8,40,0,3,56,14,0,60,48,48,62,74,122
2,0,7,43,1,1,54,13,0,57,50,51,63,70,121
1,0,6,41,1,2,60,10,0,63,47,48,57,73,121
1,0,7,44,1,5,49,18,0,55,51,52,69,73,125
1,0,8,41,0,3,52,15,0,56,49,49,64,71,120
1,0,11,41,1,4,54,12,0,59,52,53,64,71,124
1,0,9,38,0,4,52,19,0,57,47,47,66,76,123
1,0,0,49,0,2,57,11,0,60,49,49,60,71,120
1,0,10,42,1,3,51,14,0,55,52,53,66,69,122
2,0,12,38,1,3,49,16,0,54,50,51,66,70,121
1,0,9,44,0,3,52,11,0,56,53,53,64,67,120
1,0,8,47,0,5,47,17,0,53,55,55,72,70,125
0,0,8,43,0,4,55,13,0,59,51,51,64,72,123
1,0,9,44,0,2,49,15,0,52,53,53,68,67,120
1,0,6,45,0,4,52,15,0,57,51,51,66,72,123
1,0,8,44,1,5,52,11,0,58,52,53,63,69,122
1,0,0,47,0,3,57,12,0,61,47,47,59,73,120
1,0,0,48,0,4,53,17,0,58,48,48,65,75,123
1,0,10,37,0,3,58,13,0,62,47,47,60,75,122
0,0,9,42,1,2,50,18,0,52,51,52,69,70,122
1,0,8,39,0,2,56,14,0,59,47,47,61,73,120
1,0,7,44,1,4,54,12,0,59,51,52,63,71,123
1,0,11,42,1,1,52,14,0,54,53,54,67,68,122
1,0,7,45,1,3,50,17,0,54,52,53,69,71,124
1,0,0,53,1,3,53,12,0,57,53,54,65,69,123
1,0,7,44,1,4,56,12,0,61,51,52,63,73,125
1,0,0,52,0,4,53,13,0,58,52,52,65,71,123
1,0,6,41,0,4,57,13,0,62,47,47,60,75,122
1,0,0,47,0,5,53,19,0,59,47,47,66,78,125
1,0,8,49,1,2,47,13,0,50,57,58,70,63,121
1,0,10,42,1,3,51,13,0,55,52,53,65,68,121
2,0,0,50,1,2,55,11,0,59,50,51,61,70,121
1,0,10,42,1,4,49,14,0,54,52,53,66,68,121
1,0,0,46,1,4,61,11,0,66,46,47,57,77,124
1,0,8,47,1,2,47,16,0,50,55,56,71,66,122
1,0,12,37,0,4,54,14,0,59,49,49,63,73,122
1,0,7,46,0,4,49,15,0,54,53,53,68,69,122
1,0,9,44,0,3,48,17,0,52,53,53,70,69,122
1,0,0,49,1,2,56,13,0,59,49,50,62,72,122
1,0,8,47,1,3,50,13,0,54,55,56,68,67,123
1,0,12,40,0,2,52,14,0,55,52,52,66,69,121
1,0,7,42,1,2,55,13,0,58,49,50,62,71,121
0,0,7,43,0,1,61,8,0,62,50,50,58,70,120
1,0,10,42,1,3,54,10,0,58,52,53,62,68,121
1,0,7,44,1,1,53,15,0,55,51,52,66,70,122
1,0,9,43,1,3,49,16,0,53,52,53,68,69,122
1,0,8,41,0,5,54,13,0,60,49,49,62,73,122
0,0,7,42,1,3,53,16,0,56,49,50,65,72,122
1,0,7,46,1,3,50,15,0,54,53,54,68,69,123
0,0,9,41,1,3,51,18,0,54,50,51,68,72,123
0,0,10,41,0,3,54,13,0,57,51,51,64,70,121
0,0,9,43,0,3,52,13,0,55,52,52,65,68,120
1,0,7,39,1,2,58,14,0,61,46,47,60,75,122
0,0,7,44,1,3,51,17,0,54,51,52,68,71,123
1,0,8,41,0,3,57,12,0,61,49,49,61,73,122
1,0,7,44,0,3,56,12,0,60,51,51,63,72,123
1,0,7,44,0,4,53,14,0,58,51,51,65,72,123
2,0,9,43,0,4,52,13,0,58,52,52,65,71,123
1,0,9,41,0,2,55,13,0,58,50,50,63,71,121
0,0,10,43,0,3,52,13,0,55,53,53,66,68,121
1,0,8,50,1,4,44,13,0,49,58,59,71,62,121
1,0,0,49,0,6,55,15,0,62,49,49,64,77,126
1,0,0,50,0,3,54,13,0,58,50,50,63,71,121
1,0,7,45,1,4,50,13,0,55,52,53,65,68,121
1,0,7,46,0,3,56,9,0,60,53,53,62,69,122
1,0,8,41,1,3,56,13,0,60,49,50,62,73,123
1,0,8,38,0,2,56,15,0,59,46,46,61,74,120
1,0,8,40,0,3,60,9,0,64,48,48,57,73,121
1,0,9,40,0,1,52,18,0,54,49,49,67,72,121
1,0,10,45,0,3,49,12,0,53,55,55,67,65,120
1,0,8,45,1,3,49,17,0,53,53,54,70,70,124
0,0,9,41,0,4,53,15,0,57,50,50,65,72,122
1,0,0,45,1,4,53,17,0,58,45,46,62,75,121
1,0,11,42,0,3,50,15,0,54,53,53,68,69,122
1,0,7,47,1,4,51,14,0,56,54,55,68,70,125
0,0,10,44,0,4,52,12,0,56,54,54,66,68,122
1,0,9,42,0,5,55,12,0,61,51,51,63,73,124
1,0,8,41,1,5,56,13,0,62,49,50,62,75,125
3,0,6,41,0,3,57,10,0,63,47,47,57,73,120
1,0,7,44,0,2,48,20,0,51,51,51,71,71,122
1,0,9,39,1,5,54,17,0,60,48,49,65,77,126
1,0,6,48,1,4,50,14,0,55,54,55,68,69,124
1,0,7,40,0,2,57,14,0,60,47,47,61,74,121
1,0,8,44,0,2,52,13,0,55,52,52,65,68,120
1,0,6,47,0,4,52,11,0,57,53,53,64,68,121
1,0,0,50,0,3,52,14,0,56,50,50,64,70,120
1,0,0,48,1,3,52,18,0,56,48,49,66,74,123
1,0,7,45,0,3,52,15,0,56,52,52,67,71,123
1,0,8,42,0,3,53,14,0,57,50,50,64,71,121
0,0,13,37,1,2,56,12,0,58,50,51,62,70,121
0,0,9,40,0,3,52,18,0,55,49,49,67,73,122
0,0,8,45,0,2,50,15,0,52,53,53,68,67,120
1,0,6,40,0,2,60,11,0,63,46,46,57,74,120
1,0,6,42,0,2,53,16,0,56,48,48,64,72,120
0,0,8,44,0,2,49,17,0,51,52,52,69,68,120
1,0,6,46,1,3,54,12,0,58,52,53,64,70,123
0,0,10,43,0,6,51,15,0,57,53,53,68,72,125
1,0,8,44,0,4,54,12,0,59,52,52,64,71,123
0,0,8,45,0,3,54,12,0,57,53,53,65,69,122
1,0,0,49,1,4,55,12,0,60,49,50,61,72,122
1,0,11,43,1,3,48,15,0,52,54,55,69,67,122
1,0,0,52,0,4,55,11,0,60,52,52,63,71,123
1,0,8,48,0,2,50,13,0,53,56,56,69,66,122
1,0,0,47,0,4,60,11,0,65,47,47,58,76,123
1,0,12,39,1,3,56,10,0,60,51,52,61,70,122
1,0,0,45,1,2,63,10,0,66,45,46,55,76,122
1,0,7,40,1,3,60,11,0,64,47,48,58,75,123
1,0,8,38,0,4,58,12,0,63,46,46,58,75,121
0,0,7,42,0,2,53,17,0,55,49,49,66,72,121
1,0,9,43,0,5,49,18,0,55,52,52,70,73,125
1,0,8,39,1,3,55,17,0,59,47,48,64,76,124
1,0,0,50,0,3,53,13,0,57,50,50,63,70,120
1,0,0,47,1,2,58,13,0,61,47,48,60,74,122
0,0,14,39,1,4,52,14,0,56,53,54,67,70,124
0,0,8,46,0,4,52,11,0,56,54,54,65,67,121
1,0,8,41,1,3,54,14,0,58,49,50,63,72,122
0,0,8,49,1,3,48,14,0,51,57,58,71,65,123
0,0,8,43,1,6,54,13,0,60,51,52,64,73,125
1,0,6,43,1,4,57,12,0,62,49,50,61,74,124
0,0,10,39,1,3,58,10,0,61,49,50,59,71,121
2,0,7,41,1,5,62,7,0,69,48,49,55,76,125
0,0,7,43,1,3,52,16,0,55,50,51,66,71,122
1,0,10,44,1,3,50,13,0,54,54,55,67,67,122
1,0,9,39,1,4,58,11,0,63,48,49,59,74,123
1,0,8,40,0,1,50,21,0,52,48,48,69,73,121
1,0,6,46,0,2,52,14,0,55,52,52,66,69,121
1,0,7,49,1,2,49,13,0,52,56,57,69,65,122
1,0,9,40,0,4,52,16,0,57,49,49,65,73,122
1,0,6,48,0,4,52,10,0,57,54,54,64,67,121
1,0,7,48,0,4,50,14,0,55,55,55,69,69,124
1,0,8,45,0,2,51,14,0,54,53,53,67,68,121
2,0,8,43,0,4,51,12,0,57,51,51,63,69,120
0,0,0,52,0,2,54,12,0,56,52,52,64,68,120
1,0,8,41,0,4,55,14,0,60,49,49,63,74,123
1,0,7,48,0,3,52,11,0,56,55,55,66,67,122
0,0,9,44,1,3,51,14,0,54,53,54,67,68,122
1,0,9,42,1,4,50,15,0,55,51,52,66,70,122
2,0,0,47,1,5,59,11,0,66,47,48,58,77,125
1,0,9,37,1,3,57,14,0,61,46,47,60,75,122
1,0,6,43,1,5,53,15,0,59,49,50,64,74,124
1,0,7,43,0,3,55,11,0,59,50,50,61,70,120
0,0,0,47,0,4,54,17,0,58,47,47,64,75,122
1,0,13,37,1,4,54,13,0,59,50,51,63,72,123
2,0,10,44,0,2,51,11,0,55,54,54,65,66,120
0,0,0,47,1,4,57,16,0,61,47,48,63,77,125
0,0,6,45,0,4,53,14,0,57,51,51,65,71,122
0,0,7,44,0,3,49,17,0,52,51,51,68,69,120
1,0,9,44,0,3,51,14,0,55,53,53,67,69,122
1,0,12,40,0,3,55,10,0,59,52,52,62,69,121
1,0,9,41,1,2,54,13,0,57,50,51,63,70,121
1,0,8,47,1,3,51,12,0,55,55,56,67,67,123
1,0,10,47,0,1,48,14,0,50,57,57,71,64,121
1,0,8,44,0,2,46,19,0,49,52,52,71,68,120
1,0,8,44,1,2,51,15,0,54,52,53,67,69,122
1,0,6,43,0,5,55,13,0,61,49,49,62,74,123
1,0,0,46,1,2,58,13,0,61,46,47,59,74,121
1,0,7,45,1,4,52,14,0,57,52,53,66,71,124
0,0,6,46,0,3,55,10,0,58,52,52,62,68,120
1,0,7,40,0,3,59,13,0,63,47,47,60,76,123
1,0,8,39,0,3,57,14,0,61,47,47,61,75,122
1,0,10,37,1,3,56,14,0,60,47,48,61,74,122
1,0,10,39,0,3,54,14,0,58,49,49,63,72,121
1,0,9,38,0,3,58,13,0,62,47,47,60,75,122
1,0,10,41,0,2,52,16,0,55,51,51,67,71,122
1,0,8,40,0,2,56,14,0,59,48,48,62,73,121
1,0,10,38,1,5,56,14,0,62,48,49,62,76,125
1,0,9,41,1,3,54,14,0,58,50,51,64,72,123
1,0,9,44,1,2,51,15,0,54,53,54,68,69,123
2,0,7,41,0,3,54,13,0,59,48,48,61,72,120
2,0,7,46,0,2,50,13,0,54,53,53,66,67,120
1,0,6,49,0,2,53,10,0,56,55,55,65,66,121
8,0,9,39,1,0,52,12,0,60,48,49,60,72,121
1,0,7,48,1,3,48,16,0,52,55,56,71,68,124
0,0,0,49,1,3,60,10,0,63,49,50,59,73,123
1,0,10,43,0,4,52,12,0,57,53,53,65,69,122
1,0,0,47,1,3,58,14,0,62,47,48,61,76,124
1,0,0,47,0,3,51,18,0,55,47,47,65,73,120
1,0,7,44,0,4,57,10,0,62,51,51,61,72,123
1,0,7,50,0,4,44,15,0,49,57,57,72,64,121
1,0,0,51,0,4,54,11,0,59,51,51,62,70,121
1,0,7,41,0,2,53,17,0,56,48,48,65,73,121
0,0,7,45,1,1,54,13,0,55,52,53,65,68,121
1,0,10,43,1,3,49,15,0,53,53,54,68,68,122
1,0,7,40,1,3,56,14,0,60,47,48,61,74,122
1,0,8,38,1,3,51,19,0,55,46,47,65,74,121
1,0,8,44,1,2,53,13,0,56,52,53,65,69,122
1,0,9,41,1,3,56,11,0,60,50,51,61,71,122
1,0,12,37,1,4,57,11,0,62,49,50,60,73,123
1,0,7,45,1,3,52,13,0,56,52,53,65,69,122
1,0,0,51,1,4,58,10,0,63,51,52,61,73,125
0,0,8,42,0,3,55,12,0,58,50,50,62,70,120
1,0,10,41,0,4,50,15,0,55,51,51,66,70,121
1,0,9,40,1,5,50,18,0,56,49,50,67,74,124
1,0,7,42,0,2,54,15,0,57,49,49,64,72,121
1,0,10,41,1,6,51,16,0,58,51,52,67,74,126
1,0,11,42,1,3,52,11,0,56,53,54,64,67,121
1,0,0,48,1,4,53,14,0,58,48,49,62,72,121
1,0,8,42,0,3,52,15,0,56,50,50,65,71,121
1,0,7,46,1,3,54,11,0,58,53,54,64,69,123
0,0,0,44,1,3,60,14,0,63,44,45,58,77,122
1,0,8,44,1,2,50,16,0,53,52,53,68,69,122
1,0,7,39,1,1,60,13,0,62,46,47,59,75,122
0,0,0,48,0,2,57,13,0,59,48,48,61,72,120
0,0,10,41,0,3,60,8,0,63,51,51,59,71,122
0,0,7,43,0,2,58,10,0,60,50,50,60,70,120
1,0,8,45,1,4,52,13,0,57,53,54,66,70,124
1,0,9,41,0,4,54,12,0,59,50,50,62,71,121
1,0,0,52,0,3,56,9,0,60,52,52,61,69,121
1,0,0,51,0,3,54,11,0,58,51,51,62,69,120
1,0,0,47,0,4,55,13,0,60,47,47,60,73,120
1,0,9,41,3,3,52,13,0,56,50,53,63,69,122
1,0,8,41,1,0,54,16,0,55,49,50,65,71,121
1,0,8,43,0,4,50,16,0,55,51,51,67,71,122
1,0,0,49,1,5,55,14,0,61,49,50,63,75,125
1,0,8,39,1,4,60,11,0,65,47,48,58,76,124
2,0,9,41,0,3,54,13,0,59,50,50,63,72,122
1,0,8,41,1,4,52,16,0,57,49,50,65,73,123
0,0,13,32,0,4,59,14,0,63,45,45,59,77,122
1,0,7,45,0,2,54,12,0,57,52,52,64,69,121
1,0,0,46,1,3,61,10,0,65,46,47,56,75,122
1,0,8,44,1,4,51,15,0,56,52,53,67,71,124
1,0,10,45,1,0,52,13,0,53,55,56,68,66,122
2,0,8,40,1,3,54,13,0,59,48,49,61,72,121
1,0,7,45,0,3,51,15,0,55,52,52,67,70,122
1,0,6,47,1,3,54,10,0,58,53,54,63,68,122
5,0,9,40,1,5,52,13,0,62,49,50,62,75,125
1,0,6,45,0,3,56,9,0,60,51,51,60,69,120
1,0,6,46,1,3,52,14,0,56,52,53,66,70,123
1,0,7,47,0,1,53,12,0,55,54,54,66,67,121
3,0,9,43,0,4,50,12,0,57,52,52,64,69,121
1,0,8,44,1,2,54,11,0,57,52,53,63,68,121
1,0,14,35,1,5,55,12,0,61,49,50,61,73,123
1,0,10,33,0,3,58,15,0,62,43,43,58,77,120
1,0,8,40,1,4,55,13,0,60,48,49,61,73,122
1,0,8,42,0,2,56,13,0,59,50,50,63,72,122
1,0,9,39,1,2,54,15,0,57,48,49,63,72,121
1,0,7,42,0,4,53,16,0,58,49,49,65,74,123
1,0,8,41,1,3,59,10,0,63,49,50,59,73,123
1,0,7,46,0,3,50,15,0,54,53,53,68,69,122
0,0,8,40,0,5,58,13,0,63,48,48,61,76,124
1,0,9,42,1,2,55,12,0,58,51,52,63,70,122
1,0,8,41,1,3,53,15,0,57,49,50,64,72,122
1,0,6,46,0,4,53,12,0,58,52,52,64,70,122
1,0,7,45,1,3,50,15,0,54,52,53,67,69,122
1,0,9,41,0,4,59,9,0,64,50,50,59,73,123
0,0,8,45,1,2,48,17,0,50,53,54,70,67,121
1,0,7,39,0,3,54,17,0,58,46,46,63,75,121
1,0,8,45,1,3,52,12,0,56,53,54,65,68,122
1,0,7,46,1,5,52,13,0,58,53,54,66,71,125
1,0,7,43,0,2,54,13,0,57,50,50,63,70,120
1,0,9,45,0,3,52,12,0,56,54,54,66,68,122
1,0,9,41,0,3,56,10,0,60,50,50,60,70,120
0,0,10,40,1,3,52,16,0,55,50,51,66,71,122
0,0,7,42,0,3,53,15,0,56,49,49,64,71,120
0,0,12,38,1,4,55,14,0,59,50,51,64,73,124
0,0,8,43,0,2,51,17,0,53,51,51,68,70,121
1,0,11,39,1,4,55,11,0,60,50,51,61,71,122
1,0,7,43,0,3,54,13,0,58,50,50,63,71,121
1,0,10,39,1,3,54,16,0,58,49,50,65,74,124
1,0,10,39,1,1,57,12,0,59,49,50,61,71,121
1,0,9,42,1,3,50,17,0,54,51,52,68,71,123
2,0,7,43,1,4,54,13,0,60,50,51,63,73,124
0,0,7,44,1,2,55,13,0,57,51,52,64,70,122
1,0,7,48,0,2,49,15,0,52,55,55,70,67,122
2,0,8,44,1,3,51,13,0,56,52,53,65,69,122
1,0,10,38,0,2,55,16,0,58,48,48,64,74,122
2,0,0,45,1,2,60,11,0,64,45,46,56,75,121
1,0,8,41,0,3,51,18,0,55,49,49,67,73,122
1,0,9,46,0,3,50,12,0,54,55,55,67,66,121
0,0,10,43,0,3,51,14,0,54,53,53,67,68,121
1,0,9,40,0,3,55,14,0,59,49,49,63,73,122
1,0,9,45,1,4,54,9,0,59,54,55,63,68,123
0,0,8,39,0,5,56,16,0,61,47,47,63,77,124
0,0,8,42,1,3,47,20,0,50,50,51,70,70,121
1,0,10,41,0,3,48,19,0,52,51,51,70,71,122
1,0,8,42,1,3,58,10,0,62,50,51,60,72,123
0,0,0,52,1,2,53,13,0,55,52,53,65,68,121
1,0,11,40,0,4,52,13,0,57,51,51,64,70,121
0,0,9,38,0,4,59,13,0,63,47,47,60,76,123
1,0,9,42,0,2,53,15,0,56,51,51,66,71,122
0,0,7,42,1,3,58,10,0,61,49,50,59,71,121
2,0,6,46,1,4,52,12,0,58,52,53,64,70,123
1,0,9,39,1,3,56,14,0,60,48,49,62,74,123
1,0,0,47,1,5,59,10,0,65,47,48,57,75,123
1,0,8,39,0,2,50,20,0,53,47,47,67,73,120
1,0,7,43,0,3,54,15,0,58,50,50,65,73,123
1,0,7,44,0,3,50,16,0,54,51,51,67,70,121
1,0,8,46,1,4,52,13,0,57,54,55,67,70,125
2,0,7,42,1,4,56,12,0,62,49,50,61,74,124
1,0,6,42,0,2,54,16,0,57,48,48,64,73,121
1,0,9,40,1,2,55,13,0,58,49,50,62,71,121
1,0,10,41,1,2,52,15,0,55,51,52,66,70,122
1,0,8,42,0,4,53,15,0,58,50,50,65,73,123
0,0,6,47,1,3,53,13,0,56,53,54,66,69,123
0,0,12,41,0,4,49,17,0,53,53,53,70,70,123
1,0,7,46,0,2,51,13,0,54,53,53,66,67,120
1,0,8,45,0,0,53,14,0,54,53,53,67,68,121
1,0,8,45,1,2,52,12,0,55,53,54,65,67,121
1,0,8,44,0,3,49,16,0,53,52,52,68,69,121
1,0,7,45,1,2,56,10,0,59,52,53,62,69,122
0,0,0,52,0,3,51,14,0,54,52,52,66,68,120
1,0,0,50,1,4,53,15,0,58,50,51,65,73,124
1,0,8,45,0,2,53,12,0,56,53,53,65,68,121
2,0,9,40,0,3,53,15,0,58,49,49,64,73,122
1,0,0,46,1,3,58,14,0,62,46,47,60,76,123
0,0,11,37,0,2,55,15,0,57,48,48,63,72,120
0,0,8,43,1,4,51,14,0,55,51,52,65,69,121
1,0,7,44,0,3,55,13,0,59,51,51,64,72,123
1,0,6,42,0,3,57,14,0,61,48,48,62,75,123
0,0,10,45,1,4,53,10,0,57,55,56,65,67,123
3,0,9,37,1,2,59,10,0,64,46,47,56,74,121
1,0,7,49,1,4,51,9,0,56,56,57,65,65,122
1,0,8,39,0,3,53,17,0,57,47,47,64,74,121
1,0,7,47,1,3,49,14,0,53,54,55,68,67,122
1,0,8,40,0,4,54,13,0,59,48,48,61,72,120
2,0,0,41,1,2,64,12,0,68,41,42,53,80,122
1,0,6,42,0,5,56,13,0,62,48,48,61,75,123
1,0,8,39,0,4,58,13,0,63,47,47,60,76,123
1,0,0,51,0,3,56,12,0,60,51,51,63,72,123
1,0,10,38,1,4,51,19,0,56,48,49,67,75,124
4,0,7,43,1,2,53,11,0,59,50,51,61,70,121
0,0,9,44,0,3,48,17,0,51,53,53,70,68,121
1,0,0,47,1,3,55,15,0,59,47,48,62,74,122
1,0,12,37,0,4,54,13,0,59,49,49,62,72,121
2,0,9,38,0,3,56,14,0,61,47,47,61,75,122
1,0,8,40,1,4,56,15,0,61,48,49,63,76,125
1,0,8,48,1,4,50,12,0,55,56,57,68,67,124
1,0,8,47,1,2,52,11,0,55,55,56,66,66,122
1,0,9,45,1,1,50,14,0,52,54,55,68,66,121
1,0,8,46,0,4,45,17,0,50,54,54,71,67,121
1,0,8,46,1,4,48,16,0,53,54,55,70,69,124
1,0,9,42,1,4,54,14,0,59,51,52,65,73,125
1,0,7,44,1,4,53,14,0,58,51,52,65,72,124
1,0,8,43,0,3,54,14,0,58,51,51,65,72,123
1,0,8,45,0,2,51,14,0,54,53,53,67,68,121
1,0,7,42,0,4,53,16,0,58,49,49,65,74,123
0,0,7,48,0,4,50,14,0,54,55,55,69,68,123
1,0,9,46,0,3,48,15,0,52,55,55,70,67,122
1,0,10,40,1,4,53,12,0,58,50,51,62,70,121
1,0,7,41,0,3,55,15,0,59,48,48,63,74,122
1,0,7,42,0,4,53,16,0,58,49,49,65,74,123
1,0,9,42,0,2,51,15,0,54,51,51,66,69,120
1,0,7,44,1,3,50,17,0,54,51,52,68,71,123
0,0,0,51,1,2,54,13,0,56,51,52,64,69,121
2,0,8,43,1,3,50,15,0,55,51,52,66,70,122
1,0,8,47,1,2,51,14,0,54,55,56,69,68,124
1,0,8,49,0,4,47,12,0,52,57,57,69,64,121
1,0,6,45,1,4,55,11,0,60,51,52,62,71,123
1,0,7,46,0,3,49,15,0,53,53,53,68,68,121
1,0,9,42,0,3,53,14,0,57,51,51,65,71,122
0,0,7,48,1,4,49,14,0,53,55,56,69,67,123
1,0,7,47,0,2,53,11,0,56,54,54,65,67,121
1,0,0,49,0,4,59,10,0,64,49,49,59,74,123
0,0,7,46,1,0,53,14,0,53,53,54,67,67,121
0,0,9,41,1,2,53,15,0,55,50,51,65,70,121
1,0,11,43,0,4,50,13,0,55,54,54,67,68,122
2,0,8,39,1,3,55,15,0,60,47,48,62,75,123
2,0,12,40,0,3,53,12,0,58,52,52,64,70,122
1,0,8,43,0,3,54,13,0,58,51,51,64,71,122
1,0,8,47,0,5,47,16,0,53,55,55,71,69,124
1,0,0,48,0,3,59,12,0,63,48,48,60,75,123
0,0,7,48,1,3,51,13,0,54,55,56,68,67,123
1,0,7,44,1,4,52,14,0,57,51,52,65,71,123
1,0,10,41,1,3,51,15,0,55,51,52,66,70,122
1,0,0,48,1,5,59,12,0,65,48,49,60,77,126
1,0,6,45,0,2,51,17,0,54,51,51,68,71,122
1,0,10,43,1,0,51,16,0,52,53,54,69,68,122
0,0,6,46,0,2,54,12,0,56,52,52,64,68,120
0,0,7,48,0,3,51,13,0,54,55,55,68,67,122
1,0,7,38,1,2,55,18,0,58,45,46,63,76,122
0,0,7,45,1,4,55,12,0,59,52,53,64,71,124
1,0,10,37,2,4,53,15,0,58,47,49,62,73,122
1,0,0,45,0,4,58,12,0,63,45,45,57,75,120
3,0,6,44,0,2,54,12,0,59,50,50,62,71,121
1,0,8,42,1,3,57,12,0,61,50,51,62,73,124
1,0,7,41,0,3,57,12,0,61,48,48,60,73,121
1,0,6,45,0,3,56,10,0,60,51,51,61,70,121
1,0,6,45,1,4,55,12,0,60,51,52,63,72,124
2,0,10,42,0,3,54,11,0,59,52,52,63,70,122
0,0,0,54,1,2,56,9,0,58,54,55,63,67,122
2,0,8,41,1,3,54,12,0,59,49,50,61,71,121
1,0,0,50,1,3,55,11,0,59,50,51,61,70,121
1,0,7,47,1,3,51,13,0,55,54,55,67,68,123
0,0,0,49,0,5,56,14,0,61,49,49,63,75,124
1,0,0,50,1,3,53,15,0,57,50,51,65,72,123
0,0,9,41,1,3,55,13,0,58,50,51,63,71,122
1,0,0,48,0,4,54,16,0,59,48,48,64,75,123
1,0,11,41,1,3,49,16,0,53,52,53,68,69,122
1,0,7,42,0,1,58,12,0,60,49,49,61,72,121
1,0,10,42,0,4,51,15,0,56,52,52,67,71,123
1,0,8,42,0,3,54,12,0,58,50,50,62,70,120
1,0,7,43,1,4,57,12,0,62,50,51,62,74,125
1,0,10,41,0,3,56,12,0,60,51,51,63,72,123
1,0,0,53,0,1,51,15,0,53,53,53,68,68,121
1,0,9,38,1,3,60,10,0,64,47,48,57,74,122
1,0,8,44,1,3,51,15,0,55,52,53,67,70,123
2,0,7,37,1,2,62,11,0,66,44,45,55,77,122
0,0,8,41,1,2,57,13,0,59,49,50,62,72,122
1,0,9,41,0,1,53,15,0,55,50,50,65,70,120
1,0,9,43,1,4,51,16,0,56,52,53,68,72,125
1,0,10,41,1,5,53,13,0,59,51,52,64,72,124
0,0,13,41,1,3,51,12,0,54,54,55,66,66,121
0,0,6,47,1,5,48,16,0,53,53,54,69,69,123
1,0,9,37,1,2,53,18,0,56,46,47,64,74,121
1,0,7,46,0,6,50,14,0,57,53,53,67,71,124
0,0,13,32,1,3,60,13,0,63,45,46,58,76,122
1,0,10,42,0,3,54,12,0,58,52,52,64,70,122
1,0,7,44,1,4,52,14,0,57,51,52,65,71,123
0,0,8,44,1,5,50,17,0,55,52,53,69,72,125
2,0,10,46,1,2,51,10,0,55,56,57,66,65,122
1,0,0,47,1,3,53,17,0,57,47,48,64,74,122
0,0,7,50,1,4,49,11,0,53,57,58,68,64,122
2,0,7,40,0,1,58,12,0,61,47,47,59,73,120
3,0,8,43,0,3,52,12,0,58,51,51,63,70,121
1,0,6,44,0,2,55,12,0,58,50,50,62,70,120
1,0,7,42,0,2,53,16,0,56,49,49,65,72,121
1,0,7,41,1,3,57,12,0,61,48,49,60,73,122
1,0,10,41,0,3,50,16,0,54,51,51,67,70,121
1,0,7,43,1,3,53,15,0,57,50,51,65,72,123
0,0,7,44,1,3,59,9,0,62,51,52,60,71,123
1,0,9,44,1,3,52,14,0,56,53,54,67,70,124
1,0,10,44,0,6,55,10,0,62,54,54,64,72,126
1,0,10,44,0,3,54,10,0,58,54,54,64,68,122
1,0,8,41,0,4,54,12,0,59,49,49,61,71,120
1,0,7,45,0,2,54,11,0,57,52,52,63,68,120
1,0,12,40,0,3,51,14,0,55,52,52,66,69,121
2,0,6,42,1,3,56,11,0,61,48,49,59,72,121
0,0,11,43,1,5,51,13,0,56,54,55,67,69,124
0,0,7,43,1,5,51,18,0,56,50,51,68,74,125
1,0,7,45,1,4,54,12,0,59,52,53,64,71,124
1,0,0,49,0,2,52,17,0,55,49,49,66,72,121
1,0,9,42,0,3,55,12,0,59,51,51,63,71,122
1,0,14,33,0,3,54,16,0,58,47,47,63,74,121
1,0,10,39,1,2,56,12,0,59,49,50,61,71,121
0,0,11,39,1,3,56,12,0,59,50,51,62,71,122
1,0,8,41,1,2,53,16,0,56,49,50,65,72,122
1,0,15,34,0,4,55,13,0,60,49,49,62,73,122
1,0,0,47,1,4,59,9,0,64,47,48,56,73,121
0,0,8,43,1,5,56,12,0,61,51,52,63,73,125
1,0,7,46,0,4,54,11,0,59,53,53,64,70,123
1,0,9,43,1,4,53,11,0,58,52,53,63,69,122
1,0,9,39,0,4,54,16,0,59,48,48,64,75,123
1,0,7,42,1,3,55,14,0,59,49,50,63,73,123
3,0,8,42,1,3,53,11,0,59,50,51,61,70,121
1,0,8,43,1,4,55,11,0,60,51,52,62,71,123
0,0,6,45,1,5,55,13,0,60,51,52,64,73,125
1,0,8,40,1,4,52,15,0,57,48,49,63,72,121
1,0,13,37,0,3,53,15,0,57,50,50,65,72,122
3,0,0,45,0,3,59,11,0,65,45,45,56,76,121
1,0,9,42,0,3,53,13,0,57,51,51,64,70,121
2,0,10,37,1,2,57,13,0,61,47,48,60,74,122
1,0,11,40,0,4,54,13,0,59,51,51,64,72,123
0,0,7,47,1,4,53,11,0,57,54,55,65,68,123
1,0,6,45,1,4,53,14,0,58,51,52,65,72,124
1,0,9,41,0,3,52,17,0,56,50,50,67,73,123
1,0,10,40,0,5,53,14,0,59,50,50,64,73,123
1,0,7,43,0,3,57,10,0,61,50,50,60,71,121
1,0,11,43,0,3,51,13,0,55,54,54,67,68,122
1,0,10,39,1,2,53,16,0,56,49,50,65,72,122
0,0,11,37,0,2,55,16,0,57,48,48,64,73,121
1,0,8,48,0,5,48,14,0,54,56,56,70,68,124
1,0,8,40,0,1,58,12,0,60,48,48,60,72,120
0,0,9,42,0,3,56,11,0,59,51,51,62,70,121
1,0,8,40,0,3,55,14,0,59,48,48,62,73,121
0,0,10,39,1,2,57,13,0,59,49,50,62,72,122
0,0,9,46,0,5,50,12,0,55,55,55,67,67,122
0,0,13,34,0,3,53,18,0,56,47,47,65,74,121
1,0,7,47,0,2,51,12,0,54,54,54,66,66,120
1,0,8,43,0,2,50,17,0,53,51,51,68,70,121
1,0,7,45,1,2,53,11,0,56,52,53,63,67,120
1,0,8,42,1,4,59,10,0,64,50,51,60,74,125
3,0,9,40,0,4,56,11,0,63,49,49,60,74,123
0,0,7,44,1,3,52,14,0,55,51,52,65,69,121
1,0,8,44,1,1,55,11,0,57,52,53,63,68,121
0,0,11,36,1,3,58,13,0,61,47,48,60,74,122
1,0,0,49,1,4,59,11,0,64,49,50,60,75,125
0,0,9,38,1,1,59,13,0,60,47,48,60,73,121
1,0,0,48,0,2,56,15,0,59,48,48,63,74,122
0,0,7,50,1,1,50,12,0,51,57,58,69,63,121
1,0,8,46,1,2,51,13,0,54,54,55,67,67,122
5,0,7,40,0,3,58,9,0,66,47,47,56,75,122
1,0,9,40,1,3,50,18,0,54,49,50,67,72,122
1,0,9,45,1,2,46,18,0,49,54,55,72,67,122
1,0,7,40,0,4,58,13,0,63,47,47,60,76,123
1,0,0,42,0,3,61,14,0,65,42,42,56,79,121
1,0,7,43,1,4,55,13,0,60,50,51,63,73,124
1,0,0,47,0,3,56,15,0,60,47,47,62,75,122
0,0,7,42,0,3,56,12,0,59,49,49,61,71,120
1,0,9,41,0,4,54,13,0,59,50,50,63,72,122
1,0,7,39,1,2,56,15,0,59,46,47,61,74,121
1,0,7,41,1,2,58,13,0,61,48,49,61,74,123
0,0,8,40,0,2,53,18,0,55,48,48,66,73,121
1,0,9,41,1,2,56,12,0,59,50,51,62,71,122
1,0,0,49,1,1,61,8,0,63,49,50,57,71,121
1,0,7,45,0,2,52,13,0,55,52,52,65,68,120
1,0,6,40,0,4,57,15,0,62,46,46,61,77,123
1,0,7,48,1,4,50,13,0,55,55,56,68,68,124
2,0,0,43,1,4,58,15,0,64,43,44,58,79,123
2,0,7,39,0,3,52,17,0,57,46,46,63,74,120
2,0,11,43,1,1,52,11,0,55,54,55,65,66,121
0,0,8,42,1,2,54,14,0,56,50,51,64,70,121
1,0,8,44,1,5,47,18,0,53,52,53,70,71,124
1,0,8,42,0,1,54,15,0,56,50,50,65,71,121
1,0,9,45,0,3,51,14,0,55,54,54,68,69,123
0,0,8,45,0,2,55,10,0,57,53,53,63,67,120
2,0,9,38,1,2,54,15,0,58,47,48,62,73,121
1,0,8,43,1,2,50,16,0,53,51,52,67,69,121
1,0,0,49,0,5,51,18,0,57,49,49,67,75,124
1,0,7,48,1,4,46,17,0,51,55,56,72,68,124
1,0,8,44,0,3,52,14,0,56,52,52,66,70,122
0,0,9,38,1,1,56,16,0,57,47,48,63,73,121
0,0,8,40,0,4,57,14,0,61,48,48,62,75,123
1,0,6,44,1,2,56,11,0,59,50,51,61,70,121
0,0,0,45,1,5,60,14,0,65,45,46,59,79,125
1,0,7,45,1,3,49,16,0,53,52,53,68,69,122
1,0,11,41,1,3,52,14,0,56,52,53,66,70,123
1,0,10,38,1,3,55,15,0,59,48,49,63,74,123
1,0,8,40,2,2,54,13,0,57,48,50,61,70,120
1,0,7,44,0,3,54,11,0,58,51,51,62,69,120
1,0,7,47,0,2,53,10,0,56,54,54,64,66,120
1,0,11,45,1,4,50,12,0,55,56,57,68,67,124
0,0,10,37,1,3,56,13,0,59,47,48,60,72,120
1,0,7,49,1,3,51,12,0,55,56,57,68,67,124
0,0,8,41,1,3,54,15,0,57,49,50,64,72,122
1,0,8,45,0,3,48,17,0,52,53,53,70,69,122
1,0,12,40,1,6,49,17,0,56,52,53,69,73,126
1,0,10,39,0,5,51,18,0,57,49,49,67,75,124
1,0,9,44,1,6,53,13,0,60,53,54,66,73,127
1,0,7,39,1,3,61,12,0,65,46,47,58,77,124
1,0,11,44,1,3,48,13,0,52,55,56,68,65,121
1,0,7,47,1,2,50,14,0,53,54,55,68,67,122
1,0,8,43,0,4,53,14,0,58,51,51,65,72,123
1,0,8,47,1,4,51,12,0,56,55,56,67,68,124
2,0,7,42,0,3,55,11,0,60,49,49,60,71,120
1,0,7,42,1,2,56,13,0,59,49,50,62,72,122
1,0,8,41,0,2,52,18,0,55,49,49,67,73,122
0,0,9,44,1,3,52,13,0,55,53,54,66,68,122
0,0,8,44,0,2,50,16,0,52,52,52,68,68,120
1,0,9,44,0,3,52,13,0,56,53,53,66,69,122
1,0,9,41,0,3,53,13,0,57,50,50,63,70,120
1,0,7,43,1,3,52,16,0,56,50,51,66,72,123
1,0,7,46,1,4,52,12,0,57,53,54,65,69,123
1,0,7,45,0,4,51,13,0,56,52,52,65,69,121
1,0,8,40,1,3,55,15,0,59,48,49,63,74,123
1,0,9,42,0,3,51,14,0,55,51,51,65,69,120
0,0,7,41,1,2,57,14,0,59,48,49,62,73,122
0,0,8,41,1,5,54,16,0,59,49,50,65,75,125
0,0,8,38,0,2,63,10,0,65,46,46,56,75,121
1,0,9,40,1,5,58,11,0,64,49,50,60,75,125
0,0,7,43,1,4,53,14,0,57,50,51,64,71,122
1,0,8,40,0,5,57,13,0,63,48,48,61,76,124
1,0,7,45,1,4,54,13,0,59,52,53,65,72,125
1,0,9,39,0,2,57,14,0,60,48,48,62,74,122
3,0,7,39,1,2,54,15,0,59,46,47,61,74,121
1,0,8,37,0,3,62,10,0,66,45,45,55,76,121
1,0,8,42,1,3,54,13,0,58,50,51,63,71,122
1,0,11,35,1,3,55,17,0,59,46,47,63,76,123
1,0,8,42,1,4,57,11,0,62,50,51,61,73,124
1,0,0,46,1,3,58,14,0,62,46,47,60,76,123
1,0,9,43,1,4,51,16,0,56,52,53,68,72,125
1,0,6,45,0,3,52,14,0,56,51,51,65,70,121
1,0,10,45,1,4,47,13,0,52,55,56,68,65,121
1,0,9,38,0,4,55,16,0,60,47,47,63,76,123
2,0,6,47,1,1,50,14,0,53,53,54,67,67,121
0,0,7,44,1,3,52,16,0,55,51,52,67,71,123
1,0,9,39,1,1,58,13,0,60,48,49,61,73,122
1,0,7,46,0,3,52,13,0,56,53,53,66,69,122
1,0,9,42,1,2,53,15,0,56,51,52,66,71,123
1,0,9,41,1,3,57,12,0,61,50,51,62,73,124
1,0,7,47,0,4,49,15,0,54,54,54,69,69,123
1,0,8,39,0,2,60,11,0,63,47,47,58,74,121
1,0,0,47,0,3,62,8,0,66,47,47,55,74,121
1,0,8,44,1,4,50,16,0,55,52,53,68,71,124
1,0,6,45,0,4,52,14,0,57,51,51,65,71,122
1,0,11,42,1,4,48,15,0,53,53,54,68,68,122
1,0,7,48,0,3,50,14,0,54,55,55,69,68,123
1,0,8,44,1,3,52,13,0,56,52,53,65,69,122
1,0,8,41,1,2,53,16,0,56,49,50,65,72,122
1,0,6,45,0,4,55,10,0,60,51,51,61,70,121
2,0,9,38,0,5,53,15,0,60,47,47,62,75,122
0,0,7,42,1,5,58,12,0,63,49,50,61,75,125
1,0,6,43,1,2,54,15,0,57,49,50,64,72,122
0,0,9,39,1,2,57,14,0,59,48,49,62,73,122
1,0,9,44,1,4,48,15,0,53,53,54,68,68,122
1,0,9,39,0,2,59,12,0,62,48,48,60,74,122
1,0,0,49,1,2,54,15,0,57,49,50,64,72,122
1,0,0,49,0,3,55,14,0,59,49,49,63,73,122
1,0,8,41,0,3,56,14,0,60,49,49,63,74,123
1,0,9,43,1,2,50,16,0,53,52,53,68,69,122
1,0,9,42,1,5,54,12,0,60,51,52,63,72,124
0,0,6,43,1,4,57,13,0,61,49,50,62,74,124
1,0,7,40,1,5,56,15,0,62,47,48,62,77,125
1,0,9,44,1,2,52,12,0,55,53,54,65,67,121
1,0,6,47,0,4,52,12,0,57,53,53,65,69,122
1,0,7,45,0,4,53,13,0,58,52,52,65,71,123
1,0,0,47,1,2,54,16,0,57,47,48,63,73,121
1,0,8,42,1,1,55,13,0,57,50,51,63,70,121
1,0,8,42,0,4,57,12,0,62,50,50,62,74,124
1,0,9,45,0,3,46,16,0,50,54,54,70,66,120
2,0,10,40,0,3,51,14,0,56,50,50,64,70,120
0,0,8,44,0,4,55,9,0,59,52,52,61,68,120
1,0,6,43,0,2,58,11,0,61,49,49,60,72,121
1,0,7,44,1,4,55,12,0,60,51,52,63,72,124
1,0,11,39,1,2,54,13,0,57,50,51,63,70,121
2,0,8,42,1,5,53,13,0,60,50,51,63,73,124
1,0,7,42,1,4,55,12,0,60,49,50,61,72,122
1,0,7,43,1,3,53,14,0,57,50,51,64,71,122
1,0,10,48,0,2,48,11,0,51,58,58,69,62,120
1,0,0,47,1,2,58,13,0,61,47,48,60,74,122
0,0,9,39,0,2,57,13,0,59,48,48,61,72,120
1,0,8,37,1,4,64,10,0,69,45,46,55,79,125
1,0,0,50,0,2,55,12,0,58,50,50,62,70,120
1,0,8,52,1,4,43,15,0,48,60,61,75,63,124
2,0,11,34,1,4,56,16,0,62,45,46,61,78,124
1,0,10,42,1,3,53,12,0,57,52,53,64,69,122
1,0,9,45,1,3,51,14,0,55,54,55,68,69,124
1,0,7,43,0,4,54,14,0,59,50,50,64,73,123
1,0,10,42,1,4,55,11,0,60,52,53,63,71,124
1,0,8,43,0,4,56,11,0,61,51,51,62,72,123
0,0,7,48,1,4,54,10,0,58,55,56,65,68,124
1,0,10,42,1,4,53,13,0,58,52,53,65,71,124
0,0,7,47,0,1,54,11,0,55,54,54,65,66,120
1,0,7,44,0,4,50,15,0,55,51,51,66,70,121
1,0,0,45,1,4,58,15,0,63,45,46,60,78,124
0,0,10,40,0,4,56,12,0,60,50,50,62,72,122
0,0,7,37,1,2,62,13,0,64,44,45,57,77,122
0,0,10,39,0,4,58,11,0,62,49,49,60,73,122
0,0,6,43,0,5,60,10,0,65,49,49,59,75,124
1,0,6,44,0,5,54,14,0,60,50,50,64,74,124
1,0,7,44,0,3,52,15,0,56,51,51,66,71,122
1,0,7,48,0,2,52,11,0,55,55,55,66,66,121
0,0,7,45,0,3,52,14,0,55,52,52,66,69,121
2,0,8,47,0,2,49,12,0,53,55,55,67,65,120
1,0,7,45,0,4,51,14,0,56,52,52,66,70,122
1,0,9,46,1,3,45,17,0,49,55,56,72,66,122
1,0,9,43,1,2,54,11,0,57,52,53,63,68,121
1,0,8,47,0,4,48,14,0,53,55,55,69,67,122
0,0,6,44,1,3,55,13,0,58,50,51,63,71,122
1,0,0,49,0,2,51,18,0,54,49,49,67,72,121
1,0,6,46,0,2,53,12,0,56,52,52,64,68,120
1,0,7,46,0,2,53,12,0,56,53,53,65,68,121
0,0,8,48,0,2,48,14,0,50,56,56,70,64,120
1,0,8,45,1,5,50,12,0,56,53,54,65,68,122
1,0,9,41,1,3,52,15,0,56,50,51,65,71,122
1,0,7,47,1,0,52,13,0,53,54,55,67,66,121
0,0,9,40,0,4,55,13,0,59,49,49,62,72,121
0,0,0,48,1,3,52,17,0,55,48,49,65,72,121
1,0,9,45,1,4,53,11,0,58,54,55,65,69,124
1,0,8,44,1,4,51,13,0,56,52,53,65,69,122
1,0,11,43,0,2,51,13,0,54,54,54,67,67,121
1,0,10,44,1,3,51,11,0,55,54,55,65,66,121
1,0,8,46,1,2,50,13,0,53,54,55,67,66,121
1,0,11,39,0,3,54,12,0,58,50,50,62,70,120
1,0,8,41,0,5,52,14,0,58,49,49,63,72,121
1,0,8,40,0,3,57,12,0,61,48,48,60,73,121
1,0,8,43,0,3,51,14,0,55,51,51,65,69,120
2,0,6,42,1,1,57,12,0,60,48,49,60,72,121
1,0,0,48,0,3,58,12,0,62,48,48,60,74,122
2,0,8,46,1,4,53,10,0,59,54,55,64,69,124
1,0,9,44,0,4,54,12,0,59,53,53,65,71,124
1,0,9,44,0,4,54,12,0,59,53,53,65,71,124
1,0,9,40,1,3,56,12,0,60,49,50,61,72,122
0,0,7,45,1,5,55,11,0,60,52,53,63,71,124
1,0,0,49,0,5,54,16,0,60,49,49,65,76,125
1,0,7,43,1,1,53,16,0,55,50,51,66,71,122
1,0,9,43,0,2,52,15,0,55,52,52,67,70,122
0,0,6,43,0,4,55,12,0,59,49,49,61,71,120
2,0,6,46,1,5,51,14,0,58,52,53,66,72,125
0,0,6,45,0,1,56,12,0,57,51,51,63,69,120
3,0,9,40,1,4,54,13,0,61,49,50,62,74,124
1,0,7,43,1,3,53,14,0,57,50,51,64,71,122
1,0,7,44,1,2,53,15,0,56,51,52,66,71,123
0,0,8,41,0,4,51,18,0,55,49,49,67,73,122
1,0,6,44,0,0,53,16,0,54,50,50,66,70,120
1,0,9,40,1,4,54,15,0,59,49,50,64,74,124
1,0,8,39,0,3,57,12,0,61,47,47,59,73,120
1,0,0,48,1,0,58,13,0,59,48,49,61,72,121
0,0,7,45,1,4,54,10,0,58,52,53,62,68,121
1,0,7,40,1,4,56,12,0,61,47,48,59,73,121
1,0,8,41,0,2,53,15,0,56,49,49,64,71,120
1,0,8,37,1,3,55,17,0,59,45,46,62,76,122
1,0,7,43,0,4,57,11,0,62,50,50,61,73,123
1,0,8,42,0,3,55,12,0,59,50,50,62,71,121
1,0,9,46,1,2,45,17,0,48,55,56,72,65,121
2,0,10,35,1,3,56,14,0,61,45,46,59,75,121
1,0,8,40,1,4,57,14,0,62,48,49,62,76,125
1,0,9,39,0,3,52,16,0,56,48,48,64,72,120
0,0,10,42,1,2,53,14,0,55,52,53,66,69,122
3,0,10,42,0,4,45,16,0,52,52,52,68,68,120
1,0,0,51,0,3,54,14,0,58,51,51,65,72,123
1,0,7,39,1,2,56,15,0,59,46,47,61,74,121
1,0,7,44,1,6,47,21,0,54,51,52,72,75,127
1,0,8,45,1,2,51,15,0,54,53,54,68,69,123
0,0,0,50,0,3,54,15,0,57,50,50,65,72,122
1,0,7,41,1,3,55,15,0,59,48,49,63,74,123
1,0,7,43,1,1,56,12,0,58,50,51,62,70,121
2,0,0,45,1,4,55,17,0,61,45,46,62,78,124
1,0,10,43,0,4,50,13,0,55,53,53,66,68,121
1,0,11,36,0,2,53,18,0,56,47,47,65,74,121
1,0,6,42,1,3,54,14,0,58,48,49,62,72,121
1,0,0,52,1,1,55,11,0,57,52,53,63,68,121
0,0,8,41,0,2,53,16,0,55,49,49,65,71,120
2,0,9,40,1,2,54,14,0,58,49,50,63,72,122
1,0,7,42,1,3,55,12,0,59,49,50,61,71,121
1,0,12,39,1,2,56,10,0,59,51,52,61,69,121
4,0,7,43,0,2,53,11,0,59,50,50,61,70,120
0,0,8,38,1,3,61,11,0,64,46,47,57,75,122
0,0,8,44,1,4,51,14,0,55,52,53,66,69,122
1,0,10,38,0,2,55,15,0,58,48,48,63,73,121
0,0,0,50,1,2,56,12,0,58,50,51,62,70,121
1,0,6,50,1,3,53,9,0,57,56,57,65,66,123
0,0,0,47,1,4,61,11,0,65,47,48,58,76,124
1,0,8,42,1,2,58,11,0,61,50,51,61,72,123
0,0,10,46,0,5,49,14,0,54,56,56,70,68,124
1,0,8,44,0,5,54,12,0,60,52,52,64,72,124
1,0,8,46,0,4,54,10,0,59,54,54,64,69,123
0,0,0,47,0,3,54,18,0,57,47,47,65,75,122
1,0,9,40,1,4,51,15,0,56,49,50,64,71,121
1,0,8,44,1,4,54,11,0,59,52,53,63,70,123
1,0,0,45,1,4,59,14,0,64,45,46,59,78,124
1,0,0,49,0,3,59,10,0,63,49,49,59,73,122
1,0,11,39,1,3,51,16,0,55,50,51,66,71,122
1,0,0,46,1,3,63,10,0,67,46,47,56,77,124
0,0,0,49,0,1,57,13,0,58,49,49,62,71,120
0,0,9,41,0,3,52,15,0,55,50,50,65,70,120
1,0,6,42,1,1,55,16,0,57,48,49,64,73,122
1,0,0,48,0,4,55,15,0,60,48,48,63,75,123
1,0,10,36,1,3,59,12,0,63,46,47,58,75,122
1,0,8,46,0,2,49,16,0,52,54,54,70,68,122
0,0,11,38,0,4,53,16,0,57,49,49,65,73,122
1,0,8,41,0,2,53,15,0,56,49,49,64,71,120
1,0,0,50,0,4,57,12,0,62,50,50,62,74,124
1,0,8,43,1,3,54,13,0,58,51,52,64,71,123
2,0,12,42,0,2,51,11,0,55,54,54,65,66,120
1,0,11,39,1,3,54,14,0,58,50,51,64,72,123
1,0,7,41,1,4,56,15,0,61,48,49,63,76,125
1,0,9,43,1,4,51,14,0,56,52,53,66,70,123
1,0,7,45,1,3,52,15,0,56,52,53,67,71,124
0,0,9,40,0,2,50,19,0,52,49,49,68,71,120
1,0,9,39,1,1,56,14,0,58,48,49,62,72,121
0,0,8,43,0,2,54,13,0,56,51,51,64,69,120
0,0,7,43,0,2,57,11,0,59,50,50,61,70,120
1,0,0,48,0,2,57,12,0,60,48,48,60,72,120
0,0,7,47,0,3,52,12,0,55,54,54,66,67,121
1,0,7,43,1,3,53,14,0,57,50,51,64,71,122
2,0,0,49,0,4,52,13,0,58,49,49,62,71,120
1,0,8,44,1,3,53,14,0,57,52,53,66,71,124
0,0,9,42,1,5,54,12,0,59,51,52,63,71,123
1,0,9,36,1,3,56,17,0,60,45,46,62,77,123
0,0,9,45,0,6,51,14,0,57,54,54,68,71,125
1,0,6,46,0,2,54,12,0,57,52,52,64,69,121
1,0,9,40,0,3,56,12,0,60,49,49,61,72,121
1,0,14,41,1,3,52,12,0,56,55,56,67,68,124
1,0,7,47,1,2,51,12,0,54,54,55,66,66,121
3,0,7,45,1,3,49,13,0,55,52,53,65,68,121
0,0,0,47,1,4,52,19,0,56,47,48,66,75,123
0,0,9,41,1,5,51,16,0,56,50,51,66,72,123
0,0,8,42,0,3,57,11,0,60,50,50,61,71,121
1,0,7,42,0,2,57,11,0,60,49,49,60,71,120
0,0,9,39,0,1,56,15,0,57,48,48,63,72,120
1,0,6,44,1,2,56,12,0,59,50,51,62,71,122
0,0,10,39,1,3,48,20,0,51,49,50,69,71,121
1,0,8,47,0,4,49,12,0,54,55,55,67,66,121
1,0,6,45,1,2,54,12,0,57,51,52,63,69,121
1,0,0,46,1,5,57,15,0,63,46,47,61,78,125
1,0,7,43,0,5,48,19,0,54,50,50,69,73,123
0,0,10,40,0,3,54,14,0,57,50,50,64,71,121
0,0,9,43,0,1,51,16,0,52,52,52,68,68,120
1,0,7,41,0,2,55,15,0,58,48,48,63,73,121
1,0,9,42,0,2,51,16,0,54,51,51,67,70,121
1,0,8,40,0,4,55,13,0,60,48,48,61,73,121
0,0,11,45,0,6,48,10,0,54,56,56,66,64,120
1,0,12,36,0,4,50,18,0,55,48,48,66,73,121
1,0,10,40,1,4,50,19,0,55,50,51,69,74,125
1,0,10,40,1,2,55,12,0,58,50,51,62,70,121
1,0,9,43,0,3,52,14,0,56,52,52,66,70,122
1,0,7,44,1,2,50,16,0,53,51,52,67,69,121
1,0,7,46,1,2,46,19,0,49,53,54,72,68,122
1,0,7,48,1,3,50,12,0,54,55,56,67,66,122
1,0,8,42,0,2,53,16,0,56,50,50,66,72,122
1,0,7,44,1,5,54,13,0,60,51,52,64,73,125
1,0,8,42,0,2,53,16,0,56,50,50,66,72,122
1,0,9,41,0,1,56,12,0,58,50,50,62,70,120
1,0,8,43,0,5,56,11,0,62,51,51,62,73,124
0,0,10,42,1,2,54,13,0,56,52,53,65,69,122
1,0,12,39,1,4,50,15,0,55,51,52,66,70,122
1,0,0,47,0,3,57,13,0,61,47,47,60,74,121
0,0,9,43,1,3,54,13,0,57,52,53,65,70,123
1,0,13,40,0,2,52,13,0,55,53,53,66,68,121
0,0,12,37,1,5,57,12,0,62,49,50,61,74,124
0,0,8,44,1,4,55,12,0,59,52,53,64,71,124
1,0,10,45,0,3,49,14,0,53,55,55,69,67,122
1,0,9,40,0,4,53,14,0,58,49,49,63,72,121
0,0,8,42,1,4,56,13,0,60,50,51,63,73,124
1,0,9,45,1,4,51,13,0,56,54,55,67,69,124
1,0,8,41,1,4,54,12,0,59,49,50,61,71,121
1,0,7,43,1,2,56,13,0,59,50,51,63,72,123
2,0,8,40,1,2,52,16,0,56,48,49,64,72,121
1,0,10,36,1,3,56,15,0,60,46,47,61,75,122
1,0,9,38,0,3,58,11,0,62,47,47,58,73,120
1,0,6,48,1,3,51,12,0,55,54,55,66,67,122
2,0,7,41,1,2,57,12,0,61,48,49,60,73,122
0,0,7,43,1,2,55,13,0,57,50,51,63,70,121
1,0,0,47,1,2,54,17,0,57,47,48,64,74,122
0,0,10,41,0,3,55,13,0,58,51,51,64,71,122
1,0,8,43,0,4,51,16,0,56,51,51,67,72,123
1,0,6,45,1,2,53,13,0,56,51,52,64,69,121
0,0,11,42,0,3,52,12,0,55,53,53,65,67,120
1,0,8,37,0,3,58,14,0,62,45,45,59,76,121
0,0,8,43,1,4,55,12,0,59,51,52,63,71,123
1,0,7,46,0,2,53,12,0,56,53,53,65,68,121
1,0,12,40,1,4,50,14,0,55,52,53,66,69,122
1,0,0,54,1,0,51,15,0,52,54,55,69,67,122
1,0,11,40,0,4,52,15,0,57,51,51,66,72,123
1,0,9,42,1,5,56,12,0,62,51,52,63,74,126
0,0,11,38,1,3,53,15,0,56,49,50,64,71,121
2,0,7,44,1,3,53,12,0,58,51,52,63,70,122
1,0,0,51,0,4,54,13,0,59,51,51,64,72,123
1,0,8,46,1,3,52,11,0,56,54,55,65,67,122
1,0,0,48,0,2,55,14,0,58,48,48,62,72,120
2,0,13,39,0,5,52,13,0,59,52,52,65,72,124
1,0,7,40,0,3,54,16,0,58,47,47,63,74,121
1,0,8,43,0,2,50,16,0,53,51,51,67,69,120
1,0,6,45,1,3,51,16,0,55,51,52,67,71,123
1,0,8,41,0,4,52,18,0,57,49,49,67,75,124
0,0,9,40,0,2,56,14,0,58,49,49,63,72,121
1,0,7,44,1,3,54,14,0,58,51,52,65,72,124
0,0,9,41,0,1,53,16,0,54,50,50,66,70,120
1,0,8,47,1,4,49,15,0,54,55,56,70,69,125
1,0,7,39,1,3,57,13,0,61,46,47,59,74,121
0,0,10,41,1,3,53,14,0,56,51,52,65,70,122
1,0,9,42,0,3,54,13,0,58,51,51,64,71,122
1,0,8,41,1,5,52,17,0,58,49,50,66,75,125
1,0,11,43,0,4,51,14,0,56,54,54,68,70,124
0,0,9,40,1,5,54,16,0,59,49,50,65,75,125
1,0,8,39,0,5,55,16,0,61,47,47,63,77,124
1,0,8,38,0,2,57,16,0,60,46,46,62,76,122
1,0,9,37,1,3,61,11,0,65,46,47,57,76,123
2,0,8,41,0,3,51,15,0,56,49,49,64,71,120
1,0,0,45,1,2,54,19,0,57,45,46,64,76,122
1,0,11,45,0,0,47,16,0,48,56,56,72,64,120
1,0,9,41,0,3,51,15,0,55,50,50,65,70,120
1,0,8,44,0,2,52,14,0,55,52,52,66,69,121
1,0,0,48,0,4,54,17,0,59,48,48,65,76,124
1,0,7,43,1,3,51,16,0,55,50,51,66,71,122
2,0,7,40,0,5,57,13,0,64,47,47,60,77,124
1,0,9,43,0,6,52,12,0,59,52,52,64,71,123
1,0,7,44,0,4,54,13,0,59,51,51,64,72,123
0,0,9,40,1,1,54,16,0,55,49,50,65,71,121
0,0,8,45,1,2,52,13,0,54,53,54,66,67,121
1,0,9,43,1,2,50,16,0,53,52,53,68,69,122
1,0,9,41,0,2,52,17,0,55,50,50,67,72,122
2,0,7,47,1,2,52,11,0,56,54,55,65,67,122
1,0,9,44,0,3,56,9,0,60,53,53,62,69,122
0,0,0,52,1,1,54,13,0,55,52,53,65,68,121
1,0,0,47,0,4,52,19,0,57,47,47,66,76,123
0,0,8,40,1,4,55,14,0,59,48,49,62,73,122
1,0,7,38,0,2,61,11,0,64,45,45,56,75,120
1,0,0,49,1,3,58,11,0,62,49,50,60,73,123
1,0,9,47,0,4,50,12,0,55,56,56,68,67,123
1,0,7,47,1,1,55,9,0,57,54,55,63,66,121
1,0,10,36,0,3,54,18,0,58,46,46,64,76,122
1,0,9,44,1,3,51,12,0,55,53,54,65,67,121
1,0,10,41,1,3,53,13,0,57,51,52,64,70,122
1,0,11,37,1,2,54,16,0,57,48,49,64,73,122
1,0,10,36,0,3,55,18,0,59,46,46,64,77,123
2,0,9,43,1,4,54,10,0,60,52,53,62,70,123
1,0,8,40,0,1,55,15,0,57,48,48,63,72,120
0,0,12,40,1,2,51,16,0,53,52,53,68,69,122
1,0,8,43,1,2,55,12,0,58,51,52,63,70,122
1,0,0,45,0,4,53,18,0,58,45,45,63,76,121
1,0,8,42,1,3,54,13,0,58,50,51,63,71,122
1,0,8,47,0,4,50,12,0,55,55,55,67,67,122
0,0,9,47,0,4,50,11,0,54,56,56,67,65,121
0,0,7,41,1,1,55,16,0,56,48,49,64,72,121
1,0,8,40,0,2,58,13,0,61,48,48,61,74,122
1,0,7,44,0,5,52,15,0,58,51,51,66,73,124
1,0,10,39,1,3,54,13,0,58,49,50,62,71,121
1,0,8,39,0,2,53,17,0,56,47,47,64,73,120
1,0,10,41,0,4,52,15,0,57,51,51,66,72,123
1,0,10,41,0,4,51,16,0,56,51,51,67,72,123
3,0,8,36,0,3,57,13,0,63,44,44,57,76,120
2,0,8,43,0,3,52,12,0,57,51,51,63,69,120
1,0,7,40,1,4,56,13,0,61,47,48,60,74,122
1,0,10,41,0,4,53,14,0,58,51,51,65,72,123
0,0,9,43,0,4,51,16,0,55,52,52,68,71,123
1,0,8,47,1,4,52,11,0,57,55,56,66,68,124
1,0,9,47,0,4,48,14,0,53,56,56,70,67,123
0,0,7,44,0,5,54,12,0,59,51,51,63,71,122
1,0,6,42,0,4,57,13,0,62,48,48,61,75,123
1,0,10,40,0,1,51,17,0,53,50,50,67,70,120
2,0,7,42,1,5,57,11,0,64,49,50,60,75,125
0,0,8,42,1,2,53,15,0,55,50,51,65,70,121
1,0,13,33,1,5,59,12,0,65,46,47,58,77,124
4,0,9,41,1,3,49,15,0,56,50,51,65,71,122
2,0,8,40,1,3,55,12,0,60,48,49,60,72,121
1,0,9,44,0,2,51,14,0,54,53,53,67,68,121
1,0,11,38,0,3,50,17,0,54,49,49,66,71,120
1,0,7,41,0,4,58,11,0,63,48,48,59,74,122
0,0,8,41,0,4,54,16,0,58,49,49,65,74,123
1,0,10,41,0,3,48,18,0,52,51,51,69,70,121
2,0,7,41,0,4,50,18,0,56,48,48,66,74,122
1,0,7,46,0,3,54,11,0,58,53,53,64,69,122
2,0,0,47,0,2,56,14,0,60,47,47,61,74,121
2,0,11,35,0,4,55,15,0,61,46,46,61,76,122
1,0,9,43,0,3,53,13,0,57,52,52,65,70,122
1,0,0,54,1,3,57,8,0,61,54,55,62,69,124
1,0,8,44,2,2,51,12,0,54,52,54,64,66,120
1,0,8,47,1,3,49,13,0,53,55,56,68,66,122
1,0,10,36,1,3,55,16,0,59,46,47,62,75,122
1,0,0,48,1,3,57,14,0,61,48,49,62,75,124
1,0,8,43,1,3,54,13,0,58,51,52,64,71,123
1,0,9,38,1,0,59,13,0,60,47,48,60,73,121
1,0,8,42,0,3,53,14,0,57,50,50,64,71,121
0,0,10,45,1,3,49,15,0,52,55,56,70,67,123
0,0,0,46,0,4,58,13,0,62,46,46,59,75,121
1,0,0,46,1,4,56,15,0,61,46,47,61,76,123
1,0,6,45,1,1,51,17,0,53,51,52,68,70,122
1,0,7,42,0,2,57,12,0,60,49,49,61,72,121
1,0,7,45,1,1,53,13,0,55,52,53,65,68,121
0,0,8,40,0,3,56,14,0,59,48,48,62,73,121
1,0,11,42,0,2,54,11,0,57,53,53,64,68,121
1,0,10,43,0,4,53,12,0,58,53,53,65,70,123
1,0,9,39,0,4,54,15,0,59,48,48,63,74,122
2,0,9,42,0,5,52,13,0,59,51,51,64,72,123
1,0,7,42,1,2,53,18,0,56,49,50,67,74,124
1,0,9,39,0,2,58,11,0,61,48,48,59,72,120
1,0,0,47,0,4,60,12,0,65,47,47,59,77,124
1,0,0,51,1,1,54,14,0,56,51,52,65,70,122
0,0,9,43,1,2,49,17,0,51,52,53,69,68,121
0,0,9,41,1,4,52,14,0,56,50,51,64,70,121
1,0,7,44,0,3,52,13,0,56,51,51,64,69,120
1,0,9,40,0,4,55,14,0,60,49,49,63,74,123
1,0,6,48,1,1,50,14,0,52,54,55,68,66,121
1,0,6,47,1,4,48,15,0,53,53,54,68,68,122
1,0,8,44,0,1,53,13,0,55,52,52,65,68,120
1,0,9,42,0,3,54,12,0,58,51,51,63,70,121
1,0,7,43,1,3,55,13,0,59,50,51,63,72,123
1,0,7,45,1,2,50,17,0,53,52,53,69,70,123
1,0,10,40,1,3,53,14,0,57,50,51,64,71,122
1,0,8,41,1,3,53,16,0,57,49,50,65,73,123
0,0,9,40,0,2,54,15,0,56,49,49,64,71,120
0,0,7,44,0,4,55,13,0,59,51,51,64,72,123
0,0,9,41,1,3,55,11,0,58,50,51,61,69,120
1,0,7,44,0,3,51,14,0,55,51,51,65,69,120
1,0,7,42,2,3,57,10,0,61,49,51,59,71,122
1,0,7,45,1,4,53,13,0,58,52,53,65,71,124
1,0,9,42,1,4,54,12,0,59,51,52,63,71,123
0,0,11,38,1,1,57,13,0,58,49,50,62,71,121
0,0,11,42,1,3,53,12,0,56,53,54,65,68,122
0,0,8,45,0,3,56,9,0,59,53,53,62,68,121
1,0,8,43,1,2,55,12,0,58,51,52,63,70,122
1,0,6,40,1,5,54,14,0,60,46,47,60,74,121
2,0,0,47,0,3,55,15,0,60,47,47,62,75,122
1,0,0,45,1,3,60,12,0,64,45,46,57,76,122
1,0,8,41,0,4,56,13,0,61,49,49,62,74,123
1,0,8,44,1,2,55,12,0,58,52,53,64,70,123
1,0,10,46,1,3,48,14,0,52,56,57,70,66,123
1,0,8,41,1,3,56,13,0,60,49,50,62,73,123
1,0,8,42,1,3,55,11,0,59,50,51,61,70,121
2,0,8,41,0,3,56,13,0,61,49,49,62,74,123
1,0,8,47,0,2,51,11,0,54,55,55,66,65,120
1,0,7,50,1,1,50,11,0,52,57,58,68,63,121
1,0,7,38,0,3,57,16,0,61,45,45,61,77,122
1,0,10,45,0,4,51,12,0,56,55,55,67,68,123
1,0,6,42,1,4,60,9,0,65,48,49,57,74,123
1,0,7,42,1,3,57,12,0,61,49,50,61,73,123
1,0,8,41,1,1,55,15,0,57,49,50,64,72,122
1,0,7,44,1,1,55,12,0,57,51,52,63,69,121
1,0,11,40,0,4,47,18,0,52,51,51,69,70,121
0,0,8,42,0,1,55,14,0,56,50,50,64,70,120
1,0,9,42,1,3,51,15,0,55,51,52,66,70,122
0,0,7,44,1,4,50,19,0,54,51,52,70,73,125
1,0,9,37,1,3,51,20,0,55,46,47,66,75,122
1,0,11,41,1,2,52,14,0,55,52,53,66,69,122
1,0,9,37,1,5,58,13,0,64,46,47,59,77,124
1,0,0,45,1,3,59,13,0,63,45,46,58,76,122
1,0,7,47,1,2,53,12,0,56,54,55,66,68,123
2,0,7,45,1,2,53,11,0,57,52,53,63,68,121
1,0,10,49,0,4,47,13,0,52,59,59,72,65,124
0,0,10,37,1,2,57,14,0,59,47,48,61,73,121
1,0,12,36,1,2,58,11,0,61,48,49,59,72,121
1,0,6,47,0,5,46,20,0,52,53,53,73,72,125
0,0,0,47,0,3,59,12,0,62,47,47,59,74,121
2,0,8,43,0,2,51,14,0,55,51,51,65,69,120
1,0,0,50,1,4,59,8,0,64,50,51,58,72,123
2,0,0,48,0,4,49,19,0,55,48,48,67,74,122
1,0,9,42,0,1,52,15,0,54,51,51,66,69,120
0,0,9,41,0,5,51,17,0,56,50,50,67,73,123
2,0,7,44,0,3,55,11,0,60,51,51,62,71,122
1,0,8,47,1,5,51,12,0,57,55,56,67,69,125
1,0,9,42,0,2,46,21,0,49,51,51,72,70,121
1,0,9,40,0,4,57,10,0,62,49,49,59,72,121
1,0,8,39,1,3,56,14,0,60,47,48,61,74,122
2,0,8,46,1,2,51,12,0,55,54,55,66,67,122
0,0,8,45,1,3,51,14,0,54,53,54,67,68,122
0,0,11,43,1,2,53,11,0,55,54,55,65,66,121
1,0,9,39,1,3,51,17,0,55,48,49,65,72,121
0,0,9,41,0,5,55,13,0,60,50,50,63,73,123
1,0,12,38,1,5,55,10,0,61,50,51,60,71,122
0,0,0,51,0,3,54,14,0,57,51,51,65,71,122
1,0,8,45,1,4,53,13,0,58,53,54,66,71,125
2,0,9,39,1,3,57,11,0,62,48,49,59,73,122
1,0,7,45,1,5,58,8,0,64,52,53,60,72,125
0,0,9,42,1,4,51,17,0,55,51,52,68,72,124
0,0,10,43,0,3,53,13,0,56,53,53,66,69,122
0,0,9,44,0,3,54,13,0,57,53,53,66,70,123
0,0,0,50,1,6,52,16,0,58,50,51,66,74,125
1,0,8,45,0,3,51,14,0,55,53,53,67,69,122
1,0,9,40,0,6,54,15,0,61,49,49,64,76,125
1,0,10,41,1,4,53,14,0,58,51,52,65,72,124
1,0,0,47,0,3,58,12,0,62,47,47,59,74,121
3,0,9,43,1,2,53,11,0,58,52,53,63,69,122
1,0,9,41,0,4,49,17,0,54,50,50,67,71,121
1,0,9,44,0,3,51,14,0,55,53,53,67,69,122
1,0,7,44,1,5,55,12,0,61,51,52,63,73,125
0,0,7,43,0,3,56,13,0,59,50,50,63,72,122
4,0,7,47,1,4,48,10,0,56,54,55,64,66,121
0,0,8,43,1,3,51,15,0,54,51,52,66,69,121
1,0,9,43,0,2,53,12,0,56,52,52,64,68,120
1,0,7,43,0,2,50,18,0,53,50,50,68,71,121
1,0,0,45,0,3,59,14,0,63,45,45,59,77,122
0,0,10,45,0,2,52,12,0,54,55,55,67,66,121
1,0,7,41,0,3,55,14,0,59,48,48,62,73,121
1,0,9,41,0,4,53,15,0,58,50,50,65,73,123
1,0,0,48,0,3,53,16,0,57,48,48,64,73,121
2,0,7,42,1,3,57,12,0,62,49,50,61,74,124
1,0,10,34,0,3,56,17,0,60,44,44,61,77,121
1,0,11,42,0,3,51,12,0,55,53,53,65,67,120
2,0,11,36,0,3,57,12,0,62,47,47,59,74,121
1,0,6,43,1,3,54,14,0,58,49,50,63,72,122
1,0,8,40,1,2,51,18,0,54,48,49,66,72,121
1,0,9,40,0,2,57,12,0,60,49,49,61,72,121
4,0,8,34,1,3,60,10,0,67,42,43,52,77,120
1,0,11,38,2,3,52,16,0,56,49,51,65,72,123
1,0,10,40,1,3,53,15,0,57,50,51,65,72,123
1,0,9,41,1,3,54,14,0,58,50,51,64,72,123
0,0,9,40,0,4,58,11,0,62,49,49,60,73,122
1,0,0,47,0,5,54,17,0,60,47,47,64,77,124
0,0,9,42,0,3,51,16,0,54,51,51,67,70,121
1,0,9,42,1,3,53,14,0,57,51,52,65,71,123
1,0,9,43,1,3,52,13,0,56,52,53,65,69,122
1,0,10,40,0,3,55,14,0,59,50,50,64,73,123
1,0,11,40,1,4,55,13,0,60,51,52,64,73,125
0,0,8,45,1,4,52,13,0,56,53,54,66,69,123
1,0,7,42,0,4,58,10,0,63,49,49,59,73,122
1,0,9,42,0,3,53,14,0,57,51,51,65,71,122
1,0,7,42,1,2,50,19,0,53,49,50,68,72,122
1,0,10,40,1,2,53,13,0,56,50,51,63,69,120
1,0,10,40,0,3,52,14,0,56,50,50,64,70,120
1,0,7,45,1,2,52,14,0,55,52,53,66,69,122
1,0,11,41,0,2,54,11,0,57,52,52,63,68,120
1,0,10,44,0,3,49,13,0,53,54,54,67,66,120
1,0,10,44,1,3,49,15,0,53,54,55,69,68,123
1,0,6,48,0,3,51,13,0,55,54,54,67,68,122
1,0,7,42,1,4,58,12,0,63,49,50,61,75,125
0,0,10,44,0,3,50,14,0,53,54,54,68,67,121
1,0,7,43,1,4,52,13,0,57,50,51,63,70,121
1,0,8,40,0,3,57,13,0,61,48,48,61,74,122
1,0,7,46,0,3,55,11,0,59,53,53,64,70,123
0,0,6,46,0,3,51,16,0,54,52,52,68,70,122
1,0,7,47,1,3,53,11,0,57,54,55,65,68,123
0,0,7,44,1,3,54,13,0,57,51,52,64,70,122
1,0,6,47,1,5,51,13,0,57,53,54,66,70,124
1,0,6,43,0,4,52,15,0,57,49,49,64,72,121
1,0,7,43,0,2,54,14,0,57,50,50,64,71,121
1,0,6,45,0,1,53,14,0,55,51,51,65,69,120
1,0,7,44,1,1,52,15,0,54,51,52,66,69,121
1,0,11,37,1,3,55,15,0,59,48,49,63,74,123
1,0,6,42,0,3,50,19,0,54,48,48,67,73,121
1,0,8,43,0,3,54,13,0,58,51,51,64,71,122
0,0,8,40,1,3,58,12,0,61,48,49,60,73,122
0,0,10,43,0,3,51,14,0,54,53,53,67,68,121
0,0,8,40,0,3,56,13,0,59,48,48,61,72,120
1,0,7,47,0,3,53,11,0,57,54,54,65,68,122
1,0,8,45,0,2,52,14,0,55,53,53,67,69,122
0,0,9,42,1,3,53,14,0,56,51,52,65,70,122
0,0,8,44,1,3,55,11,0,58,52,53,63,69,122
1,0,9,45,0,5,54,10,0,60,54,54,64,70,124
0,0,8,38,1,2,57,16,0,59,46,47,62,75,122
1,0,7,47,1,2,48,15,0,51,54,55,69,66,121
1,0,9,40,1,4,55,15,0,60,49,50,64,75,125
1,0,8,44,0,2,51,15,0,54,52,52,67,69,121
1,0,6,40,1,4,58,14,0,63,46,47,60,77,124
1,0,7,44,1,3,56,11,0,60,51,52,62,71,123
1,0,0,47,1,4,56,12,0,61,47,48,59,73,121
1,0,9,44,1,3,48,18,0,52,53,54,71,70,124
1,0,10,41,0,2,52,15,0,55,51,51,66,70,121
1,0,6,46,0,2,56,11,0,59,52,52,63,70,122
1,0,11,41,1,1,50,17,0,52,52,53,69,69,122
0,0,7,43,0,3,56,11,0,59,50,50,61,70,120
0,0,7,42,0,2,57,13,0,59,49,49,62,72,121
2,0,7,42,0,2,58,10,0,62,49,49,59,72,121
1,0,0,46,1,5,53,19,0,59,46,47,65,78,125
1,0,10,42,0,2,52,16,0,55,52,52,68,71,123
1,0,8,43,0,4,53,14,0,58,51,51,65,72,123
1,0,9,40,1,3,55,13,0,59,49,50,62,72,122
3,0,8,44,0,3,53,11,0,59,52,52,63,70,122
1,0,10,39,0,1,55,14,0,57,49,49,63,71,120
2,0,11,39,0,3,56,11,0,61,50,50,61,72,122
1,0,14,39,1,5,52,13,0,58,53,54,66,71,125
1,0,7,47,0,4,50,12,0,55,54,54,66,67,121
1,0,11,42,0,1,50,16,0,52,53,53,69,68,121
1,0,7,44,1,2,53,14,0,56,51,52,65,70,122
1,0,10,49,1,5,43,15,0,49,59,60,74,64,124
0,0,7,41,1,3,57,13,0,60,48,49,61,73,122
1,0,9,44,1,2,50,15,0,53,53,54,68,68,122
1,0,0,47,0,5,54,14,0,60,47,47,61,74,121
1,0,10,45,0,3,50,12,0,54,55,55,67,66,121
1,0,8,40,1,2,58,12,0,61,48,49,60,73,122
1,0,9,38,0,2,58,14,0,61,47,47,61,75,122
1,0,7,47,0,2,48,15,0,51,54,54,69,66,120
1,0,8,42,0,4,52,15,0,57,50,50,65,72,122
1,0,0,45,0,5,54,15,0,60,45,45,60,75,120
1,0,10,37,1,2,60,11,0,63,47,48,58,74,122
1,0,0,49,0,3,57,11,0,61,49,49,60,72,121
1,0,9,40,0,3,59,10,0,63,49,49,59,73,122
1,0,10,39,1,2,59,9,0,62,49,50,58,71,121
0,0,0,48,1,3,58,11,0,61,48,49,59,72,121
1,0,8,42,1,4,56,12,0,61,50,51,62,73,124
1,0,9,39,0,2,57,12,0,60,48,48,60,72,120
1,0,9,47,1,2,49,12,0,52,56,57,68,64,121
0,0,6,49,1,3,49,13,0,52,55,56,68,65,121
1,0,9,40,1,2,58,11,0,61,49,50,60,72,122
0,0,9,40,1,3,55,14,0,58,49,50,63,72,122
1,0,10,35,0,1,55,18,0,57,45,45,63,75,120
1,0,6,42,0,3,56,14,0,60,48,48,62,74,122
0,0,9,40,0,3,52,18,0,55,49,49,67,73,122
1,0,9,42,1,5,51,15,0,57,51,52,66,72,124
1,0,10,41,1,4,54,12,0,59,51,52,63,71,123
0,0,8,42,1,4,54,12,0,58,50,51,62,70,121
1,0,11,35,1,2,59,13,0,62,46,47,59,75,122
1,0,9,45,1,4,50,12,0,55,54,55,66,67,122
5,0,11,41,0,3,53,9,0,61,52,52,61,70,122
1,0,0,44,0,3,60,13,0,64,44,44,57,77,121
1,0,7,46,1,3,53,12,0,57,53,54,65,69,123
2,0,8,38,1,3,55,16,0,60,46,47,62,76,123
0,0,12,39,0,4,53,15,0,57,51,51,66,72,123
0,0,9,42,1,4,51,17,0,55,51,52,68,72,124
1,0,0,47,0,2,53,18,0,56,47,47,65,74,121
1,0,10,45,0,4,47,15,0,52,55,55,70,67,122
0,0,6,45,1,4,53,16,0,57,51,52,67,73,125
1,0,7,40,0,4,51,20,0,56,47,47,67,76,123
1,0,7,44,1,3,53,13,0,57,51,52,64,70,122
0,0,11,41,0,2,49,17,0,51,52,52,69,68,120
1,0,7,44,1,4,52,13,0,57,51,52,64,70,122
1,0,8,39,1,3,55,16,0,59,47,48,63,75,123
1,0,0,51,0,3,53,13,0,57,51,51,64,70,121
1,0,9,40,1,4,55,14,0,60,49,50,63,74,124
1,0,8,41,1,2,56,12,0,59,49,50,61,71,121
0,0,10,42,1,4,55,12,0,59,52,53,64,71,124
1,0,9,40,1,3,52,15,0,56,49,50,64,71,121
1,0,0,51,1,3,59,9,0,63,51,52,60,72,124
1,0,9,43,0,4,51,14,0,56,52,52,66,70,122
1,0,9,43,0,2,53,12,0,56,52,52,64,68,120
2,0,9,40,0,5,50,17,0,57,49,49,66,74,123
0,0,7,45,1,2,53,13,0,55,52,53,65,68,121
1,0,6,47,1,3,49,16,0,53,53,54,69,69,123
1,0,9,40,1,3,56,12,0,60,49,50,61,72,122
1,0,8,39,0,2,56,14,0,59,47,47,61,73,120
1,0,9,43,1,2,53,13,0,56,52,53,65,69,122
1,0,9,44,1,4,52,12,0,57,53,54,65,69,123
2,0,7,44,0,4,52,13,0,58,51,51,64,71,122
1,0,9,38,0,4,59,11,0,64,47,47,58,75,122
0,0,7,45,0,2,57,10,0,59,52,52,62,69,121
2,0,10,41,1,3,50,16,0,55,51,52,67,71,123
1,0,9,47,1,3,48,13,0,52,56,57,69,65,122
2,0,7,48,0,5,48,10,0,55,55,55,65,65,120
1,0,12,36,0,5,55,13,0,61,48,48,61,74,122
1,0,7,44,0,3,49,17,0,53,51,51,68,70,121
1,0,10,41,1,3,53,13,0,57,51,52,64,70,122
1,0,8,43,0,3,53,14,0,57,51,51,65,71,122
1,0,10,41,0,4,51,17,0,56,51,51,68,73,124
2,0,8,37,1,3,58,13,0,63,45,46,58,76,122
2,0,10,41,0,2,53,13,0,57,51,51,64,70,121
1,0,8,42,0,2,52,15,0,55,50,50,65,70,120
1,0,7,44,0,2,48,19,0,51,51,51,70,70,121
1,0,8,39,1,1,58,13,0,60,47,48,60,73,121
2,0,6,43,1,2,58,10,0,62,49,50,59,72,122
0,0,7,43,1,5,54,13,0,59,50,51,63,72,123
1,0,11,38,1,4,55,12,0,60,49,50,61,72,122
1,0,9,42,1,3,55,12,0,59,51,52,63,71,123
1,0,9,42,1,4,55,12,0,60,51,52,63,72,124
1,0,8,41,0,4,57,12,0,62,49,49,61,74,123
1,0,8,42,1,4,53,15,0,58,50,51,65,73,124
1,0,9,43,1,2,51,15,0,54,52,53,67,69,122
1,0,8,42,0,3,56,11,0,60,50,50,61,71,121
3,0,8,37,0,4,59,11,0,66,45,45,56,77,122
1,0,8,45,0,4,51,15,0,56,53,53,68,71,124
1,0,7,43,1,3,54,11,0,58,50,51,61,69,120
1,0,8,42,0,3,55,12,0,59,50,50,62,71,121
1,0,6,46,0,3,53,13,0,57,52,52,65,70,122
1,0,7,46,1,4,53,11,0,58,53,54,64,69,123
1,0,9,37,0,2,58,14,0,61,46,46,60,75,121
2,0,8,42,1,4,54,13,0,60,50,51,63,73,124
1,0,11,41,1,3,51,15,0,55,52,53,67,70,123
1,0,6,41,0,3,55,15,0,59,47,47,62,74,121
1,0,9,40,0,4,57,12,0,62,49,49,61,74,123
1,0,8,41,1,2,54,15,0,57,49,50,64,72,122
1,0,8,43,0,3,54,14,0,58,51,51,65,72,123
0,0,8,43,1,3,51,17,0,54,51,52,68,71,123
1,0,10,40,0,2,56,11,0,59,50,50,61,70,120
1,0,7,46,0,2,51,13,0,54,53,53,66,67,120
0,0,0,47,0,3,61,10,0,64,47,47,57,74,121
1,0,7,48,1,4,48,16,0,53,55,56,71,69,125
2,0,8,40,0,3,53,14,0,58,48,48,62,72,120
1,0,8,38,0,2,57,15,0,60,46,46,61,75,121
1,0,7,38,1,4,61,10,0,66,45,46,55,76,122
1,0,7,49,0,4,46,16,0,51,56,56,72,67,123
1,0,7,47,0,3,53,11,0,57,54,54,65,68,122
1,0,7,42,0,5,53,17,0,59,49,49,66,76,125
1,0,9,41,0,2,55,12,0,58,50,50,62,70,120
1,0,9,47,1,3,50,12,0,54,56,57,68,66,123
1,0,0,45,0,3,59,14,0,63,45,45,59,77,122
1,0,10,40,0,5,55,13,0,61,50,50,63,74,124
1,0,7,42,1,3,57,13,0,61,49,50,62,74,124
2,0,8,42,1,3,51,13,0,56,50,51,63,69,120
0,0,10,41,1,2,51,16,0,53,51,52,67,69,121
1,0,10,36,0,2,58,13,0,61,46,46,59,74,120
1,0,8,37,0,5,56,15,0,62,45,45,60,77,122
1,0,6,43,0,5,52,13,0,58,49,49,62,71,120
1,0,8,40,1,5,60,10,0,66,48,49,58,76,125
0,0,7,42,0,3,56,12,0,59,49,49,61,71,120
1,0,0,51,1,3,53,15,0,57,51,52,66,72,124
1,0,9,43,0,3,56,10,0,60,52,52,62,70,122
1,0,6,46,1,2,53,12,0,56,52,53,64,68,121
1,0,0,44,0,3,56,18,0,60,44,44,62,78,122
1,0,12,40,1,2,48,18,0,51,52,53,70,69,122
0,0,10,40,1,5,55,14,0,60,50,51,64,74,125
1,0,6,45,1,4,55,11,0,60,51,52,62,71,123
1,0,9,41,1,4,55,11,0,60,50,51,61,71,122
0,0,7,43,0,3,51,17,0,54,50,50,67,71,121
1,0,7,41,1,3,57,14,0,61,48,49,62,75,124
1,0,9,42,1,3,51,15,0,55,51,52,66,70,122
0,0,6,47,0,4,52,14,0,56,53,53,67,70,123
0,0,8,42,1,3,56,13,0,59,50,51,63,72,123
0,0,0,49,1,5,57,11,0,62,49,50,60,73,123
1,0,0,48,0,3,55,13,0,59,48,48,61,72,120
1,0,0,47,0,5,57,13,0,63,47,47,60,76,123
1,0,9,39,0,2,54,16,0,57,48,48,64,73,121
2,0,0,49,0,1,53,15,0,56,49,49,64,71,120
0,0,8,40,0,3,56,15,0,59,48,48,63,74,122
1,0,7,41,1,2,57,13,0,60,48,49,61,73,122
1,0,8,40,1,2,58,12,0,61,48,49,60,73,122
1,0,6,44,1,4,51,16,0,56,50,51,66,72,123
0,0,7,45,1,4,52,14,0,56,52,53,66,70,123
0,0,9,40,0,2,57,13,0,59,49,49,62,72,121
1,0,9,39,0,5,56,13,0,62,48,48,61,75,123
1,0,7,49,1,2,52,10,0,55,56,57,66,65,122
1,0,9,44,0,5,49,15,0,55,53,53,68,70,123
0,0,12,44,0,3,52,11,0,55,56,56,67,66,122
0,0,7,45,1,3,54,13,0,57,52,53,65,70,123
1,0,7,47,0,3,52,11,0,56,54,54,65,67,121
1,0,8,47,1,3,49,12,0,53,55,56,67,65,121
1,0,0,46,1,6,52,15,0,59,46,47,61,74,121
3,0,9,46,0,4,48,10,0,55,55,55,65,65,120
0,0,7,45,0,2,52,14,0,54,52,52,66,68,120
1,0,7,43,0,5,55,14,0,61,50,50,64,75,125
0,0,10,45,0,3,48,15,0,51,55,55,70,66,121
3,0,9,41,0,2,50,15,0,55,50,50,65,70,120
1,0,8,45,1,3,51,14,0,55,53,54,67,69,123
1,0,9,42,0,5,51,16,0,57,51,51,67,73,124
1,0,7,42,0,4,53,13,0,58,49,49,62,71,120
2,0,8,43,1,2,56,9,0,60,51,52,60,69,121
1,0,7,46,0,3,50,13,0,54,53,53,66,67,120
1,0,11,37,1,2,54,14,0,57,48,49,62,71,120
1,0,7,47,0,2,52,12,0,55,54,54,66,67,121
1,0,8,44,1,4,55,12,0,60,52,53,64,72,125
1,0,8,41,1,4,56,14,0,61,49,50,63,75,125
1,0,0,48,0,1,56,15,0,58,48,48,63,73,121
1,0,7,43,1,3,55,14,0,59,50,51,64,73,124
1,0,7,46,1,0,55,11,0,56,53,54,64,67,121
1,0,10,42,1,4,52,13,0,57,52,53,65,70,123
1,0,6,44,1,3,53,15,0,57,50,51,65,72,123
1,0,7,41,1,5,57,12,0,63,48,49,60,75,124
1,0,7,48,0,4,50,12,0,55,55,55,67,67,122
1,0,7,44,1,3,51,16,0,55,51,52,67,71,123
1,0,8,42,0,2,52,15,0,55,50,50,65,70,120
1,0,7,45,0,3,54,11,0,58,52,52,63,69,121
1,0,9,42,1,1,52,15,0,54,51,52,66,69,121
1,0,8,42,1,4,53,14,0,58,50,51,64,72,123
0,0,8,46,1,2,51,13,0,53,54,55,67,66,121
1,0,8,43,1,3,52,15,0,56,51,52,66,71,123
1,0,8,42,1,3,49,18,0,53,50,51,68,71,122
1,0,8,39,1,4,54,18,0,59,47,48,65,77,125
0,0,8,41,0,3,54,16,0,57,49,49,65,73,122
1,0,7,39,1,2,57,14,0,60,46,47,60,74,121
1,0,7,45,0,2,56,11,0,59,52,52,63,70,122
1,0,12,37,0,4,52,16,0,57,49,49,65,73,122
1,0,9,43,1,2,52,13,0,55,52,53,65,68,121
2,0,11,38,1,2,55,12,0,59,49,50,61,71,121
1,0,6,45,1,2,53,12,0,56,51,52,63,68,120
0,0,10,42,0,2,52,14,0,54,52,52,66,68,120
1,0,9,43,1,3,54,12,0,58,52,53,64,70,123
1,0,10,39,0,5,54,15,0,60,49,49,64,75,124
0,0,7,41,0,4,57,14,0,61,48,48,62,75,123
1,0,9,40,0,4,57,11,0,62,49,49,60,73,122
1,0,8,42,1,4,54,13,0,59,50,51,63,72,123
1,0,9,40,0,2,56,13,0,59,49,49,62,72,121
0,0,7,44,0,3,52,15,0,55,51,51,66,70,121
1,0,9,39,0,3,56,13,0,60,48,48,61,73,121
0,0,6,46,1,4,51,16,0,55,52,53,68,71,124
1,0,0,48,1,2,55,14,0,58,48,49,62,72,121
0,0,8,43,0,2,57,10,0,59,51,51,61,69,120
1,0,8,42,0,1,56,13,0,58,50,50,63,71,121
1,0,10,40,0,3,51,16,0,55,50,50,66,71,121
1,0,10,44,0,0,52,14,0,53,54,54,68,67,121
1,0,12,38,1,6,51,17,0,58,50,51,67,75,126
1,0,11,40,1,2,51,15,0,54,51,52,66,69,121
1,0,0,49,0,6,54,15,0,61,49,49,64,76,125
1,0,6,46,1,2,54,11,0,57,52,53,63,68,121
1,0,9,40,0,2,54,14,0,57,49,49,63,71,120
1,0,7,46,0,5,50,15,0,56,53,53,68,71,124
1,0,8,43,1,5,53,14,0,59,51,52,65,73,125
1,0,7,46,1,2,50,15,0,53,53,54,68,68,122
0,0,9,41,1,3,56,13,0,59,50,51,63,72,123
0,0,6,46,1,5,50,15,0,55,52,53,67,70,123
1,0,12,40,1,3,52,15,0,56,52,53,67,71,124
1,0,10,42,1,3,48,17,0,52,52,53,69,69,122
0,0,7,45,1,2,53,13,0,55,52,53,65,68,121
1,0,6,44,0,3,53,15,0,57,50,50,65,72,122
0,0,7,44,0,5,52,15,0,57,51,51,66,72,123
1,0,7,48,0,5,50,14,0,56,55,55,69,70,125
2,0,10,39,1,4,52,15,0,58,49,50,64,73,123
0,0,7,46,1,3,51,13,0,54,53,54,66,67,121
1,0,6,48,1,2,54,10,0,57,54,55,64,67,122
1,0,8,44,1,3,50,16,0,54,52,53,68,70,123
5,0,9,44,0,3,50,9,0,58,53,53,62,67,120
1,0,9,45,1,0,50,16,0,51,54,55,70,67,122
1,0,0,47,0,2,55,16,0,58,47,47,63,74,121
1,0,12,42,0,5,50,13,0,56,54,54,67,69,123
1,0,9,40,1,1,60,10,0,62,49,50,59,72,122
1,0,9,44,0,4,49,16,0,54,53,53,69,70,123
1,0,7,41,0,2,56,14,0,59,48,48,62,73,121
0,0,9,39,1,5,56,15,0,61,48,49,63,76,125
1,0,8,44,0,6,49,14,0,56,52,52,66,70,122
1,0,7,42,0,2,53,15,0,56,49,49,64,71,120
1,0,10,42,0,3,51,15,0,55,52,52,67,70,122
1,0,7,43,0,5,52,14,0,58,50,50,64,72,122
0,0,7,46,1,4,53,12,0,57,53,54,65,69,123
0,0,7,47,0,4,47,16,0,51,54,54,70,67,121
1,0,7,44,0,2,54,13,0,57,51,51,64,70,121
0,0,0,45,0,6,56,16,0,62,45,45,61,78,123
1,0,11,39,1,3,54,14,0,58,50,51,64,72,123
2,0,9,41,0,3,51,16,0,56,50,50,66,72,122
1,0,7,45,0,3,50,16,0,54,52,52,68,70,122
1,0,7,46,1,2,50,15,0,53,53,54,68,68,122
1,0,6,37,0,4,65,9,0,70,43,43,52,79,122
2,0,8,44,0,2,53,12,0,57,52,52,64,69,121
1,0,9,41,1,4,52,14,0,57,50,51,64,71,122
0,0,7,42,1,6,54,16,0,60,49,50,65,76,126
0,0,7,46,0,4,50,16,0,54,53,53,69,70,123
1,0,9,39,1,3,56,14,0,60,48,49,62,74,123
1,0,0,51,0,2,52,15,0,55,51,51,66,70,121
1,0,7,44,0,4,53,15,0,58,51,51,66,73,124
0,0,7,42,1,5,57,12,0,62,49,50,61,74,124
1,0,7,44,0,2,55,12,0,58,51,51,63,70,121
1,0,9,43,1,4,45,22,0,50,52,53,74,72,125
2,0,6,43,0,4,56,12,0,62,49,49,61,74,123
0,0,8,40,1,3,56,14,0,59,48,49,62,73,122
1,0,6,45,0,4,53,13,0,58,51,51,64,71,122
1,0,7,41,0,3,56,15,0,60,48,48,63,75,123
0,0,7,40,1,3,55,16,0,58,47,48,63,74,122
1,0,7,41,1,4,55,14,0,60,48,49,62,74,123
2,0,9,44,1,4,55,9,0,61,53,54,62,70,124
1,0,9,38,1,4,55,15,0,60,47,48,62,75,123
1,0,10,39,1,5,51,18,0,57,49,50,67,75,125
1,0,8,42,0,2,52,16,0,55,50,50,66,71,121
0,0,8,41,0,3,56,14,0,59,49,49,63,73,122
2,0,7,44,0,3,55,11,0,60,51,51,62,71,122
1,0,0,49,0,3,57,13,0,61,49,49,62,74,123
1,0,8,37,0,4,58,14,0,63,45,45,59,77,122
1,0,7,48,0,3,53,9,0,57,55,55,64,66,121
1,0,9,43,0,1,54,12,0,56,52,52,64,68,120
1,0,10,42,0,2,51,16,0,54,52,52,68,70,122
0,0,7,46,1,4,50,15,0,54,53,54,68,69,123
0,0,8,44,0,3,53,13,0,56,52,52,65,69,121
1,0,7,41,0,2,57,12,0,60,48,48,60,72,120
1,0,10,43,0,5,50,15,0,56,53,53,68,71,124
1,0,8,41,0,2,59,10,0,62,49,49,59,72,121
0,0,7,40,0,6,59,12,0,65,47,47,59,77,124
0,0,10,43,0,2,55,11,0,57,53,53,64,68,121
0,0,8,47,1,2,48,15,0,50,55,56,70,65,121
0,0,10,41,0,3,52,16,0,55,51,51,67,71,122
1,0,6,42,1,4,54,13,0,59,48,49,61,72,121
1,0,10,41,1,4,54,13,0,59,51,52,64,72,124
1,0,7,46,0,1,52,14,0,54,53,53,67,68,121
1,0,7,49,0,4,48,14,0,53,56,56,70,67,123
1,0,9,45,1,3,52,11,0,56,54,55,65,67,122
2,0,6,42,1,5,57,12,0,64,48,49,60,76,125
1,0,11,43,1,4,48,15,0,53,54,55,69,68,123
1,0,7,43,0,2,55,14,0,58,50,50,64,72,122
1,0,0,54,0,1,52,12,0,54,54,54,66,66,120
0,0,10,44,0,2,51,14,0,53,54,54,68,67,121
1,0,8,41,1,4,54,16,0,59,49,50,65,75,125
1,0,7,42,0,4,57,13,0,62,49,49,62,75,124
2,0,9,39,1,3,58,11,0,63,48,49,59,74,123
1,0,10,41,1,2,52,16,0,55,51,52,67,71,123
3,0,0,48,1,4,55,11,0,62,48,49,59,73,122
1,0,8,41,1,1,52,17,0,54,49,50,66,71,121
1,0,8,43,1,4,54,10,0,59,51,52,61,69,121
1,0,8,41,1,5,53,15,0,59,49,50,64,74,124
1,0,10,41,1,4,56,12,0,61,51,52,63,73,125
1,0,8,42,0,4,54,14,0,59,50,50,64,73,123
1,0,9,45,1,4,52,13,0,57,54,55,67,70,125
0,0,8,41,1,4,53,17,0,57,49,50,66,74,124
1,0,10,42,1,4,52,14,0,57,52,53,66,71,124
1,0,11,39,1,4,53,15,0,58,50,51,65,73,124
1,0,8,43,1,2,54,12,0,57,51,52,63,69,121
1,0,11,38,0,2,56,14,0,59,49,49,63,73,122
1,0,8,41,0,2,55,14,0,58,49,49,63,72,121
1,0,8,41,1,4,58,10,0,63,49,50,59,73,123
1,0,8,42,0,4,51,14,0,56,50,50,64,70,120
1,0,0,46,0,2,56,16,0,59,46,46,62,75,121
1,0,7,47,0,3,51,13,0,55,54,54,67,68,122
1,0,0,44,1,4,58,16,0,63,44,45,60,79,124
1,0,7,43,0,2,56,13,0,59,50,50,63,72,122
1,0,7,43,0,2,54,13,0,57,50,50,63,70,120
1,0,8,43,0,2,55,11,0,58,51,51,62,69,120
1,0,8,37,1,2,60,12,0,63,45,46,57,75,121
1,0,11,41,1,2,55,10,0,58,52,53,62,68,121
1,0,10,41,0,2,55,13,0,58,51,51,64,71,122
1,0,0,52,0,1,52,14,0,54,52,52,66,68,120
1,0,12,37,1,4,54,16,0,59,49,50,65,75,125
1,0,8,43,0,5,54,13,0,60,51,51,64,73,124
3,0,7,43,1,0,54,13,0,57,50,51,63,70,121
1,0,7,46,0,4,50,13,0,55,53,53,66,68,121
0,0,8,46,1,3,52,12,0,55,54,55,66,67,122
1,0,11,40,0,4,55,11,0,60,51,51,62,71,122
1,0,12,42,1,4,48,14,0,53,54,55,68,67,122
2,0,0,48,0,2,59,10,0,63,48,48,58,73,121
1,0,7,46,1,3,51,15,0,55,53,54,68,70,124
1,0,8,44,1,3,50,15,0,54,52,53,67,69,122
1,0,8,46,0,4,52,13,0,57,54,54,67,70,124
1,0,8,41,0,3,54,13,0,58,49,49,62,71,120
0,0,7,46,1,4,52,14,0,56,53,54,67,70,124
1,0,7,49,0,4,49,13,0,54,56,56,69,67,123
0,0,8,45,1,4,51,15,0,55,53,54,68,70,124
1,0,9,42,0,4,56,12,0,61,51,51,63,73,124
3,0,6,40,1,5,60,10,0,68,46,47,56,78,125
1,0,11,41,0,3,51,14,0,55,52,52,66,69,121
1,0,6,48,0,5,54,11,0,60,54,54,65,71,125
1,0,0,46,0,4,58,13,0,63,46,46,59,76,122
0,0,6,46,1,3,53,14,0,56,52,53,66,70,123
0,0,12,35,0,2,58,13,0,60,47,47,60,73,120
1,0,7,42,1,2,52,17,0,55,49,50,66,72,122
2,0,7,39,0,3,54,15,0,59,46,46,61,74,120
1,0,6,43,1,2,54,15,0,57,49,50,64,72,122
0,0,7,42,0,3,56,12,0,59,49,49,61,71,120
1,0,6,44,1,2,55,13,0,58,50,51,63,71,122
1,0,8,43,0,2,55,12,0,58,51,51,63,70,121
3,0,9,38,1,2,57,11,0,62,47,48,58,73,121
1,0,7,47,1,3,50,13,0,54,54,55,67,67,122
1,0,7,41,1,0,58,14,0,59,48,49,62,73,122
0,0,9,36,0,2,57,16,0,59,45,45,61,75,120
1,0,6,46,0,2,51,15,0,54,52,52,67,69,121
2,0,8,45,1,3,52,11,0,57,53,54,64,68,122
1,0,9,43,1,3,52,12,0,56,52,53,64,68,121
0,0,0,51,0,2,53,14,0,55,51,51,65,69,120
1,0,0,56,1,3,50,12,0,54,56,57,68,66,123
0,0,0,49,1,5,58,11,0,63,49,50,60,74,124
0,0,8,38,1,4,61,12,0,65,46,47,58,77,124
1,0,11,40,1,2,57,9,0,60,51,52,60,69,121
1,0,9,42,0,2,53,14,0,56,51,51,65,70,121
1,0,7,47,0,4,53,10,0,58,54,54,64,68,122
1,0,6,43,1,2,58,11,0,61,49,50,60,72,122
2,0,8,38,0,3,56,14,0,61,46,46,60,75,121
1,0,8,45,1,3,51,13,0,55,53,54,66,68,122
1,0,7,42,1,3,55,12,0,59,49,50,61,71,121
0,0,10,41,1,3,55,13,0,58,51,52,64,71,123
2,0,8,43,0,0,54,13,0,56,51,51,64,69,120
2,0,14,41,0,5,50,12,0,57,55,55,67,69,124
1,0,7,40,0,3,57,14,0,61,47,47,61,75,122
1,0,7,47,0,3,52,11,0,56,54,54,65,67,121
1,0,7,46,0,3,52,12,0,56,53,53,65,68,121
1,0,10,41,1,3,51,14,0,55,51,52,65,69,121
1,0,7,47,1,4,51,13,0,56,54,55,67,69,124
1,0,8,44,1,2,52,15,0,55,52,53,67,70,123
1,0,8,47,1,3,50,13,0,54,55,56,68,67,123
1,0,7,44,1,2,51,16,0,54,51,52,67,70,122
1,0,7,41,1,4,55,12,0,60,48,49,60,72,121
1,0,6,42,1,5,51,14,0,57,48,49,62,71,120
1,0,8,42,0,3,54,15,0,58,50,50,65,73,123
1,0,9,43,0,2,50,16,0,53,52,52,68,69,121
1,0,9,42,0,5,50,14,0,56,51,51,65,70,121
0,0,0,49,1,3,58,12,0,61,49,50,61,73,123
1,0,7,45,0,4,48,16,0,53,52,52,68,69,121
1,0,6,43,1,3,55,13,0,59,49,50,62,72,122
1,0,0,55,1,3,52,10,0,56,55,56,65,66,122
1,0,9,41,0,2,54,14,0,57,50,50,64,71,121
1,0,8,43,0,3,53,13,0,57,51,51,64,70,121
1,0,6,49,1,3,46,18,0,50,55,56,73,68,124
1,0,9,42,0,3,56,12,0,60,51,51,63,72,123
1,0,7,44,0,3,51,14,0,55,51,51,65,69,120
1,0,0,50,0,3,53,14,0,57,50,50,64,71,121
0,0,0,47,0,3,60,12,0,63,47,47,59,75,122
1,0,0,46,0,2,57,15,0,60,46,46,61,75,121
1,0,9,42,1,2,53,13,0,56,51,52,64,69,121
0,0,0,53,0,5,55,11,0,60,53,53,64,71,124
1,0,8,45,1,1,53,12,0,55,53,54,65,67,121
1,0,7,42,1,4,56,13,0,61,49,50,62,74,124
1,0,8,45,1,2,51,13,0,54,53,54,66,67,121
0,0,8,42,0,3,54,13,0,57,50,50,63,70,120
4,0,11,33,0,4,54,17,0,62,44,44,61,79,123
4,0,6,43,1,3,55,11,0,62,49,50,60,73,123
1,0,9,44,0,3,53,12,0,57,53,53,65,69,122
1,0,10,40,0,4,50,17,0,55,50,50,67,72,122
0,0,9,42,1,5,57,11,0,62,51,52,62,73,125
1,0,8,48,1,4,48,12,0,53,56,57,68,65,122
1,0,6,44,0,4,56,13,0,61,50,50,63,74,124
1,0,9,40,0,2,57,12,0,60,49,49,61,72,121
1,0,6,47,1,5,53,9,0,59,53,54,62,68,122
1,0,7,45,1,1,54,12,0,56,52,53,64,68,121
1,0,8,39,0,4,59,13,0,64,47,47,60,77,124
1,0,12,37,0,4,53,14,0,58,49,49,63,72,121
1,0,6,45,0,4,51,15,0,56,51,51,66,71,122
1,0,7,45,0,2,49,17,0,52,52,52,69,69,121
0,0,11,38,0,3,55,14,0,58,49,49,63,72,121
0,0,11,40,1,4,52,15,0,56,51,52,66,71,123
2,0,6,45,0,2,55,11,0,59,51,51,62,70,121
1,0,8,41,1,2,55,14,0,58,49,50,63,72,122
1,0,7,43,0,4,55,12,0,60,50,50,62,72,122
1,0,9,40,0,3,54,13,0,58,49,49,62,71,120
1,0,6,40,0,2,55,18,0,58,46,46,64,76,122
0,0,9,44,0,2,50,15,0,52,53,53,68,67,120
1,0,8,43,0,5,51,16,0,57,51,51,67,73,124
1,0,11,39,0,6,53,14,0,60,50,50,64,74,124
1,0,6,42,0,3,53,16,0,57,48,48,64,73,121
1,0,10,44,1,3,51,11,0,55,54,55,65,66,121
1,0,7,38,0,5,54,15,0,60,45,45,60,75,120
0,0,0,52,0,3,57,9,0,60,52,52,61,69,121
0,0,7,45,1,2,53,13,0,55,52,53,65,68,121
0,0,7,46,1,5,51,11,0,56,53,54,64,67,121
1,0,11,40,1,2,54,13,0,57,51,52,64,70,122
1,0,7,45,1,4,49,18,0,54,52,53,70,72,125
1,0,6,44,1,4,52,16,0,57,50,51,66,73,124
0,0,6,44,1,4,54,15,0,58,50,51,65,73,124
0,0,9,46,0,2,52,11,0,54,55,55,66,65,120
1,0,9,39,0,5,55,13,0,61,48,48,61,74,122
1,0,11,40,0,3,56,10,0,60,51,51,61,70,121
1,0,9,46,0,2,47,16,0,50,55,55,71,66,121
1,0,9,44,1,2,52,12,0,55,53,54,65,67,121
2,0,9,42,1,2,55,10,0,59,51,52,61,69,121
0,0,7,36,1,3,64,11,0,67,43,44,54,78,122
1,0,6,48,0,6,51,11,0,58,54,54,65,69,123
1,0,6,45,1,4,57,10,0,62,51,52,61,72,124
1,0,7,40,0,2,59,12,0,62,47,47,59,74,121
1,0,7,47,0,2,56,8,0,59,54,54,62,67,121
0,0,9,42,1,3,54,13,0,57,51,52,64,70,122
1,0,7,47,0,3,55,10,0,59,54,54,64,69,123
1,0,10,41,1,3,53,12,0,57,51,52,63,69,121
1,0,8,40,1,2,51,19,0,54,48,49,67,73,122
1,0,7,45,1,3,54,12,0,58,52,53,64,70,123
1,0,8,42,1,3,50,16,0,54,50,51,66,70,121
0,0,8,43,1,2,56,11,0,58,51,52,62,69,121
1,0,7,42,0,4,57,13,0,62,49,49,62,75,124
1,0,7,43,1,5,55,12,0,61,50,51,62,73,124
1,0,7,40,0,5,55,16,0,61,47,47,63,77,124
1,0,7,42,0,4,59,10,0,64,49,49,59,74,123
1,0,7,44,1,5,53,15,0,59,51,52,66,74,126
1,0,7,46,1,2,48,16,0,51,53,54,69,67,121
1,0,8,44,0,4,52,12,0,57,52,52,64,69,121
0,0,8,46,0,2,53,11,0,55,54,54,65,66,120
2,0,0,44,0,5,58,12,0,65,44,44,56,77,121
1,0,7,44,1,3,52,15,0,56,51,52,66,71,123
1,0,10,38,1,2,55,14,0,58,48,49,62,72,121
1,0,9,44,1,3,51,15,0,55,53,54,68,70,124
0,0,0,47,1,3,56,15,0,59,47,48,62,74,122
1,0,8,43,0,3,50,16,0,54,51,51,67,70,121
3,0,9,40,1,4,56,11,0,63,49,50,60,74,124
1,0,8,43,0,4,52,15,0,57,51,51,66,72,123
1,0,8,47,1,3,49,13,0,53,55,56,68,66,122
1,0,10,44,1,3,47,17,0,51,54,55,71,68,123
1,0,6,41,1,2,57,14,0,60,47,48,61,74,122
4,0,8,39,0,5,53,14,0,62,47,47,61,76,123
0,0,12,37,1,4,53,16,0,57,49,50,65,73,123
2,0,8,42,0,2,56,11,0,60,50,50,61,71,121
0,0,12,43,1,1,52,12,0,53,55,56,67,65,121
0,0,9,45,1,4,51,12,0,55,54,55,66,67,122
1,0,7,45,1,2,53,14,0,56,52,53,66,70,123
1,0,0,50,0,3,53,15,0,57,50,50,65,72,122
1,0,8,45,0,4,50,13,0,55,53,53,66,68,121
1,0,7,41,1,2,55,13,0,58,48,49,61,71,120
1,0,9,39,0,3,56,14,0,60,48,48,62,74,122
1,0,7,49,1,2,50,13,0,53,56,57,69,66,123
1,0,10,41,1,2,48,19,0,51,51,52,70,70,122
0,0,9,43,1,5,53,13,0,58,52,53,65,71,124
1,0,7,44,0,1,55,12,0,57,51,51,63,69,120
1,0,0,42,1,3,56,20,0,60,42,43,62,80,123
1,0,8,44,0,3,51,13,0,55,52,52,65,68,120
0,0,11,40,0,2,55,12,0,57,51,51,63,69,120
1,0,9,40,1,3,54,16,0,58,49,50,65,74,124
2,0,0,42,1,2,63,12,0,67,42,43,54,79,122
1,0,10,46,1,4,48,14,0,53,56,57,70,67,124
1,0,7,43,0,3,54,14,0,58,50,50,64,72,122
1,0,7,47,1,4,48,15,0,53,54,55,69,68,123
0,0,7,46,0,2,53,12,0,55,53,53,65,67,120
1,0,12,39,1,2,52,15,0,55,51,52,66,70,122
0,0,11,41,0,4,49,17,0,53,52,52,69,70,122
1,0,8,45,1,3,53,12,0,57,53,54,65,69,123
1,0,7,42,0,2,53,16,0,56,49,49,65,72,121
1,0,7,45,0,2,54,12,0,57,52,52,64,69,121
1,0,0,53,1,4,53,12,0,58,53,54,65,70,124
2,0,0,48,0,3,55,13,0,60,48,48,61,73,121
1,0,7,43,0,3,50,16,0,54,50,50,66,70,120
1,0,7,48,0,4,48,16,0,53,55,55,71,69,124
0,0,8,43,1,3,53,15,0,56,51,52,66,71,123
0,0,11,37,0,5,56,15,0,61,48,48,63,76,124
1,0,0,50,0,4,55,13,0,60,50,50,63,73,123
3,0,7,39,1,2,56,13,0,61,46,47,59,74,121
1,0,10,37,1,5,52,19,0,58,47,48,66,77,125
1,0,0,47,0,4,54,14,0,59,47,47,61,73,120
1,0,6,47,0,4,56,9,0,61,53,53,62,70,123
1,0,0,43,1,3,58,16,0,62,43,44,59,78,122
1,0,9,43,0,3,56,10,0,60,52,52,62,70,122
2,0,9,42,1,3,51,15,0,56,51,52,66,71,123
1,0,12,39,1,2,54,12,0,57,51,52,63,69,121
1,0,8,45,0,2,52,14,0,55,53,53,67,69,122
0,0,15,37,1,6,51,11,0,57,52,53,63,68,121
1,0,0,48,0,2,56,14,0,59,48,48,62,73,121
1,0,0,47,1,2,59,13,0,62,47,48,60,75,123
0,0,7,44,1,2,54,13,0,56,51,52,64,69,121
1,0,9,46,1,2,49,15,0,52,55,56,70,67,123
1,0,0,47,0,3,59,11,0,63,47,47,58,74,121
1,0,6,42,1,4,53,17,0,58,48,49,65,75,124
1,0,12,42,0,3,51,12,0,55,54,54,66,67,121
1,0,7,43,0,4,52,15,0,57,50,50,65,72,122
1,0,7,45,1,0,54,13,0,55,52,53,65,68,121
1,0,9,39,1,4,54,17,0,59,48,49,65,76,125
1,0,10,42,0,2,52,13,0,55,52,52,65,68,120
1,0,9,40,0,2,58,11,0,61,49,49,60,72,121
1,0,8,45,0,4,51,14,0,56,53,53,67,70,123
1,0,7,44,1,4,55,13,0,60,51,52,64,73,125
0,0,0,49,0,3,55,15,0,58,49,49,64,73,122
0,0,7,44,0,3,55,13,0,58,51,51,64,71,122
0,0,8,45,0,2,50,15,0,52,53,53,68,67,120
1,0,9,46,1,3,50,13,0,54,55,56,68,67,123
2,0,10,38,0,3,59,10,0,64,48,48,58,74,122
0,0,7,41,1,3,56,13,0,59,48,49,61,72,121
0,0,10,41,1,3,54,13,0,57,51,52,64,70,122
1,0,8,40,1,5,59,10,0,65,48,49,58,75,124
1,0,0,44,0,4,59,15,0,64,44,44,59,79,123
2,0,10,39,1,4,56,12,0,62,49,50,61,74,124
1,0,6,45,1,4,52,14,0,57,51,52,65,71,123
1,0,7,44,1,2,52,16,0,55,51,52,67,71,123
1,0,6,41,1,3,56,16,0,60,47,48,63,76,124
1,0,9,42,1,3,54,12,0,58,51,52,63,70,122
3,0,8,38,0,3,55,15,0,61,46,46,61,76,122
1,0,12,40,0,3,49,16,0,53,52,52,68,69,121
1,0,7,43,1,2,55,13,0,58,50,51,63,71,122
1,0,6,46,1,3,55,10,0,59,52,53,62,69,122
0,0,8,43,0,2,53,15,0,55,51,51,66,70,121
0,0,9,43,0,4,50,14,0,54,52,52,66,68,120
1,0,6,46,1,2,52,14,0,55,52,53,66,69,122
1,0,10,41,1,2,55,13,0,58,51,52,64,71,123
1,0,10,39,1,2,55,13,0,58,49,50,62,71,121
1,0,7,44,1,2,55,12,0,58,51,52,63,70,122
0,0,7,47,0,2,50,14,0,52,54,54,68,66,120
1,0,10,37,0,5,52,19,0,58,47,47,66,77,124
1,0,0,48,0,3,54,15,0,58,48,48,63,73,121
0,0,6,46,1,3,55,12,0,58,52,53,64,70,123
1,0,8,42,1,3,57,10,0,61,50,51,60,71,122
0,0,8,36,1,3,60,14,0,63,44,45,58,77,122
0,0,10,41,1,2,57,11,0,59,51,52,62,70,122
1,0,9,42,0,3,57,11,0,61,51,51,62,72,123
1,0,10,40,1,4,54,13,0,59,50,51,63,72,123
2,0,13,35,1,2,57,12,0,61,48,49,60,73,122
1,0,0,47,0,1,57,15,0,59,47,47,62,74,121
1,0,6,45,1,2,52,14,0,55,51,52,65,69,121
1,0,7,42,1,2,57,12,0,60,49,50,61,72,122
1,0,8,42,1,2,52,16,0,55,50,51,66,71,122
0,0,9,45,0,5,50,15,0,55,54,54,69,70,124
1,0,6,43,0,3,55,15,0,59,49,49,64,74,123
1,0,0,46,1,4,62,10,0,67,46,47,56,77,124
0,0,6,45,0,1,54,14,0,55,51,51,65,69,120
2,0,9,43,0,4,51,14,0,57,52,52,66,71,123
1,0,0,50,0,5,54,15,0,60,50,50,65,75,125
1,0,9,40,0,3,55,14,0,59,49,49,63,73,122
1,0,9,45,1,3,53,10,0,57,54,55,64,67,122
1,0,7,40,0,4,55,15,0,60,47,47,62,75,122
0,0,8,46,0,4,51,14,0,55,54,54,68,69,123
0,0,7,42,1,1,57,13,0,58,49,50,62,71,121
1,0,7,43,1,3,52,15,0,56,50,51,65,71,122
0,0,6,42,0,5,57,12,0,62,48,48,60,74,122
0,0,6,44,0,4,55,13,0,59,50,50,63,72,122
0,0,8,43,1,3,52,15,0,55,51,52,66,70,122
1,0,9,38,0,1,58,14,0,60,47,47,61,74,121
1,0,7,42,1,4,52,16,0,57,49,50,65,73,123
2,0,7,42,1,4,54,13,0,60,49,50,62,73,123
2,0,10,35,1,2,56,15,0,60,45,46,60,75,121
1,0,9,42,0,3,55,13,0,59,51,51,64,72,123
1,0,8,44,1,4,49,16,0,54,52,53,68,70,123
1,0,6,46,1,4,51,16,0,56,52,53,68,72,125
0,0,10,39,0,4,56,13,0,60,49,49,62,73,122
1,0,7,45,1,2,52,14,0,55,52,53,66,69,122
0,0,7,43,0,2,51,18,0,53,50,50,68,71,121
0,0,7,42,1,4,55,15,0,59,49,50,64,74,124
2,0,7,46,0,3,46,17,0,51,53,53,70,68,121
2,0,10,37,1,3,53,16,0,58,47,48,63,74,122
0,0,7,45,0,5,55,10,0,60,52,52,62,70,122
2,0,8,41,1,3,54,14,0,59,49,50,63,73,123
1,0,8,39,0,4,55,15,0,60,47,47,62,75,122
1,0,0,57,1,3,48,14,0,52,57,58,71,66,124
1,0,8,36,1,5,60,11,0,66,44,45,55,77,122
1,0,7,41,0,3,58,12,0,62,48,48,60,74,122
1,0,9,44,0,2,48,16,0,51,53,53,69,67,120
1,0,9,40,1,3,56,13,0,60,49,50,62,73,123
1,0,6,43,1,2,56,12,0,59,49,50,61,71,121
0,0,7,43,1,3,51,17,0,54,50,51,67,71,122
1,0,10,42,1,2,54,12,0,57,52,53,64,69,122
1,0,0,51,1,3,56,11,0,60,51,52,62,71,123
1,0,8,37,1,2,56,15,0,59,45,46,60,74,120
1,0,6,44,1,2,56,12,0,59,50,51,62,71,122
1,0,8,42,1,4,56,10,0,61,50,51,60,71,122
1,0,7,48,0,5,49,14,0,55,55,55,69,69,124
1,0,0,49,0,2,54,14,0,57,49,49,63,71,120
1,0,8,45,0,4,48,18,0,53,53,53,71,71,124
0,0,0,51,0,4,54,13,0,58,51,51,64,71,122
1,0,10,39,1,5,50,17,0,56,49,50,66,73,123
1,0,6,44,1,2,53,15,0,56,50,51,65,71,122
1,0,7,45,0,4,53,14,0,58,52,52,66,72,124
2,0,10,37,0,3,55,14,0,60,47,47,61,74,121
1,0,8,45,0,4,51,13,0,56,53,53,66,69,122
2,0,0,47,1,4,55,14,0,61,47,48,61,75,123
1,0,9,44,0,2,54,10,0,57,53,53,63,67,120
1,0,0,52,1,3,54,12,0,58,52,53,64,70,123
1,0,7,49,0,5,47,16,0,53,56,56,72,69,125
1,0,11,40,1,2,48,19,0,51,51,52,70,70,122
1,0,7,46,0,3,52,12,0,56,53,53,65,68,121
1,0,8,48,1,4,50,12,0,55,56,57,68,67,124
1,0,7,47,1,3,47,16,0,51,54,55,70,67,122
1,0,0,47,0,3,56,13,0,60,47,47,60,73,120
1,0,7,46,1,1,54,12,0,56,53,54,65,68,122
1,0,10,40,1,8,47,14,0,56,50,51,64,70,121
1,0,9,36,1,2,55,18,0,58,45,46,63,76,122
1,0,8,46,0,3,50,13,0,54,54,54,67,67,121
3,0,9,39,1,4,54,14,0,61,48,49,62,75,124
0,0,8,42,1,3,51,16,0,54,50,51,66,70,121
6,0,10,42,1,2,51,10,0,59,52,53,62,69,122
1,0,0,47,0,3,59,12,0,63,47,47,59,75,122
1,0,10,41,1,4,53,11,0,58,51,52,62,69,121
1,0,8,40,0,5,58,12,0,64,48,48,60,76,124
2,0,10,39,0,4,52,14,0,58,49,49,63,72,121
0,0,6,43,0,2,59,11,0,61,49,49,60,72,121
0,0,7,41,0,3,55,15,0,58,48,48,63,73,121
1,0,9,37,1,3,57,15,0,61,46,47,61,76,123
1,0,8,43,0,3,53,13,0,57,51,51,64,70,121
1,0,6,43,1,4,52,17,0,57,49,50,66,74,124
1,0,7,45,0,2,52,15,0,55,52,52,67,70,122
1,0,7,45,1,3,52,13,0,56,52,53,65,69,122
2,0,0,47,1,2,59,10,0,63,47,48,57,73,121
2,0,8,40,0,3,57,11,0,62,48,48,59,73,121
1,0,9,44,1,2,52,12,0,55,53,54,65,67,121
1,0,6,40,0,4,58,14,0,63,46,46,60,77,123
1,0,12,38,0,2,51,16,0,54,50,50,66,70,120
1,0,9,41,1,3,54,12,0,58,50,51,62,70,121
1,0,0,49,1,2,55,13,0,58,49,50,62,71,121
0,0,8,40,1,3,54,14,0,57,48,49,62,71,120
1,0,7,44,0,2,51,17,0,54,51,51,68,71,122
1,0,9,43,1,5,52,13,0,58,52,53,65,71,124
1,0,8,42,2,4,54,13,0,59,50,52,63,72,124
1,0,0,50,0,4,55,12,0,60,50,50,62,72,122
1,0,9,43,1,3,56,9,0,60,52,53,61,69,122
1,0,8,44,0,3,50,16,0,54,52,52,68,70,122
1,0,7,46,1,2,52,13,0,55,53,54,66,68,122
1,0,8,44,1,2,49,17,0,52,52,53,69,69,122
2,0,9,39,1,4,51,17,0,57,48,49,65,74,123
0,0,10,37,1,2,59,13,0,61,47,48,60,74,122
0,0,8,45,1,5,53,12,0,58,53,54,65,70,124
1,0,10,42,1,3,55,12,0,59,52,53,64,71,124
1,0,10,37,0,4,54,16,0,59,47,47,63,75,122
0,0,8,44,1,3,56,11,0,59,52,53,63,70,123
2,0,8,39,1,4,58,11,0,64,47,48,58,75,123
1,0,7,43,0,2,56,12,0,59,50,50,62,71,121
1,0,8,41,0,2,54,15,0,57,49,49,64,72,121
1,0,7,42,1,3,57,13,0,61,49,50,62,74,124
1,0,7,43,1,2,52,17,0,55,50,51,67,72,123
1,0,7,46,0,3,53,13,0,57,53,53,66,70,123
1,0,12,39,0,3,52,15,0,56,51,51,66,71,122
1,0,8,44,1,4,54,12,0,59,52,53,64,71,124
2,0,10,39,1,2,53,14,0,57,49,50,63,71,121
1,0,7,44,1,2,52,15,0,55,51,52,66,70,122
1,0,10,38,1,3,57,13,0,61,48,49,61,74,123
1,0,0,49,0,4,56,12,0,61,49,49,61,73,122
1,0,7,45,0,5,50,15,0,56,52,52,67,71,123
1,0,9,42,1,4,52,13,0,57,51,52,64,70,122
0,0,8,38,1,2,56,17,0,58,46,47,63,75,122
1,0,8,43,1,5,51,16,0,57,51,52,67,73,125
0,0,7,43,1,1,53,16,0,54,50,51,66,70,121
1,0,7,45,1,5,54,10,0,60,52,53,62,70,123
2,0,9,38,1,6,54,17,0,62,47,48,64,79,127
2,0,6,47,0,4,51,10,0,57,53,53,63,67,120
0,0,10,45,0,4,48,15,0,52,55,55,70,67,122
1,0,9,36,1,4,58,15,0,63,45,46,60,78,124
1,0,7,39,0,2,59,13,0,62,46,46,59,75,121
1,0,9,42,1,4,52,13,0,57,51,52,64,70,122
1,0,10,42,0,2,52,14,0,55,52,52,66,69,121
1,0,7,43,1,3,56,12,0,60,50,51,62,72,123
1,0,9,41,1,4,56,12,0,61,50,51,62,73,124
3,0,10,38,1,3,55,13,0,61,48,49,61,74,123
1,0,0,47,1,2,54,18,0,57,47,48,65,75,123
1,0,7,44,1,3,51,16,0,55,51,52,67,71,123
0,0,10,39,1,4,54,16,0,58,49,50,65,74,124
1,0,9,41,1,4,54,15,0,59,50,51,65,74,125
1,0,9,38,1,5,58,11,0,64,47,48,58,75,123
1,0,0,45,1,3,61,13,0,65,45,46,58,78,124
1,0,8,42,1,2,56,11,0,59,50,51,61,70,121
1,0,7,44,0,4,51,17,0,56,51,51,68,73,124
1,0,10,44,1,2,49,14,0,52,54,55,68,66,121
1,0,14,38,1,2,50,16,0,53,52,53,68,69,122
1,0,9,42,1,5,51,16,0,57,51,52,67,73,125
1,0,9,45,1,4,48,17,0,53,54,55,71,70,125
1,0,10,42,1,3,51,15,0,55,52,53,67,70,123
1,0,7,43,1,2,54,14,0,57,50,51,64,71,122
0,0,0,44,1,4,56,17,0,60,44,45,61,77,122
0,0,10,42,1,2,52,14,0,54,52,53,66,68,121
1,0,9,44,0,1,51,14,0,53,53,53,67,67,120
1,0,0,51,1,5,52,15,0,58,51,52,66,73,125
0,0,0,47,1,4,57,12,0,61,47,48,59,73,121
1,0,8,41,1,0,55,16,0,56,49,50,65,72,122
1,0,8,43,1,2,51,15,0,54,51,52,66,69,121
1,0,7,46,1,3,53,11,0,57,53,54,64,68,122
1,0,12,39,1,2,54,11,0,57,51,52,62,68,120
0,0,7,43,0,5,57,11,0,62,50,50,61,73,123
1,0,0,45,1,3,57,16,0,61,45,46,61,77,123
1,0,10,41,1,4,48,19,0,53,51,52,70,72,124
1,0,8,41,0,2,56,13,0,59,49,49,62,72,121
2,0,0,46,1,3,59,10,0,64,46,47,56,74,121
1,0,7,44,0,4,51,17,0,56,51,51,68,73,124
1,0,9,37,1,2,56,16,0,59,46,47,62,75,122
1,0,7,49,1,3,49,12,0,53,56,57,68,65,122
1,0,7,47,0,2,50,14,0,53,54,54,68,67,121
1,0,6,46,0,4,53,13,0,58,52,52,65,71,123
0,0,6,46,0,4,53,13,0,57,52,52,65,70,122
0,0,11,38,1,3,53,16,0,56,49,50,65,72,122
0,0,7,48,0,2,49,14,0,51,55,55,69,65,120
1,0,8,43,0,5,52,16,0,58,51,51,67,74,125
1,0,12,37,1,3,56,13,0,60,49,50,62,73,123
1,0,8,46,0,2,47,17,0,50,54,54,71,67,121
1,0,0,45,0,3,58,15,0,62,45,45,60,77,122
0,0,6,46,0,2,54,12,0,56,52,52,64,68,120
1,0,0,51,0,3,52,13,0,56,51,51,64,69,120
1,0,8,48,0,4,50,13,0,55,56,56,69,68,124
1,0,6,46,0,4,54,13,0,59,52,52,65,72,124
1,0,7,44,1,2,54,13,0,57,51,52,64,70,122
1,0,9,44,0,3,51,12,0,55,53,53,65,67,120
0,0,10,43,0,4,50,15,0,54,53,53,68,69,122
1,0,10,38,1,5,53,16,0,59,48,49,64,75,124
1,0,7,44,1,4,53,12,0,58,51,52,63,70,122
0,0,9,44,1,4,49,17,0,53,53,54,70,70,124
2,0,8,42,1,4,55,10,0,61,50,51,60,71,122
1,0,7,45,0,3,53,12,0,57,52,52,64,69,121
1,0,10,43,1,2,49,15,0,52,53,54,68,67,121
1,0,7,43,0,4,56,13,0,61,50,50,63,74,124
1,0,8,41,1,3,52,17,0,56,49,50,66,73,123
1,0,9,38,1,2,57,13,0,60,47,48,60,73,121
0,0,7,42,0,3,54,15,0,57,49,49,64,72,121
1,0,8,44,1,3,51,14,0,55,52,53,66,69,122
1,0,9,46,1,5,51,12,0,57,55,56,67,69,125
0,0,0,48,0,4,57,12,0,61,48,48,60,73,121
0,0,9,37,0,3,58,16,0,61,46,46,62,77,123
1,0,7,44,1,2,51,16,0,54,51,52,67,70,122
0,0,9,40,0,3,56,13,0,59,49,49,62,72,121
0,0,10,38,1,3,55,14,0,58,48,49,62,72,121
1,0,6,46,1,3,54,11,0,58,52,53,63,69,122
1,0,7,42,1,3,59,10,0,63,49,50,59,73,123
1,0,10,47,0,3,44,17,0,48,57,57,74,65,122
0,0,8,44,1,4,52,15,0,56,52,53,67,71,124
1,0,7,40,1,4,53,18,0,58,47,48,65,76,124
1,0,8,45,0,0,54,13,0,55,53,53,66,68,121
1,0,9,40,0,2,56,12,0,59,49,49,61,71,120
1,0,8,44,0,2,54,12,0,57,52,52,64,69,121
2,0,7,44,1,4,52,12,0,58,51,52,63,70,122
1,0,9,43,1,3,52,15,0,56,52,53,67,71,124
1,0,8,44,0,4,53,12,0,58,52,52,64,70,122
1,0,10,40,1,4,55,14,0,60,50,51,64,74,125
1,0,7,46,0,0,49,18,0,50,53,53,71,68,121
1,0,8,47,0,3,51,12,0,55,55,55,67,67,122
1,0,7,48,1,4,49,14,0,54,55,56,69,68,124
1,0,10,42,0,4,53,14,0,58,52,52,66,72,124
1,0,7,43,0,4,58,10,0,63,50,50,60,73,123
2,0,0,48,1,2,53,16,0,57,48,49,64,73,122
1,0,7,42,1,2,54,14,0,57,49,50,63,71,121
1,0,7,43,0,5,54,14,0,60,50,50,64,74,124
1,0,9,38,2,2,55,14,0,58,47,49,61,72,121
0,0,8,39,1,3,53,18,0,56,47,48,65,74,122
1,0,8,43,0,2,51,15,0,54,51,51,66,69,120
0,0,0,46,1,4,61,11,0,65,46,47,57,76,123
1,0,8,42,0,4,54,13,0,59,50,50,63,72,122
1,0,9,41,0,2,56,12,0,59,50,50,62,71,121
1,0,0,49,1,2,58,11,0,61,49,50,60,72,122
1,0,10,39,1,3,54,14,0,58,49,50,63,72,122
1,0,8,41,0,2,52,17,0,55,49,49,66,72,121
1,0,11,41,0,2,55,11,0,58,52,52,63,69,121
2,0,0,46,0,3,57,12,0,62,46,46,58,74,120
1,0,8,41,1,3,56,11,0,60,49,50,60,71,121
0,0,9,42,0,2,53,14,0,55,51,51,65,69,120
0,0,9,38,1,5,56,14,0,61,47,48,61,75,123
2,0,7,43,1,5,54,12,0,61,50,51,62,73,124
0,0,11,40,1,2,54,14,0,56,51,52,65,70,122
1,0,7,43,0,3,54,14,0,58,50,50,64,72,122
1,0,11,44,1,2,48,14,0,51,55,56,69,65,121
1,0,11,39,0,3,49,18,0,53,50,50,68,71,121
2,0,9,39,0,4,56,13,0,62,48,48,61,75,123
1,0,7,42,1,2,54,15,0,57,49,50,64,72,122
1,0,10,43,0,2,51,14,0,54,53,53,67,68,121
1,0,8,36,1,3,58,17,0,62,44,45,61,79,124
1,0,0,50,0,2,55,13,0,58,50,50,63,71,121
1,0,10,39,1,2,49,19,0,52,49,50,68,71,121
0,0,8,38,0,3,57,15,0,60,46,46,61,75,121
0,0,8,45,1,4,53,11,0,57,53,54,64,68,122
1,0,7,42,0,4,55,14,0,60,49,49,63,74,123
1,0,7,42,1,3,54,14,0,58,49,50,63,72,122
1,0,9,44,1,5,51,14,0,57,53,54,67,71,125
0,0,0,46,1,4,59,13,0,63,46,47,59,76,123
1,0,9,40,0,5,56,12,0,62,49,49,61,74,123
0,0,8,45,1,2,52,13,0,54,53,54,66,67,121
1,0,8,46,1,5,51,13,0,57,54,55,67,70,125
1,0,7,41,0,5,56,15,0,62,48,48,63,77,125
1,0,10,38,0,1,59,12,0,61,48,48,60,73,121
1,0,8,43,1,1,51,16,0,53,51,52,67,69,121
1,0,8,43,0,4,54,13,0,59,51,51,64,72,123
1,0,7,41,1,4,56,14,0,61,48,49,62,75,124
1,0,7,42,0,4,57,12,0,62,49,49,61,74,123
1,0,8,46,1,2,52,12,0,55,54,55,66,67,122
0,0,8,41,0,3,58,12,0,61,49,49,61,73,122
0,0,7,41,1,2,54,17,0,56,48,49,65,73,122
0,0,8,43,1,3,50,16,0,53,51,52,67,69,121
1,0,10,43,1,2,49,15,0,52,53,54,68,67,121
1,0,8,39,0,5,54,15,0,60,47,47,62,75,122
1,0,8,41,1,3,55,15,0,59,49,50,64,74,124
1,0,8,43,1,4,50,15,0,55,51,52,66,70,122
0,0,8,43,1,5,51,17,0,56,51,52,68,73,125
0,0,7,38,0,3,61,13,0,64,45,45,58,77,122
2,0,8,41,0,4,56,12,0,62,49,49,61,74,123
1,0,6,44,1,2,58,10,0,61,50,51,60,71,122
1,0,9,40,1,3,51,17,0,55,49,50,66,72,122
1,0,8,44,0,0,54,13,0,55,52,52,65,68,120
1,0,7,44,1,3,52,14,0,56,51,52,65,70,122
1,0,7,39,1,4,55,16,0,60,46,47,62,76,123
1,0,10,40,1,5,52,17,0,58,50,51,67,75,126
1,0,0,50,1,4,54,13,0,59,50,51,63,72,123
2,0,9,42,0,2,50,16,0,54,51,51,67,70,121
1,0,9,42,1,1,55,11,0,57,51,52,62,68,120
1,0,8,42,0,3,52,16,0,56,50,50,66,72,122
0,0,8,42,1,0,57,13,0,57,50,51,63,70,121
1,0,9,45,1,2,48,15,0,51,54,55,69,66,121
2,0,0,52,1,3,49,14,0,54,52,53,66,68,121
1,0,7,43,1,4,51,16,0,56,50,51,66,72,123
1,0,9,42,0,4,49,19,0,54,51,51,70,73,124
1,0,12,40,0,2,51,14,0,54,52,52,66,68,120
0,0,0,48,1,3,59,11,0,62,48,49,59,73,122
1,0,8,43,0,3,55,12,0,59,51,51,63,71,122
3,0,8,41,0,6,54,13,0,63,49,49,62,76,125
3,0,0,46,0,6,56,14,0,65,46,46,60,79,125
1,0,10,41,1,5,55,12,0,61,51,52,63,73,125
1,0,0,52,0,3,54,11,0,58,52,52,63,69,121
1,0,9,42,0,3,52,13,0,56,51,51,64,69,120
4,0,6,41,1,3,57,10,0,64,47,48,57,74,122
1,0,7,41,0,2,54,15,0,57,48,48,63,72,120
1,0,9,41,1,2,54,14,0,57,50,51,64,71,122
1,0,7,44,0,3,53,14,0,57,51,51,65,71,122
1,0,6,47,1,3,49,16,0,53,53,54,69,69,123
0,0,8,44,0,4,54,13,0,58,52,52,65,71,123
1,0,8,46,1,5,50,14,0,56,54,55,68,70,125
1,0,7,42,0,4,56,13,0,61,49,49,62,74,123
2,0,10,38,0,3,52,15,0,57,48,48,63,72,120
1,0,10,39,0,3,54,16,0,58,49,49,65,74,123
1,0,7,44,0,2,52,14,0,55,51,51,65,69,120
0,0,8,45,0,4,50,15,0,54,53,53,68,69,122
1,0,7,42,0,0,56,14,0,57,49,49,63,71,120
0,0,7,49,0,5,47,15,0,52,56,56,71,67,123
1,0,8,44,1,3,51,14,0,55,52,53,66,69,122
1,0,10,42,1,2,56,9,0,59,52,53,61,68,121
0,0,0,49,0,3,53,16,0,56,49,49,65,72,121
1,0,7,43,1,2,55,13,0,58,50,51,63,71,122
0,0,7,42,1,4,59,11,0,63,49,50,60,74,124
2,0,7,40,1,2,59,11,0,63,47,48,58,74,122
0,0,12,36,1,4,54,14,0,58,48,49,62,72,121
2,0,0,49,0,4,56,12,0,62,49,49,61,74,123
2,0,7,43,0,3,49,16,0,54,50,50,66,70,120
1,0,7,43,0,3,52,15,0,56,50,50,65,71,121
1,0,8,41,1,2,51,18,0,54,49,50,67,72,122
1,0,8,45,0,5,55,10,0,61,53,53,63,71,124
1,0,10,46,0,3,49,14,0,53,56,56,70,67,123
1,0,8,42,1,4,56,9,0,61,50,51,59,70,121
0,0,10,44,1,2,51,13,0,53,54,55,67,66,121
1,0,7,37,1,3,57,14,0,61,44,45,58,75,120
0,0,8,39,2,2,56,14,0,58,47,49,61,72,121
0,0,8,47,1,4,51,12,0,55,55,56,67,67,123
0,0,7,47,1,3,54,10,0,57,54,55,64,67,122
1,0,8,42,0,2,52,15,0,55,50,50,65,70,120
1,0,9,45,1,3,52,11,0,56,54,55,65,67,122
1,0,6,47,1,3,54,11,0,58,53,54,64,69,123
1,0,6,44,1,4,52,13,0,57,50,51,63,70,121
1,0,7,39,0,3,57,14,0,61,46,46,60,75,121
1,0,10,39,1,3,53,17,0,57,49,50,66,74,124
1,0,8,41,0,5,55,12,0,61,49,49,61,73,122
0,0,0,44,1,2,61,13,0,63,44,45,57,76,121
1,0,6,45,1,3,52,15,0,56,51,52,66,71,123
1,0,10,38,0,4,52,18,0,57,48,48,66,75,123
1,0,8,44,0,6,54,11,0,61,52,52,63,72,124
1,0,9,44,0,3,53,11,0,57,53,53,64,68,121
1,0,8,45,1,5,51,15,0,57,53,54,68,72,126
0,0,8,45,0,2,52,14,0,54,53,53,67,68,121
1,0,7,43,0,4,57,12,0,62,50,50,62,74,124
1,0,6,41,0,2,58,13,0,61,47,47,60,74,121
1,0,6,43,1,5,54,15,0,60,49,50,64,75,125
1,0,11,41,0,2,54,13,0,57,52,52,65,70,122
1,0,9,44,1,3,50,13,0,54,53,54,66,67,121
1,0,7,43,0,4,51,14,0,56,50,50,64,70,120
1,0,7,50,0,3,48,14,0,52,57,57,71,66,123
2,0,8,39,1,3,57,12,0,62,47,48,59,74,122
1,0,10,43,1,4,51,12,0,56,53,54,65,68,122
1,0,8,41,0,3,56,13,0,60,49,49,62,73,122
1,0,9,39,1,4,54,16,0,59,48,49,64,75,124
1,0,6,47,0,2,55,11,0,58,53,53,64,69,122
1,0,7,42,1,1,56,13,0,58,49,50,62,71,121
1,0,8,43,0,4,55,11,0,60,51,51,62,71,122
1,0,7,42,0,3,53,15,0,57,49,49,64,72,121
1,0,8,41,0,4,57,12,0,62,49,49,61,74,123
1,0,8,43,1,3,49,16,0,53,51,52,67,69,121
1,0,0,50,1,3,54,13,0,58,50,51,63,71,122
1,0,6,45,1,3,54,13,0,58,51,52,64,71,123
0,0,8,38,1,1,59,13,0,60,46,47,59,73,120
3,0,0,48,0,3,55,11,0,61,48,48,59,72,120
1,0,11,42,1,1,52,13,0,54,53,54,66,67,121
1,0,8,44,1,4,50,14,0,55,52,53,66,69,122
1,0,9,41,1,2,58,11,0,61,50,51,61,72,123
1,0,9,43,1,3,53,12,0,57,52,53,64,69,122
1,0,7,46,0,2,51,14,0,54,53,53,67,68,121
1,0,9,44,1,4,54,11,0,59,53,54,64,70,124
1,0,10,41,1,5,54,12,0,60,51,52,63,72,124
1,0,13,37,0,3,52,16,0,56,50,50,66,72,122
0,0,7,45,1,3,54,11,0,57,52,53,63,68,121
1,0,8,44,0,4,52,14,0,57,52,52,66,71,123
0,0,10,38,0,4,54,17,0,58,48,48,65,75,123
1,0,8,41,0,3,56,13,0,60,49,49,62,73,122
1,0,8,42,0,5,53,14,0,59,50,50,64,73,123
1,0,14,41,0,4,49,14,0,54,55,55,69,68,123
4,0,9,39,1,3,53,13,0,60,48,49,61,73,122
1,0,9,44,0,3,51,13,0,55,53,53,66,68,121
1,0,6,51,0,4,50,12,0,55,57,57,69,67,124
1,0,9,44,0,2,54,10,0,57,53,53,63,67,120
1,0,6,42,1,2,54,16,0,57,48,49,64,73,122
1,0,6,43,0,3,52,17,0,56,49,49,66,73,122
1,0,8,46,1,3,49,13,0,53,54,55,67,66,121
2,0,0,40,0,5,55,18,0,62,40,40,58,80,120
1,0,7,45,1,3,53,12,0,57,52,53,64,69,122
1,0,8,42,1,3,52,16,0,56,50,51,66,72,123
1,0,7,45,0,1,52,14,0,54,52,52,66,68,120
1,0,0,43,0,3,62,13,0,66,43,43,56,79,122
1,0,7,41,1,3,56,13,0,60,48,49,61,73,122
2,0,10,38,0,4,54,15,0,60,48,48,63,75,123
1,0,8,43,1,3,55,13,0,59,51,52,64,72,124
1,0,10,42,0,2,48,17,0,51,52,52,69,68,120
2,0,7,40,1,5,56,10,0,63,47,48,57,73,121
1,0,0,47,1,2,57,13,0,60,47,48,60,73,121
1,0,0,49,1,3,58,12,0,62,49,50,61,74,124
1,0,6,49,1,2,50,12,0,53,55,56,67,65,121
0,0,8,47,0,4,52,12,0,56,55,55,67,68,123
1,0,12,35,1,2,55,16,0,58,47,48,63,74,122
0,0,10,40,1,5,52,16,0,57,50,51,66,73,124
2,0,0,48,0,6,55,14,0,63,48,48,62,77,125
1,0,8,40,1,2,59,11,0,62,48,49,59,73,122
1,0,9,44,1,3,53,13,0,57,53,54,66,70,124
1,0,7,44,1,3,50,14,0,54,51,52,65,68,120
1,0,13,41,0,3,48,15,0,52,54,54,69,67,121
0,0,8,43,0,3,54,13,0,57,51,51,64,70,121
1,0,9,43,0,3,53,12,0,57,52,52,64,69,121
2,0,9,39,0,3,55,13,0,60,48,48,61,73,121
1,0,0,47,0,5,52,15,0,58,47,47,62,73,120
1,0,7,42,1,4,51,17,0,56,49,50,66,73,123
1,0,13,40,0,3,53,13,0,57,53,53,66,70,123
1,0,7,43,1,3,57,10,0,61,50,51,60,71,122
1,0,10,42,1,3,50,16,0,54,52,53,68,70,123
1,0,7,45,0,3,54,12,0,58,52,52,64,70,122
1,0,9,41,1,3,47,21,0,51,50,51,71,72,123
1,0,11,39,0,2,56,12,0,59,50,50,62,71,121
1,0,8,35,0,4,60,15,0,65,43,43,58,80,123
1,0,0,49,1,4,58,11,0,63,49,50,60,74,124
1,0,0,43,0,5,61,14,0,67,43,43,57,81,124
1,0,0,50,1,4,51,14,0,56,50,51,64,70,121
1,0,11,37,2,3,52,16,0,56,48,50,64,72,122
1,0,12,40,0,3,52,13,0,56,52,52,65,69,121
1,0,7,45,1,2,51,14,0,54,52,53,66,68,121
2,0,12,36,0,4,58,11,0,64,48,48,59,75,123
1,0,6,44,1,2,56,12,0,59,50,51,62,71,122
1,0,7,45,0,2,53,12,0,56,52,52,64,68,120
2,0,6,48,0,3,54,9,0,59,54,54,63,68,122
1,0,6,46,1,1,53,13,0,55,52,53,65,68,121
10,0,8,39,1,4,46,15,0,60,47,48,62,75,123
2,0,6,45,0,2,48,17,0,52,51,51,68,69,120
0,0,0,47,0,1,59,13,0,60,47,47,60,73,120
1,0,10,40,0,3,54,14,0,58,50,50,64,72,122
1,0,6,44,1,5,54,10,0,60,50,51,60,70,121
1,0,6,49,1,5,54,9,0,60,55,56,64,69,125
1,0,9,44,0,4,52,14,0,57,53,53,67,71,124
2,0,10,42,1,2,47,17,0,51,52,53,69,68,121
1,0,8,41,0,4,56,12,0,61,49,49,61,73,122
1,0,8,41,0,3,55,13,0,59,49,49,62,72,121
1,0,10,38,0,5,59,11,0,65,48,48,59,76,124
1,0,6,44,0,3,51,16,0,55,50,50,66,71,121
1,0,7,46,1,2,50,15,0,53,53,54,68,68,122
1,0,6,46,0,4,57,9,0,62,52,52,61,71,123
1,0,9,41,1,4,53,15,0,58,50,51,65,73,124
1,0,11,39,0,4,54,15,0,59,50,50,65,74,124
2,0,8,43,1,5,50,15,0,57,51,52,66,72,124
1,0,7,45,1,3,51,14,0,55,52,53,66,69,122
0,0,7,40,0,3,59,11,0,62,47,47,58,73,120
0,0,0,43,1,4,62,14,0,66,43,44,57,80,124
1,0,7,45,0,4,52,13,0,57,52,52,65,70,122
1,0,9,41,1,5,50,17,0,56,50,51,67,73,124
1,0,9,42,1,1,55,12,0,57,51,52,63,69,121
2,0,9,43,0,2,51,13,0,55,52,52,65,68,120
0,0,8,40,0,2,56,15,0,58,48,48,63,73,121
0,0,8,42,0,2,52,16,0,54,50,50,66,70,120
4,0,7,44,0,4,53,11,0,61,51,51,62,72,123
1,0,9,41,1,3,53,14,0,57,50,51,64,71,122
0,0,0,51,1,3,55,13,0,58,51,52,64,71,123
1,0,8,42,1,4,52,16,0,57,50,51,66,73,124
1,0,0,51,0,2,52,14,0,55,51,51,65,69,120
1,0,7,50,1,2,48,13,0,51,57,58,70,64,122
1,0,8,44,0,4,45,22,0,50,52,52,74,72,124
1,0,10,39,0,2,51,17,0,54,49,49,66,71,120
1,0,7,42,1,3,60,9,0,64,49,50,58,73,123
2,0,9,40,0,2,54,13,0,58,49,49,62,71,120
1,0,0,46,0,2,54,17,0,57,46,46,63,74,120
1,0,0,48,1,3,53,17,0,57,48,49,65,74,123
2,0,8,39,1,5,56,13,0,63,47,48,60,76,124
1,0,8,43,1,2,51,15,0,54,51,52,66,69,121
1,0,7,45,0,3,48,19,0,52,52,52,71,71,123
2,0,9,44,0,5,51,13,0,58,53,53,66,71,124
1,0,7,45,1,4,52,12,0,57,52,53,64,69,122
1,0,0,47,1,3,55,15,0,59,47,48,62,74,122
1,0,0,44,1,3,52,20,0,56,44,45,64,76,121
1,0,8,43,1,2,57,10,0,60,51,52,61,70,122
1,0,9,43,1,0,53,14,0,54,52,53,66,68,121
1,0,8,41,0,4,55,13,0,60,49,49,62,73,122
1,0,7,44,0,4,52,12,0,57,51,51,63,69,120
1,0,7,43,0,3,55,13,0,59,50,50,63,72,122
1,0,10,39,1,5,56,13,0,62,49,50,62,75,125
1,0,8,43,0,2,54,12,0,57,51,51,63,69,120
1,0,0,44,0,3,59,16,0,63,44,44,60,79,123
1,0,8,42,1,4,54,14,0,59,50,51,64,73,124
0,0,9,41,1,3,56,11,0,59,50,51,61,70,121
1,0,9,42,1,2,52,16,0,55,51,52,67,71,123
1,0,9,40,0,5,57,12,0,63,49,49,61,75,124
1,0,0,47,1,1,57,15,0,59,47,48,62,74,122
1,0,11,38,1,3,55,14,0,59,49,50,63,73,123
1,0,8,40,0,3,55,15,0,59,48,48,63,74,122
0,0,9,40,1,4,50,19,0,54,49,50,68,73,123
1,0,0,45,0,2,58,15,0,61,45,45,60,76,121
1,0,9,42,1,1,57,11,0,59,51,52,62,70,122
0,0,10,43,0,4,54,12,0,58,53,53,65,70,123
1,0,8,43,1,3,52,15,0,56,51,52,66,71,123
1,0,10,40,1,5,54,13,0,60,50,51,63,73,124
1,0,8,42,0,3,54,14,0,58,50,50,64,72,122
0,0,10,44,1,3,52,12,0,55,54,55,66,67,122
0,0,7,43,1,0,58,12,0,58,50,51,62,70,121
3,0,9,40,0,4,52,14,0,59,49,49,63,73,122
1,0,11,40,1,2,53,13,0,56,51,52,64,69,121
1,0,11,43,2,4,48,13,0,53,54,56,67,66,122
2,0,11,43,1,4,52,10,0,58,54,55,64,68,123
1,0,10,39,1,2,56,13,0,59,49,50,62,72,122
1,0,7,45,1,3,54,12,0,58,52,53,64,70,123
0,0,6,48,1,5,53,10,0,58,54,55,64,68,123
1,0,7,46,0,2,53,12,0,56,53,53,65,68,121
1,0,8,41,0,3,55,12,0,59,49,49,61,71,120
1,0,7,41,1,4,54,14,0,59,48,49,62,73,122
1,0,6,45,1,1,54,14,0,56,51,52,65,70,122
1,0,7,46,1,3,48,16,0,52,53,54,69,68,122
1,0,8,36,0,4,59,16,0,64,44,44,60,80,124
1,0,8,45,1,2,50,15,0,53,53,54,68,68,122
1,0,6,45,0,0,56,12,0,57,51,51,63,69,120
1,0,0,41,1,4,61,14,0,66,41,42,55,80,122
1,0,9,43,0,5,52,13,0,58,52,52,65,71,123
1,0,9,42,1,3,56,11,0,60,51,52,62,71,123
1,0,8,39,0,5,55,15,0,61,47,47,62,76,123
1,0,8,40,1,2,56,13,0,59,48,49,61,72,121
1,0,10,42,1,4,53,11,0,58,52,53,63,69,122
1,0,8,42,1,4,53,14,0,58,50,51,64,72,123
1,0,7,47,1,4,51,13,0,56,54,55,67,69,124
1,0,8,43,0,2,50,18,0,53,51,51,69,71,122
1,0,8,41,0,2,53,16,0,56,49,49,65,72,121
1,0,8,40,1,3,54,15,0,58,48,49,63,73,122
1,0,9,42,1,4,55,13,0,60,51,52,64,73,125
1,0,6,47,0,3,49,14,0,53,53,53,67,67,120
1,0,8,41,1,3,52,16,0,56,49,50,65,72,122
1,0,7,45,1,1,50,17,0,52,52,53,69,69,122
1,0,0,47,1,5,59,11,0,65,47,48,58,76,124
0,0,7,43,1,3,56,12,0,59,50,51,62,71,122
1,0,7,46,1,3,52,13,0,56,53,54,66,69,123
1,0,9,40,1,0,55,16,0,56,49,50,65,72,122
1,0,8,44,1,3,50,15,0,54,52,53,67,69,122
1,0,10,38,1,4,55,14,0,60,48,49,62,74,123
3,0,10,41,1,2,52,13,0,57,51,52,64,70,122
0,0,9,41,1,5,54,14,0,59,50,51,64,73,124
1,0,9,48,1,4,47,12,0,52,57,58,69,64,122
2,0,9,43,1,2,49,16,0,53,52,53,68,69,122
1,0,9,38,0,2,57,14,0,60,47,47,61,74,121
1,0,9,43,0,4,53,14,0,58,52,52,66,72,124
1,0,0,51,0,3,50,16,0,54,51,51,67,70,121
1,0,7,47,1,4,50,15,0,55,54,55,69,70,125
1,0,8,44,1,2,53,13,0,56,52,53,65,69,122
1,0,9,38,0,3,55,16,0,59,47,47,63,75,122
1,0,11,41,0,4,51,15,0,56,52,52,67,71,123
1,0,8,42,0,4,56,12,0,61,50,50,62,73,123
0,0,9,41,1,3,51,16,0,54,50,51,66,70,121
1,0,9,43,1,2,51,15,0,54,52,53,67,69,122
1,0,9,47,1,2,47,15,0,50,56,57,71,65,122
1,0,9,43,0,3,51,14,0,55,52,52,66,69,121
1,0,7,43,1,3,51,15,0,55,50,51,65,70,121
2,0,0,46,0,2,54,17,0,58,46,46,63,75,121
1,0,11,40,0,5,49,15,0,55,51,51,66,70,121
0,0,8,44,0,2,52,14,0,54,52,52,66,68,120
1,0,9,39,1,5,54,16,0,60,48,49,64,76,125
1,0,10,42,1,4,53,13,0,58,52,53,65,71,124
1,0,10,39,1,3,54,15,0,58,49,50,64,73,123
1,0,6,45,1,5,52,14,0,58,51,52,65,72,124
1,0,8,42,0,3,55,14,0,59,50,50,64,73,123
1,0,0,51,1,0,53,15,0,54,51,52,66,69,121
1,0,9,44,1,1,53,11,0,55,53,54,64,66,120
1,0,9,35,1,5,59,11,0,65,44,45,55,76,121
1,0,10,43,1,3,52,12,0,56,53,54,65,68,122
1,0,7,47,0,2,52,12,0,55,54,54,66,67,121
2,0,10,39,2,4,54,11,0,60,49,51,60,71,122
0,0,0,48,0,2,56,14,0,58,48,48,62,72,120
0,0,9,42,0,2,54,13,0,56,51,51,64,69,120
1,0,9,43,0,4,52,12,0,57,52,52,64,69,121
1,0,6,47,0,4,51,12,0,56,53,53,65,68,121
0,0,0,47,1,4,59,12,0,63,47,48,59,75,123
1,0,10,39,0,5,55,13,0,61,49,49,62,74,123
0,0,7,42,0,2,56,13,0,58,49,49,62,71,120
1,0,7,44,1,3,52,15,0,56,51,52,66,71,123
0,0,10,42,0,3,53,13,0,56,52,52,65,69,121
2,0,7,46,1,2,50,12,0,54,53,54,65,66,120
1,0,8,40,0,3,52,16,0,56,48,48,64,72,120
0,0,7,45,1,4,53,13,0,57,52,53,65,70,123
1,0,7,42,1,1,55,14,0,57,49,50,63,71,121
1,0,6,43,1,2,56,13,0,59,49,50,62,72,122
2,0,9,40,1,5,53,13,0,60,49,50,62,73,123
0,0,10,40,0,2,58,11,0,60,50,50,61,71,121
1,0,7,47,0,2,52,11,0,55,54,54,65,66,120
1,0,7,46,0,2,45,20,0,48,53,53,73,68,121
0,0,10,44,0,4,50,14,0,54,54,54,68,68,122
1,0,10,37,1,3,57,13,0,61,47,48,60,74,122
1,0,7,43,1,4,56,11,0,61,50,51,61,72,123
0,0,7,43,0,1,54,15,0,55,50,50,65,70,120
1,0,8,43,1,1,52,16,0,54,51,52,67,70,122
1,0,9,43,0,5,51,15,0,57,52,52,67,72,124
0,0,7,46,0,3,49,15,0,52,53,53,68,67,120
1,0,0,45,1,5,58,14,0,64,45,46,59,78,124
1,0,6,50,1,3,47,15,0,51,56,57,71,66,123
1,0,6,43,0,3,57,11,0,61,49,49,60,72,121
1,0,10,44,1,4,54,10,0,59,54,55,64,69,124
1,0,8,42,1,5,55,14,0,61,50,51,64,75,126
1,0,9,41,0,4,51,17,0,56,50,50,67,73,123
0,0,6,43,1,2,54,15,0,56,49,50,64,71,121
0,0,8,44,1,3,53,12,0,56,52,53,64,68,121
0,0,10,38,0,3,53,18,0,56,48,48,66,74,122
1,0,0,56,0,4,42,18,0,47,56,56,74,65,121
1,0,11,41,0,2,53,14,0,56,52,52,66,70,122
0,0,10,40,0,2,51,17,0,53,50,50,67,70,120
1,0,10,38,1,3,55,15,0,59,48,49,63,74,123
1,0,9,42,1,3,52,15,0,56,51,52,66,71,123
1,0,8,40,1,5,52,18,0,58,48,49,66,76,125
1,0,6,45,0,2,55,13,0,58,51,51,64,71,122
1,0,0,51,1,2,54,13,0,57,51,52,64,70,122
1,0,7,43,0,2,55,13,0,58,50,50,63,71,121
1,0,0,42,0,3,59,15,0,63,42,42,57,78,120
1,0,0,48,0,2,57,13,0,60,48,48,61,73,121
1,0,7,48,0,3,52,11,0,56,55,55,66,67,122
1,0,6,46,0,3,50,16,0,54,52,52,68,70,122
1,0,8,45,0,2,50,16,0,53,53,53,69,69,122
3,0,9,41,1,2,52,13,0,57,50,51,63,70,121
1,0,10,48,0,3,49,11,0,53,58,58,69,64,122
1,0,7,43,1,2,55,13,0,58,50,51,63,71,122
1,0,7,42,1,4,56,10,0,61,49,50,59,71,121
1,0,7,46,1,3,51,13,0,55,53,54,66,68,122
0,0,7,45,1,2,53,13,0,55,52,53,65,68,121
1,0,7,41,0,3,56,12,0,60,48,48,60,72,120
1,0,10,42,1,3,55,11,0,59,52,53,63,70,123
1,0,9,42,0,5,55,12,0,61,51,51,63,73,124
1,0,7,43,0,3,58,10,0,62,50,50,60,72,122
1,0,7,44,0,3,56,11,0,60,51,51,62,71,122
1,0,9,44,0,4,47,15,0,52,53,53,68,67,120
1,0,8,41,0,3,56,14,0,60,49,49,63,74,123
1,0,8,41,1,3,57,13,0,61,49,50,62,74,124
2,0,10,39,1,4,55,13,0,61,49,50,62,74,124
1,0,9,42,1,2,50,15,0,53,51,52,66,68,120
1,0,8,41,1,3,52,15,0,56,49,50,64,71,121
1,0,6,48,0,3,50,12,0,54,54,54,66,66,120
0,0,10,43,0,4,53,13,0,57,53,53,66,70,123
1,0,10,42,0,2,48,18,0,51,52,52,70,69,121
1,0,6,42,0,3,57,12,0,61,48,48,60,73,121
1,0,0,52,0,4,50,17,0,55,52,52,69,72,124
1,0,8,45,0,4,51,15,0,56,53,53,68,71,124
1,0,6,49,0,3,51,13,0,55,55,55,68,68,123
1,0,7,45,0,4,60,6,0,65,52,52,58,71,123
1,0,9,36,0,3,59,12,0,63,45,45,57,75,120
1,0,7,44,1,4,53,14,0,58,51,52,65,72,124
1,0,6,50,1,4,53,9,0,58,56,57,65,67,124
1,0,9,42,1,4,56,11,0,61,51,52,62,72,124
1,0,7,44,1,3,54,13,0,58,51,52,64,71,123
1,0,8,42,0,5,50,17,0,56,50,50,67,73,123
0,0,6,42,0,5,56,14,0,61,48,48,62,75,123
1,0,9,40,0,3,52,17,0,56,49,49,66,73,122
1,0,10,39,0,3,51,16,0,55,49,49,65,71,120
0,0,6,47,1,5,52,14,0,57,53,54,67,71,125
2,0,8,43,0,5,52,14,0,59,51,51,65,73,124
0,0,0,53,1,4,51,15,0,55,53,54,68,70,124
1,0,0,47,0,4,55,16,0,60,47,47,63,76,123
1,0,8,47,0,4,47,15,0,52,55,55,70,67,122
1,0,7,47,0,5,53,11,0,59,54,54,65,70,124
1,0,0,52,0,2,53,13,0,56,52,52,65,69,121
1,0,12,39,0,3,54,11,0,58,51,51,62,69,120
1,0,10,40,1,5,56,13,0,62,50,51,63,75,126
1,0,8,43,0,5,52,14,0,58,51,51,65,72,123
1,0,11,39,1,2,53,14,0,56,50,51,64,70,121
1,0,9,41,1,3,54,14,0,58,50,51,64,72,123
0,0,8,41,0,3,54,15,0,57,49,49,64,72,121
1,0,0,48,1,1,60,10,0,62,48,49,58,72,121
1,0,8,42,0,4,53,15,0,58,50,50,65,73,123
1,0,11,40,1,5,54,12,0,60,51,52,63,72,124
1,0,9,44,1,2,53,12,0,56,53,54,65,68,122
1,0,0,45,1,3,59,14,0,63,45,46,59,77,123
1,0,8,46,1,4,52,12,0,57,54,55,66,69,124
2,0,9,37,1,1,55,16,0,58,46,47,62,74,121
1,0,10,42,0,2,50,16,0,53,52,52,68,69,121
1,0,8,42,1,3,53,16,0,57,50,51,66,73,124
5,0,8,41,0,3,54,11,0,62,49,49,60,73,122
0,0,7,44,1,6,53,12,0,59,51,52,63,71,123
0,0,8,45,0,4,51,15,0,55,53,53,68,70,123
1,0,11,37,0,3,48,20,0,52,48,48,68,72,120
1,0,7,47,1,4,51,12,0,56,54,55,66,68,123
0,0,6,47,1,3,52,13,0,55,53,54,66,68,122
1,0,0,46,0,6,61,10,0,68,46,46,56,78,124
1,0,11,40,1,3,51,17,0,55,51,52,68,72,124
1,0,11,38,0,3,57,11,0,61,49,49,60,72,121
1,0,8,41,0,5,53,15,0,59,49,49,64,74,123
1,0,0,51,1,3,55,12,0,59,51,52,63,71,123
1,0,7,48,0,3,51,11,0,55,55,55,66,66,121
1,0,11,43,1,2,51,13,0,54,54,55,67,67,122
1,0,7,47,0,2,45,19,0,48,54,54,73,67,121
1,0,11,41,1,3,52,12,0,56,52,53,64,68,121
1,0,7,39,0,2,59,12,0,62,46,46,58,74,120
1,0,12,38,1,3,54,15,0,58,50,51,65,73,124
1,0,9,44,1,3,50,13,0,54,53,54,66,67,121
0,0,9,42,0,3,53,13,0,56,51,51,64,69,120
1,0,6,43,0,4,53,14,0,58,49,49,63,72,121
0,0,9,41,1,5,49,16,0,54,50,51,66,70,121
3,0,8,40,1,3,55,12,0,61,48,49,60,73,122
0,0,10,44,1,3,47,16,0,50,54,55,70,66,121
1,0,9,42,1,4,54,13,0,59,51,52,64,72,124
1,0,6,46,0,0,54,14,0,55,52,52,66,69,121
1,0,10,41,1,3,54,12,0,58,51,52,63,70,122
0,0,6,47,0,3,45,19,0,48,53,53,72,67,120
1,0,8,42,0,3,56,12,0,60,50,50,62,72,122
1,0,0,47,0,3,56,14,0,60,47,47,61,74,121
1,0,9,41,0,3,50,16,0,54,50,50,66,70,120
1,0,11,38,0,3,55,13,0,59,49,49,62,72,121
1,0,7,45,1,3,54,10,0,58,52,53,62,68,121
1,0,0,53,0,3,53,11,0,57,53,53,64,68,121
1,0,7,43,1,4,56,12,0,61,50,51,62,73,124
1,0,8,43,0,0,54,15,0,55,51,51,66,70,121
1,0,7,44,1,3,55,13,0,59,51,52,64,72,124
1,0,9,41,0,4,52,14,0,57,50,50,64,71,121
0,0,0,48,1,4,53,15,0,57,48,49,63,72,121
1,0,7,42,1,3,58,10,0,62,49,50,59,72,122
1,0,0,43,0,4,55,18,0,60,43,43,61,78,121
1,0,8,45,1,3,52,13,0,56,53,54,66,69,123
0,0,8,43,0,2,53,15,0,55,51,51,66,70,121
1,0,11,38,1,3,54,16,0,58,49,50,65,74,124
1,0,10,42,0,2,54,12,0,57,52,52,64,69,121
1,0,7,51,1,4,47,12,0,52,58,59,70,64,123
14,0,6,38,1,4,48,13,0,66,44,45,57,79,124
2,0,7,45,1,2,54,11,0,58,52,53,63,69,122
0,0,8,40,0,3,51,18,0,54,48,48,66,72,120
0,0,7,42,0,5,52,16,0,57,49,49,65,73,122
0,0,6,50,0,4,53,10,0,57,56,56,66,67,123
3,0,0,45,1,2,56,15,0,61,45,46,60,76,122
1,0,7,44,1,2,53,14,0,56,51,52,65,70,122
0,0,7,42,0,1,56,14,0,57,49,49,63,71,120
1,0,9,42,1,5,54,13,0,60,51,52,64,73,125
1,0,7,42,0,4,53,16,0,58,49,49,65,74,123
1,0,7,46,0,4,50,15,0,55,53,53,68,70,123
1,0,8,41,0,5,51,16,0,57,49,49,65,73,122
1,0,8,40,1,4,47,20,0,52,48,49,68,72,121
1,0,7,42,1,3,55,14,0,59,49,50,63,73,123
1,0,11,42,1,3,51,15,0,55,53,54,68,70,124
0,0,7,43,1,4,54,13,0,58,50,51,63,71,122
1,0,10,43,1,4,46,19,0,51,53,54,72,70,124
1,0,6,43,0,4,59,8,0,64,49,49,57,72,121
1,0,8,45,0,4,52,13,0,57,53,53,66,70,123
1,0,8,42,0,2,59,9,0,62,50,50,59,71,121
1,0,7,42,1,4,58,12,0,63,49,50,61,75,125
1,0,0,46,0,3,58,14,0,62,46,46,60,76,122
1,0,10,38,0,3,53,17,0,57,48,48,65,74,122
0,0,8,45,1,3,48,16,0,51,53,54,69,67,121
1,0,8,42,0,3,58,11,0,62,50,50,61,73,123
1,0,7,44,1,5,55,12,0,61,51,52,63,73,125
0,0,7,42,0,2,56,14,0,58,49,49,63,72,121
2,0,10,41,0,4,55,10,0,61,51,51,61,71,122
1,0,7,43,1,3,55,14,0,59,50,51,64,73,124
1,0,10,47,0,2,47,15,0,50,57,57,72,65,122
1,0,11,38,0,3,55,13,0,59,49,49,62,72,121
1,0,10,39,0,4,53,16,0,58,49,49,65,74,123
1,0,0,47,1,3,57,15,0,61,47,48,62,76,124
0,0,0,48,0,2,57,13,0,59,48,48,61,72,120
1,0,0,49,0,3,54,15,0,58,49,49,64,73,122
0,0,7,37,0,4,56,16,0,60,44,44,60,76,120
1,0,9,46,1,2,51,12,0,54,55,56,67,66,122
0,0,9,44,0,4,54,11,0,58,53,53,64,69,122
1,0,10,39,1,3,53,14,0,57,49,50,63,71,121
1,0,8,48,0,3,43,17,0,47,56,56,73,64,120
1,0,7,43,0,2,51,17,0,54,50,50,67,71,121
1,0,7,43,0,2,52,16,0,55,50,50,66,71,121
2,0,6,44,1,4,51,14,0,57,50,51,64,71,122
1,0,10,45,0,2,50,14,0,53,55,55,69,67,122
2,0,9,35,0,5,58,14,0,65,44,44,58,79,123
1,0,7,46,1,2,54,10,0,57,53,54,63,67,121
1,0,8,45,1,3,52,13,0,56,53,54,66,69,123
0,0,8,48,0,3,50,13,0,53,56,56,69,66,122
1,0,0,47,1,4,57,12,0,62,47,48,59,74,122
1,0,9,40,0,3,51,17,0,55,49,49,66,72,121
1,0,8,44,0,4,50,15,0,55,52,52,67,70,122
1,0,0,50,1,3,49,17,0,53,50,51,67,70,121
1,0,7,48,0,1,54,10,0,56,55,55,65,66,121
1,0,11,39,0,3,54,15,0,58,50,50,65,73,123
1,0,8,45,0,4,50,14,0,55,53,53,67,69,122
2,0,8,41,0,3,54,12,0,59,49,49,61,71,120
0,0,10,37,1,2,56,15,0,58,47,48,62,73,121
1,0,9,41,1,2,57,10,0,60,50,51,60,70,121
3,0,0,52,1,2,52,12,0,57,52,53,64,69,122
1,0,9,43,1,2,54,12,0,57,52,53,64,69,122
1,0,7,44,0,2,53,14,0,56,51,51,65,70,121
1,0,7,48,0,2,51,13,0,54,55,55,68,67,122
1,0,7,46,0,4,51,12,0,56,53,53,65,68,121
1,0,9,39,0,4,54,13,0,59,48,48,61,72,120
1,0,13,32,1,3,53,18,0,57,45,46,63,75,121
0,0,10,45,0,1,52,12,0,53,55,55,67,65,120
1,0,7,47,1,3,51,12,0,55,54,55,66,67,122
1,0,7,42,0,3,54,15,0,58,49,49,64,73,122
1,0,10,41,1,2,51,16,0,54,51,52,67,70,122
1,0,11,41,1,4,52,13,0,57,52,53,65,70,123
1,0,7,43,0,4,57,12,0,62,50,50,62,74,124
1,0,7,46,1,1,53,13,0,55,53,54,66,68,122
0,0,10,43,1,2,52,14,0,54,53,54,67,68,122
1,0,8,44,1,3,53,12,0,57,52,53,64,69,122
0,0,0,49,1,4,53,14,0,57,49,50,63,71,121
1,0,8,43,1,4,53,13,0,58,51,52,64,71,123
1,0,7,43,1,6,54,13,0,61,50,51,63,74,125
1,0,12,35,1,3,58,14,0,62,47,48,61,76,124
1,0,7,44,1,3,53,14,0,57,51,52,65,71,123
0,0,12,39,1,4,53,13,0,57,51,52,64,70,122
1,0,9,43,1,1,51,15,0,53,52,53,67,68,121
0,0,9,40,1,3,54,14,0,57,49,50,63,71,121
1,0,6,46,0,3,54,10,0,58,52,52,62,68,120
1,0,9,45,0,2,50,13,0,53,54,54,67,66,120
1,0,6,47,0,4,52,12,0,57,53,53,65,69,122
0,0,9,46,1,3,51,11,0,54,55,56,66,65,121
1,0,0,55,0,3,50,12,0,54,55,55,67,66,121
1,0,8,46,0,3,51,12,0,55,54,54,66,67,121
1,0,0,49,1,3,57,13,0,61,49,50,62,74,124
1,0,8,41,0,3,54,14,0,58,49,49,63,72,121
1,0,7,45,1,4,55,11,0,60,52,53,63,71,124
1,0,9,41,0,3,49,19,0,53,50,50,69,72,122
0,0,7,46,1,3,46,18,0,49,53,54,71,67,121
1,0,13,41,0,5,47,17,0,53,54,54,71,70,124
1,0,8,45,1,2,51,14,0,54,53,54,67,68,122
1,0,0,50,1,2,55,12,0,58,50,51,62,70,121
1,0,9,40,0,3,54,13,0,58,49,49,62,71,120
1,0,8,42,0,3,56,11,0,60,50,50,61,71,121
1,0,7,46,1,2,50,14,0,53,53,54,67,67,121
1,0,7,42,0,3,55,14,0,59,49,49,63,73,122
1,0,8,42,0,3,53,15,0,57,50,50,65,72,122
1,0,7,41,1,2,57,13,0,60,48,49,61,73,122
1,0,8,45,1,4,53,10,0,58,53,54,63,68,122
1,0,8,41,1,3,55,13,0,59,49,50,62,72,122
1,0,9,44,0,2,52,12,0,55,53,53,65,67,120
1,0,8,37,1,5,56,17,0,62,45,46,62,79,125
1,0,7,47,0,2,53,11,0,56,54,54,65,67,121
1,0,6,47,0,3,53,12,0,57,53,53,65,69,122
1,0,8,43,1,4,50,15,0,55,51,52,66,70,122
1,0,8,43,1,4,54,12,0,59,51,52,63,71,123
1,0,10,43,1,3,49,16,0,53,53,54,69,69,123
1,0,10,34,0,4,56,16,0,61,44,44,60,77,121
1,0,9,46,1,2,51,11,0,54,55,56,66,65,121
1,0,8,45,1,2,51,13,0,54,53,54,66,67,121
1,0,9,40,1,3,53,14,0,57,49,50,63,71,121
0,0,9,40,0,3,53,15,0,56,49,49,64,71,120
1,0,6,43,1,5,56,13,0,62,49,50,62,75,125
2,0,11,41,0,3,47,16,0,52,52,52,68,68,120
1,0,7,38,0,3,57,14,0,61,45,45,59,75,120
1,0,6,41,0,3,60,11,0,64,47,47,58,75,122
1,0,8,45,0,5,51,13,0,57,53,53,66,70,123
0,0,8,44,0,4,50,16,0,54,52,52,68,70,122
2,0,9,40,1,5,51,17,0,58,49,50,66,75,125
2,0,8,42,0,4,55,11,0,61,50,50,61,72,122
1,0,6,45,0,4,55,11,0,60,51,51,62,71,122
0,0,11,40,0,6,51,12,0,57,51,51,63,69,120
1,0,8,45,1,2,50,15,0,53,53,54,68,68,122
1,0,8,45,1,3,51,13,0,55,53,54,66,68,122
2,0,11,41,0,4,49,13,0,55,52,52,65,68,120
1,0,11,43,0,2,53,12,0,56,54,54,66,68,122
0,0,7,43,0,5,57,11,0,62,50,50,61,73,123
1,0,9,43,1,2,50,16,0,53,52,53,68,69,122
1,0,8,41,0,3,52,15,0,56,49,49,64,71,120
1,0,8,40,1,1,58,13,0,60,48,49,61,73,122
1,0,9,45,0,2,52,12,0,55,54,54,66,67,121
0,0,8,44,1,4,53,14,0,57,52,53,66,71,124
1,0,8,45,1,3,53,10,0,57,53,54,63,67,121
1,0,8,39,0,3,60,11,0,64,47,47,58,75,122
0,0,7,49,0,3,50,12,0,53,56,56,68,65,121
1,0,9,44,0,3,54,9,0,58,53,53,62,67,120
1,0,10,44,1,3,50,12,0,54,54,55,66,66,121
1,0,7,42,1,3,56,12,0,60,49,50,61,72,122
1,0,10,40,0,4,54,14,0,59,50,50,64,73,123
1,0,10,45,1,3,47,15,0,51,55,56,70,66,122
1,0,9,45,0,3,50,13,0,54,54,54,67,67,121
1,0,8,45,1,2,50,15,0,53,53,54,68,68,122
1,0,0,46,0,3,58,14,0,62,46,46,60,76,122
1,0,12,44,1,3,50,12,0,54,56,57,68,66,123
2,0,7,43,0,3,55,11,0,60,50,50,61,71,121
1,0,8,41,0,4,58,10,0,63,49,49,59,73,122
2,0,8,40,1,3,60,9,0,65,48,49,57,74,123
1,0,8,47,1,1,49,14,0,51,55,56,69,65,121
1,0,9,44,0,5,54,10,0,60,53,53,63,70,123
0,0,7,43,1,2,55,14,0,57,50,51,64,71,122
1,0,9,41,1,3,58,10,0,62,50,51,60,72,123
1,0,7,47,1,3,45,19,0,49,54,55,73,68,123
1,0,7,45,0,3,53,13,0,57,52,52,65,70,122
1,0,11,44,0,4,49,13,0,54,55,55,68,67,122
2,0,0,48,0,3,55,12,0,60,48,48,60,72,120
1,0,11,41,1,5,51,16,0,57,52,53,68,73,126
0,0,0,46,1,3,54,19,0,57,46,47,65,76,123
0,0,8,42,0,4,52,15,0,56,50,50,65,71,121
2,0,9,43,1,4,54,11,0,60,52,53,63,71,124
1,0,0,44,1,2,56,17,0,59,44,45,61,76,121
0,0,9,40,0,3,53,15,0,56,49,49,64,71,120
1,0,10,42,1,2,54,13,0,57,52,53,65,70,123
0,0,9,44,0,3,53,12,0,56,53,53,65,68,121
1,0,7,47,0,2,51,12,0,54,54,54,66,66,120
1,0,8,45,0,4,53,10,0,58,53,53,63,68,121
1,0,9,40,1,3,57,13,0,61,49,50,62,74,124
3,0,7,39,0,4,55,15,0,62,46,46,61,77,123
1,0,7,42,1,2,55,14,0,58,49,50,63,72,122
1,0,10,40,0,4,52,16,0,57,50,50,66,73,123
1,0,7,44,0,3,54,14,0,58,51,51,65,72,123
1,0,7,47,1,3,50,14,0,54,54,55,68,68,123
0,0,7,46,0,2,50,15,0,52,53,53,68,67,120
1,0,6,45,0,3,48,17,0,52,51,51,68,69,120
2,0,7,44,1,2,52,13,0,56,51,52,64,69,121
1,0,9,47,0,2,50,12,0,53,56,56,68,65,121
1,0,8,39,0,6,55,16,0,62,47,47,63,78,125
0,0,7,44,0,4,56,12,0,60,51,51,63,72,123
1,0,8,42,1,3,54,14,0,58,50,51,64,72,123
1,0,8,45,0,2,52,12,0,55,53,53,65,67,120
1,0,7,45,1,5,51,14,0,57,52,53,66,71,124
1,0,15,40,1,4,47,12,0,52,55,56,67,64,120
0,0,13,39,1,3,54,11,0,57,52,53,63,68,121
1,0,9,43,1,3,52,14,0,56,52,53,66,70,123
1,0,13,36,0,5,53,14,0,59,49,49,63,73,122
0,0,7,48,1,2,52,12,0,54,55,56,67,66,122
1,0,9,45,1,2,46,17,0,49,54,55,71,66,121
1,0,11,42,1,5,47,17,0,53,53,54,70,70,124
1,0,10,44,1,3,50,13,0,54,54,55,67,67,122
1,0,6,45,0,5,51,14,0,57,51,51,65,71,122
1,0,0,46,0,3,56,16,0,60,46,46,62,76,122
2,0,9,40,0,2,55,13,0,59,49,49,62,72,121
1,0,6,47,1,3,53,11,0,57,53,54,64,68,122
1,0,10,39,1,2,59,10,0,62,49,50,59,72,122
1,0,0,47,1,3,59,11,0,63,47,48,58,74,122
0,0,7,44,0,4,51,16,0,55,51,51,67,71,122
1,0,8,43,0,3,54,13,0,58,51,51,64,71,122
2,0,10,42,0,6,54,11,0,62,52,52,63,73,125
1,0,8,39,1,4,56,13,0,61,47,48,60,74,122
0,0,9,44,0,2,52,14,0,54,53,53,67,68,121
0,0,7,42,1,1,55,15,0,56,49,50,64,71,121
0,0,10,41,1,3,53,13,0,56,51,52,64,69,121
1,0,7,44,0,3,55,11,0,59,51,51,62,70,121
1,0,9,41,0,4,53,16,0,58,50,50,66,74,124
1,0,7,48,1,3,48,15,0,52,55,56,70,67,123
1,0,9,41,1,3,55,11,0,59,50,51,61,70,121
1,0,9,45,1,3,46,19,0,50,54,55,73,69,124
1,0,8,40,0,4,52,18,0,57,48,48,66,75,123
0,0,12,37,1,3,47,20,0,50,49,50,69,70,120
1,0,7,42,0,4,57,12,0,62,49,49,61,74,123
1,0,9,42,1,6,53,14,0,60,51,52,65,74,126
3,0,7,43,0,4,53,13,0,60,50,50,63,73,123
0,0,8,37,1,2,57,16,0,59,45,46,61,75,121
1,0,0,46,1,3,61,12,0,65,46,47,58,77,124
0,0,0,47,0,3,56,14,0,59,47,47,61,73,120
0,0,7,46,0,4,47,16,0,51,53,53,69,67,120
1,0,13,40,1,4,51,13,0,56,53,54,66,69,123
0,0,8,42,0,2,57,12,0,59,50,50,62,71,121
1,0,8,41,1,4,55,13,0,60,49,50,62,73,123
1,0,11,43,0,3,46,18,0,50,54,54,72,68,122
0,0,7,45,1,3,50,15,0,53,52,53,67,68,121
0,0,0,48,0,0,59,13,0,59,48,48,61,72,120
0,0,8,37,0,3,56,18,0,59,45,45,63,77,122
0,0,8,42,0,3,54,14,0,57,50,50,64,71,121
1,0,11,39,1,3,53,15,0,57,50,51,65,72,123
0,0,7,42,0,2,55,15,0,57,49,49,64,72,121
1,0,0,52,1,3,54,13,0,58,52,53,65,71,124
1,0,11,36,1,3,54,17,0,58,47,48,64,75,123
0,0,10,40,1,2,53,16,0,55,50,51,66,71,122
1,0,8,41,1,5,59,10,0,65,49,50,59,75,125
1,0,7,44,1,3,53,15,0,57,51,52,66,72,124
1,0,7,41,1,5,54,16,0,60,48,49,64,76,125
2,0,8,40,0,3,57,12,0,62,48,48,60,74,122
2,0,8,37,1,2,56,16,0,60,45,46,61,76,122
0,0,7,45,1,2,56,11,0,58,52,53,63,69,122
0,0,0,48,0,4,56,14,0,60,48,48,62,74,122
1,0,10,44,1,2,50,14,0,53,54,55,68,67,122
1,0,9,41,1,1,54,14,0,56,50,51,64,70,121
1,0,8,45,0,3,55,10,0,59,53,53,63,69,122
1,0,10,43,0,3,53,13,0,57,53,53,66,70,123
1,0,7,43,0,5,52,17,0,58,50,50,67,75,125
1,0,7,42,0,3,53,14,0,57,49,49,63,71,120
0,0,9,40,1,3,54,16,0,57,49,50,65,73,123
2,0,9,38,1,2,51,19,0,55,47,48,66,74,122
1,0,10,40,1,2,58,10,0,61,50,51,60,71,122
1,0,8,42,1,4,55,14,0,60,50,51,64,74,125
1,0,8,40,0,2,54,16,0,57,48,48,64,73,121
2,0,10,37,0,2,52,17,0,56,47,47,64,73,120
2,0,8,39,0,3,60,9,0,65,47,47,56,74,121
1,0,6,36,1,4,64,12,0,69,42,43,54,81,124
1,0,7,48,0,3,50,13,0,54,55,55,68,67,122
1,0,7,43,0,2,52,17,0,55,50,50,67,72,122
0,0,10,40,1,2,55,14,0,57,50,51,64,71,122
1,0,7,47,0,0,50,15,0,51,54,54,69,66,120
0,0,7,43,1,1,58,11,0,59,50,51,61,70,121
2,0,9,40,0,4,55,12,0,61,49,49,61,73,122
1,0,9,40,0,2,53,17,0,56,49,49,66,73,122
1,0,10,39,1,3,57,10,0,61,49,50,59,71,121
0,0,8,48,1,2,52,10,0,54,56,57,66,64,121
0,0,8,41,0,5,50,16,0,55,49,49,65,71,120
0,0,9,42,1,2,54,14,0,56,51,52,65,70,122
0,0,7,43,1,3,54,15,0,57,50,51,65,72,123
1,0,10,44,0,3,48,16,0,52,54,54,70,68,122
1,0,8,41,0,4,55,13,0,60,49,49,62,73,122
2,0,7,39,1,4,58,13,0,64,46,47,59,77,124
0,0,0,53,0,4,54,12,0,58,53,53,65,70,123
0,0,8,42,1,3,51,17,0,54,50,51,67,71,122
0,0,12,40,1,4,55,12,0,59,52,53,64,71,124
1,0,9,40,1,2,54,14,0,57,49,50,63,71,121
1,0,8,41,1,2,58,12,0,61,49,50,61,73,123
1,0,8,42,0,4,54,15,0,59,50,50,65,74,124
1,0,6,46,1,3,51,13,0,55,52,53,65,68,121
1,0,0,46,0,4,55,16,0,60,46,46,62,76,122
0,0,7,48,1,3,53,10,0,56,55,56,65,66,122
0,0,0,47,0,5,57,15,0,62,47,47,62,77,124
1,0,0,48,0,4,55,15,0,60,48,48,63,75,123
0,0,7,44,0,5,49,15,0,54,51,51,66,69,120
1,0,12,39,0,3,51,15,0,55,51,51,66,70,121
1,0,11,39,0,0,58,12,0,59,50,50,62,71,121
1,0,9,43,0,3,53,13,0,57,52,52,65,70,122
0,0,9,42,1,3,57,10,0,60,51,52,61,70,122
0,0,8,42,0,2,52,17,0,54,50,50,67,71,121
0,0,8,43,0,5,57,11,0,62,51,51,62,73,124
1,0,6,43,0,4,57,12,0,62,49,49,61,74,123
1,0,8,43,0,5,52,15,0,58,51,51,66,73,124
1,0,8,43,1,3,54,14,0,58,51,52,65,72,124
1,0,11,45,1,1,51,12,0,53,56,57,68,65,122
1,0,7,43,0,4,53,14,0,58,50,50,64,72,122
1,0,7,43,1,3,55,12,0,59,50,51,62,71,122
1,0,10,42,1,4,51,14,0,56,52,53,66,70,123
1,0,11,44,1,3,47,17,0,51,55,56,72,68,124
1,0,0,42,0,4,61,14,0,66,42,42,56,80,122
1,0,6,50,1,4,45,17,0,50,56,57,73,67,124
1,0,9,46,0,4,50,14,0,55,55,55,69,69,124
1,0,7,41,0,5,55,16,0,61,48,48,64,77,125
1,0,8,42,0,3,54,14,0,58,50,50,64,72,122
1,0,8,41,0,3,56,12,0,60,49,49,61,72,121
1,0,7,43,1,2,51,16,0,54,50,51,66,70,121
1,0,7,37,1,2,59,14,0,62,44,45,58,76,121
0,0,11,38,1,4,50,19,0,54,49,50,68,73,123
1,0,8,44,0,4,53,14,0,58,52,52,66,72,124
1,0,7,44,1,4,54,13,0,59,51,52,64,72,124
1,0,10,38,1,3,56,14,0,60,48,49,62,74,123
0,0,0,50,0,3,56,13,0,59,50,50,63,72,122
2,0,7,43,1,4,56,11,0,62,50,51,61,73,124
1,0,0,51,1,2,54,13,0,57,51,52,64,70,122
1,0,11,38,1,3,55,13,0,59,49,50,62,72,122
1,0,0,44,0,3,61,12,0,65,44,44,56,77,121
1,0,8,41,1,3,50,19,0,54,49,50,68,73,123
1,0,8,46,1,2,49,15,0,52,54,55,69,67,122
0,0,10,38,0,2,57,13,0,59,48,48,61,72,120
1,0,9,43,1,3,50,15,0,54,52,53,67,69,122
1,0,6,44,1,3,56,13,0,60,50,51,63,73,124
1,0,6,45,0,3,51,16,0,55,51,51,67,71,122
1,0,9,41,1,3,54,14,0,58,50,51,64,72,123
1,0,8,42,1,3,50,19,0,54,50,51,69,73,124
0,0,8,43,0,4,52,16,0,56,51,51,67,72,123
0,0,9,41,1,3,55,13,0,58,50,51,63,71,122
1,0,10,43,0,2,53,11,0,56,53,53,64,67,120
0,0,6,44,0,3,57,11,0,60,50,50,61,71,121
0,0,0,47,0,4,57,15,0,61,47,47,62,76,123
1,0,8,39,1,4,57,11,0,62,47,48,58,73,121
0,0,6,47,0,3,51,13,0,54,53,53,66,67,120
1,0,7,41,1,4,57,12,0,62,48,49,60,74,123
1,0,9,46,1,3,51,11,0,55,55,56,66,66,122
0,0,7,37,1,2,53,21,0,55,44,45,65,76,121
1,0,8,40,0,4,57,13,0,62,48,48,61,75,123
0,0,9,43,1,3,54,13,0,57,52,53,65,70,123
0,0,8,46,0,3,52,13,0,55,54,54,67,68,122
1,0,11,38,0,2,53,15,0,56,49,49,64,71,120
0,0,7,44,1,6,55,12,0,61,51,52,63,73,125
1,0,8,41,1,3,52,16,0,56,49,50,65,72,122
0,0,8,43,1,3,54,14,0,57,51,52,65,71,123
1,0,8,41,1,3,55,14,0,59,49,50,63,73,123
1,0,10,41,1,2,55,12,0,58,51,52,63,70,122
1,0,8,40,0,4,56,14,0,61,48,48,62,75,123
1,0,13,43,0,4,49,13,0,54,56,56,69,67,123
1,0,10,46,1,2,48,14,0,51,56,57,70,65,122
1,0,8,47,0,4,48,15,0,53,55,55,70,68,123
1,0,10,40,0,5,49,18,0,55,50,50,68,73,123
2,0,8,39,1,2,55,15,0,59,47,48,62,74,122
2,0,7,40,1,2,55,14,0,59,47,48,61,73,121
1,0,10,43,1,2,53,11,0,56,53,54,64,67,121
1,0,7,42,0,3,55,14,0,59,49,49,63,73,122
1,0,8,43,1,3,51,16,0,55,51,52,67,71,123
2,0,8,43,1,2,52,13,0,56,51,52,64,69,121
0,0,9,42,1,4,53,12,0,57,51,52,63,69,121
1,0,8,41,0,6,54,15,0,61,49,49,64,76,125
0,0,8,46,1,1,49,16,0,50,54,55,70,66,121
1,0,9,41,1,4,54,14,0,59,50,51,64,73,124
1,0,10,41,0,2,56,11,0,59,51,51,62,70,121
1,0,10,40,1,4,55,12,0,60,50,51,62,72,123
0,0,10,40,0,2,53,15,0,55,50,50,65,70,120
1,0,7,45,1,2,50,15,0,53,52,53,67,68,121
1,0,7,39,0,4,55,17,0,60,46,46,63,77,123
1,0,7,47,1,5,51,13,0,57,54,55,67,70,125
0,0,0,45,0,3,54,18,0,57,45,45,63,75,120
1,0,7,45,1,3,51,16,0,55,52,53,68,71,124
2,0,9,40,1,3,59,9,0,64,49,50,58,73,123
0,0,9,44,0,3,54,12,0,57,53,53,65,69,122
1,0,0,46,1,4,59,14,0,64,46,47,60,78,125
1,0,8,45,1,5,53,13,0,59,53,54,66,72,126
1,0,12,40,0,4,50,17,0,55,52,52,69,72,124
1,0,9,41,0,2,54,14,0,57,50,50,64,71,121
2,0,0,45,0,4,60,11,0,66,45,45,56,77,122
1,0,9,43,1,3,53,13,0,57,52,53,65,70,123
1,0,7,43,1,3,51,15,0,55,50,51,65,70,121
1,0,10,42,1,3,56,11,0,60,52,53,63,71,124
1,0,9,43,0,4,52,15,0,57,52,52,67,72,124
0,0,6,44,1,2,58,11,0,60,50,51,61,71,122
1,0,6,45,1,3,55,12,0,59,51,52,63,71,123
1,0,7,40,1,4,57,13,0,62,47,48,60,75,123
1,0,9,41,1,5,53,13,0,59,50,51,63,72,123
1,0,10,41,1,3,52,14,0,56,51,52,65,70,122
1,0,8,43,1,2,53,14,0,56,51,52,65,70,122
2,0,6,42,0,1,59,10,0,62,48,48,58,72,120
0,0,9,40,0,2,51,18,0,53,49,49,67,71,120
1,0,7,45,0,3,52,15,0,56,52,52,67,71,123
0,0,9,40,0,4,54,15,0,58,49,49,64,73,122
1,0,7,42,0,5,56,13,0,62,49,49,62,75,124
0,0,0,45,1,2,59,14,0,61,45,46,59,75,121
1,0,7,45,0,3,51,13,0,55,52,52,65,68,120
1,0,11,37,0,5,50,21,0,56,48,48,69,77,125
1,0,7,41,0,4,59,11,0,64,48,48,59,75,123
1,0,6,47,1,2,49,17,0,52,53,54,70,69,123
0,0,10,43,0,1,51,15,0,52,53,53,68,67,120
1,0,9,43,0,5,54,11,0,60,52,52,63,71,123
1,0,8,43,1,3,51,16,0,55,51,52,67,71,123
1,0,8,41,1,3,55,15,0,59,49,50,64,74,124
1,0,7,43,1,3,56,11,0,60,50,51,61,71,122
0,0,8,41,0,3,56,13,0,59,49,49,62,72,121
2,0,6,45,0,2,56,9,0,60,51,51,60,69,120
0,0,9,44,0,1,52,14,0,53,53,53,67,67,120
1,0,7,41,1,5,56,13,0,62,48,49,61,75,124
1,0,7,41,1,4,54,13,0,59,48,49,61,72,121
1,0,0,54,1,3,53,10,0,57,54,55,64,67,122
1,0,0,48,0,2,58,11,0,61,48,48,59,72,120
0,0,7,41,0,3,55,14,0,58,48,48,62,72,120
1,0,7,40,0,2,61,11,0,64,47,47,58,75,122
1,0,7,44,1,1,57,11,0,59,51,52,62,70,122
1,0,0,47,0,2,57,15,0,60,47,47,62,75,122
0,0,10,41,0,2,53,15,0,55,51,51,66,70,121
1,0,9,44,1,4,51,12,0,56,53,54,65,68,122
2,0,6,47,1,2,50,13,0,54,53,54,66,67,121
1,0,9,43,0,5,52,14,0,58,52,52,66,72,124
2,0,12,41,0,3,52,11,0,57,53,53,64,68,121
1,0,8,46,1,2,48,16,0,51,54,55,70,67,122
1,0,7,45,0,3,51,16,0,55,52,52,68,71,123
0,0,9,42,0,3,57,11,0,60,51,51,62,71,122
1,0,0,46,0,2,58,14,0,61,46,46,60,75,121
1,0,10,37,0,2,60,11,0,63,47,47,58,74,121
1,0,6,46,1,3,51,16,0,55,52,53,68,71,124
1,0,10,42,1,3,51,14,0,55,52,53,66,69,122
0,0,10,44,1,3,56,8,0,59,54,55,62,67,122
1,0,8,42,1,2,53,14,0,56,50,51,64,70,121
0,0,7,48,1,4,49,15,0,53,55,56,70,68,124
0,0,0,48,0,5,53,18,0,58,48,48,66,76,124
1,0,7,49,1,3,48,11,0,52,56,57,67,63,120
1,0,0,46,0,4,57,15,0,62,46,46,61,77,123
1,0,8,38,0,4,57,15,0,62,46,46,61,77,123
1,0,9,41,0,3,53,14,0,57,50,50,64,71,121
1,0,7,47,1,4,51,12,0,56,54,55,66,68,123
1,0,8,43,1,4,49,18,0,54,51,52,69,72,124
3,0,11,40,0,4,48,15,0,55,51,51,66,70,121
1,0,7,47,0,3,49,15,0,53,54,54,69,68,122
0,0,8,43,1,2,57,11,0,59,51,52,62,70,122
0,0,8,48,1,4,51,9,0,55,56,57,65,64,121
1,0,7,42,1,2,53,15,0,56,49,50,64,71,121
1,0,10,42,0,4,54,12,0,59,52,52,64,71,123
1,0,7,43,0,2,54,14,0,57,50,50,64,71,121
1,0,6,42,0,4,56,13,0,61,48,48,61,74,122
1,0,7,43,1,1,57,12,0,59,50,51,62,71,122
1,0,0,52,0,4,52,14,0,57,52,52,66,71,123
1,0,6,45,0,4,52,15,0,57,51,51,66,72,123
1,0,7,41,0,3,54,15,0,58,48,48,63,73,121
1,0,7,42,0,1,55,15,0,57,49,49,64,72,121
1,0,8,41,1,4,54,12,0,59,49,50,61,71,121
1,0,7,43,1,1,56,12,0,58,50,51,62,70,121
1,0,7,36,1,4,59,13,0,64,43,44,56,77,121
0,0,12,38,1,3,57,11,0,60,50,51,61,71,122
1,0,10,42,0,3,53,13,0,57,52,52,65,70,122
1,0,0,51,0,4,45,20,0,50,51,51,71,70,121
0,0,7,49,0,3,47,16,0,50,56,56,72,66,122
1,0,6,41,0,3,54,17,0,58,47,47,64,75,122
2,0,10,38,0,3,55,14,0,60,48,48,62,74,122
1,0,9,37,0,1,55,17,0,57,46,46,63,74,120
1,0,9,37,0,6,55,12,0,62,46,46,58,74,120
1,0,8,42,0,2,53,15,0,56,50,50,65,71,121
1,0,8,40,0,4,54,14,0,59,48,48,62,73,121
1,0,7,46,1,2,53,12,0,56,53,54,65,68,122
1,0,9,43,1,5,52,15,0,58,52,53,67,73,126
1,0,8,41,1,4,54,15,0,59,49,50,64,74,124
2,0,7,39,1,4,56,13,0,62,46,47,59,75,122
1,0,8,45,1,3,48,18,0,52,53,54,71,70,124
0,0,7,45,0,5,50,15,0,55,52,52,67,70,122
1,0,10,40,0,2,55,14,0,58,50,50,64,72,122
1,0,7,42,0,2,55,13,0,58,49,49,62,71,120
1,0,7,46,1,4,49,15,0,54,53,54,68,69,123
0,0,10,40,1,5,54,15,0,59,50,51,65,74,125
1,0,0,52,0,4,51,16,0,56,52,52,68,72,124
1,0,8,44,0,3,51,16,0,55,52,52,68,71,123
1,0,10,37,0,2,60,10,0,63,47,47,57,73,120
0,0,7,45,0,1,54,13,0,55,52,52,65,68,120
2,0,10,38,0,2,55,14,0,59,48,48,62,73,121
1,0,10,36,0,5,57,12,0,63,46,46,58,75,121
1,0,7,45,0,3,55,9,0,59,52,52,61,68,120
1,0,10,41,1,2,50,17,0,53,51,52,68,70,122
1,0,0,47,0,2,55,15,0,58,47,47,62,73,120
1,0,8,38,1,4,57,15,0,62,46,47,61,77,124
1,0,9,42,1,3,55,12,0,59,51,52,63,71,123
2,0,10,40,1,3,53,14,0,58,50,51,64,72,123
1,0,0,43,0,4,63,10,0,68,43,43,53,78,121
1,0,7,45,0,3,52,13,0,56,52,52,65,69,121
2,0,8,42,0,4,56,11,0,62,50,50,61,73,123
1,0,9,43,1,3,48,17,0,52,52,53,69,69,122
1,0,9,44,1,3,47,18,0,51,53,54,71,69,123
1,0,9,40,1,4,55,14,0,60,49,50,63,74,124
1,0,7,41,1,2,58,13,0,61,48,49,61,74,123
1,0,0,50,1,4,53,14,0,58,50,51,64,72,123
1,0,0,49,1,2,53,15,0,56,49,50,64,71,121
1,0,9,40,0,4,56,14,0,61,49,49,63,75,124
1,0,9,41,1,4,53,16,0,58,50,51,66,74,125
0,0,8,41,0,3,54,15,0,57,49,49,64,72,121
1,0,0,52,1,4,51,12,0,56,52,53,64,68,121
1,0,9,36,0,4,60,13,0,65,45,45,58,78,123
1,0,7,44,1,2,54,13,0,57,51,52,64,70,122
0,0,8,38,0,2,62,10,0,64,46,46,56,74,120
0,0,11,46,1,3,47,14,0,50,57,58,71,64,122
1,0,7,45,1,2,53,13,0,56,52,53,65,69,122
1,0,8,45,0,4,52,13,0,57,53,53,66,70,123
1,0,9,45,0,3,50,12,0,54,54,54,66,66,120
0,0,8,41,1,3,50,18,0,53,49,50,67,71,121
3,0,8,42,1,3,52,13,0,58,50,51,63,71,122
1,0,7,42,1,3,55,14,0,59,49,50,63,73,123
1,0,7,44,1,3,51,15,0,55,51,52,66,70,122
1,0,6,48,1,2,54,11,0,57,54,55,65,68,123
1,0,8,43,0,1,56,11,0,58,51,51,62,69,120
0,0,9,38,0,3,52,18,0,55,47,47,65,73,120
2,0,9,41,1,2,57,9,0,61,50,51,59,70,121
1,0,9,46,1,3,49,13,0,53,55,56,68,66,122
1,0,9,38,1,3,55,14,0,59,47,48,61,73,121
1,0,7,44,0,3,54,14,0,58,51,51,65,72,123
1,0,11,35,0,3,50,12,9,63,46,46,58,75,121
3,0,7,36,1,4,62,11,0,69,43,44,54,80,124
1,0,7,41,1,4,55,15,0,60,48,49,63,75,124
1,0,8,41,1,3,58,11,0,62,49,50,60,73,123
1,0,8,44,1,4,54,11,0,59,52,53,63,70,123
2,0,0,42,1,3,59,14,0,64,42,43,56,78,121
1,0,9,42,1,2,51,15,0,54,51,52,66,69,121
2,0,9,45,1,3,50,13,0,55,54,55,67,68,123
1,0,6,44,0,5,54,13,0,60,50,50,63,73,123
1,0,8,49,0,2,47,13,0,50,57,57,70,63,120
1,0,7,42,0,4,54,15,0,59,49,49,64,74,123
1,0,9,42,0,3,53,12,0,57,51,51,63,69,120
2,0,7,44,0,4,49,14,0,55,51,51,65,69,120
1,0,0,48,1,4,53,18,0,58,48,49,66,76,125
0,0,0,49,0,3,55,15,0,58,49,49,64,73,122
1,0,6,40,0,2,56,15,0,59,46,46,61,74,120
0,0,6,42,0,3,59,12,0,62,48,48,60,74,122
0,0,0,45,0,2,59,14,0,61,45,45,59,75,120
1,0,0,47,0,3,52,18,0,56,47,47,65,74,121
1,0,9,43,1,4,49,15,0,54,52,53,67,69,122
1,0,9,43,1,5,49,17,0,55,52,53,69,72,125
1,0,7,48,0,4,49,12,0,54,55,55,67,66,121
1,0,8,43,1,2,54,13,0,57,51,52,64,70,122
1,0,7,44,1,4,49,16,0,54,51,52,67,70,122
1,0,6,47,1,3,47,17,0,51,53,54,70,68,122
1,0,8,48,0,3,51,11,0,55,56,56,67,66,122
1,0,7,44,0,1,55,12,0,57,51,51,63,69,120
1,0,9,40,0,3,57,11,0,61,49,49,60,72,121
0,0,8,40,0,3,58,13,0,61,48,48,61,74,122
1,0,7,42,0,3,55,14,0,59,49,49,63,73,122
1,0,7,44,1,4,51,16,0,56,51,52,67,72,124
2,0,8,44,0,2,52,12,0,56,52,52,64,68,120
1,0,6,46,0,0,53,14,0,54,52,52,66,68,120
0,0,0,51,0,4,55,11,0,59,51,51,62,70,121
1,0,7,45,0,3,50,15,0,54,52,52,67,69,121
1,0,7,43,1,5,52,15,0,58,50,51,65,73,124
1,0,8,40,0,4,51,11,7,63,48,48,59,74,122
1,0,10,38,1,3,55,13,0,59,48,49,61,72,121
2,0,7,43,0,3,57,9,0,62,50,50,59,71,121
0,0,8,44,0,3,54,11,0,57,52,52,63,68,120
1,0,7,41,1,2,57,13,0,60,48,49,61,73,122
1,0,9,40,0,2,51,17,0,54,49,49,66,71,120
1,0,8,39,1,4,55,16,0,60,47,48,63,76,124
1,0,13,36,0,5,52,17,0,58,49,49,66,75,124
1,0,7,42,0,3,55,12,0,59,49,49,61,71,120
1,0,9,39,0,4,54,14,0,59,48,48,62,73,121
1,0,7,43,1,2,56,11,0,59,50,51,61,70,121
1,0,6,45,0,4,56,12,0,61,51,51,63,73,124
1,0,12,44,1,2,52,10,0,55,56,57,66,65,122
0,0,10,39,1,2,52,19,0,54,49,50,68,73,123
1,0,7,44,1,3,49,18,0,53,51,52,69,71,123
1,0,8,40,0,5,51,19,0,57,48,48,67,76,124
1,0,8,42,0,4,52,14,0,57,50,50,64,71,121
0,0,11,38,0,2,51,18,0,53,49,49,67,71,120
1,0,10,41,0,2,56,10,0,59,51,51,61,69,120
0,0,7,41,1,4,60,11,0,64,48,49,59,75,124
0,0,9,42,1,2,53,15,0,55,51,52,66,70,122
1,0,8,44,1,2,53,12,0,56,52,53,64,68,121
1,0,9,43,0,2,55,10,0,58,52,52,62,68,120
1,0,9,40,1,2,51,19,0,54,49,50,68,73,123
0,0,8,42,1,3,51,16,0,54,50,51,66,70,121
3,0,0,47,0,2,58,10,0,63,47,47,57,73,120
1,0,6,47,1,5,52,14,0,58,53,54,67,72,126
0,0,8,44,0,4,49,17,0,53,52,52,69,70,122
1,0,11,42,0,2,50,15,0,53,53,53,68,68,121
1,0,6,46,0,1,57,9,0,59,52,52,61,68,120
1,0,10,38,1,3,56,13,0,60,48,49,61,73,122
1,0,8,43,1,4,53,14,0,58,51,52,65,72,124
3,0,8,44,1,3,50,13,0,56,52,53,65,69,122
0,0,8,41,0,2,56,13,0,58,49,49,62,71,120
1,0,12,39,0,5,47,20,0,53,51,51,71,73,124
1,0,7,42,0,4,55,14,0,60,49,49,63,74,123
1,0,6,43,1,4,50,18,0,55,49,50,67,73,123
1,0,8,45,1,4,51,14,0,56,53,54,67,70,124
1,0,11,44,0,3,48,13,0,52,55,55,68,65,120
1,0,10,43,1,3,51,13,0,55,53,54,66,68,122
1,0,8,42,1,3,54,14,0,58,50,51,64,72,123
1,0,6,41,1,4,55,15,0,60,47,48,62,75,123
1,0,0,44,0,3,60,14,0,64,44,44,58,78,122
2,0,8,44,1,3,49,15,0,54,52,53,67,69,122
0,0,0,48,0,2,54,16,0,56,48,48,64,72,120
0,0,8,44,1,5,51,14,0,56,52,53,66,70,123
1,0,7,41,0,1,58,12,0,60,48,48,60,72,120
0,0,8,43,1,1,55,13,0,56,51,52,64,69,121
1,0,7,40,1,2,55,17,0,58,47,48,64,75,123
1,0,8,50,0,4,49,11,0,54,58,58,69,65,123
0,0,7,44,0,2,55,12,0,57,51,51,63,69,120
1,0,9,41,0,1,55,13,0,57,50,50,63,70,120
1,0,6,46,1,3,56,9,0,60,52,53,61,69,122
1,0,7,38,1,6,55,13,0,62,45,46,58,75,121
0,0,11,39,0,4,55,13,0,59,50,50,63,72,122
1,0,7,42,1,2,54,15,0,57,49,50,64,72,122
1,0,7,48,1,2,49,15,0,52,55,56,70,67,123
2,0,10,41,1,3,50,14,0,55,51,52,65,69,121
1,0,9,39,0,3,56,14,0,60,48,48,62,74,122
1,0,8,41,1,3,51,18,0,55,49,50,67,73,123
5,0,8,36,1,2,55,14,0,62,44,45,58,76,121
1,0,9,40,1,1,56,13,0,58,49,50,62,71,121
1,0,11,40,1,3,46,21,0,50,51,52,72,71,123
0,0,8,42,0,4,53,16,0,57,50,50,66,73,123
1,0,9,41,0,2,58,10,0,61,50,50,60,71,121
1,0,8,45,1,3,48,16,0,52,53,54,69,68,122
1,0,0,49,1,4,54,12,0,59,49,50,61,71,121
1,0,7,43,0,2,55,12,0,58,50,50,62,70,120
1,0,7,46,0,4,52,13,0,57,53,53,66,70,123
1,0,8,41,1,2,51,17,0,54,49,50,66,71,121
0,0,7,47,1,4,51,11,0,55,54,55,65,66,121
0,0,7,42,0,3,53,15,0,56,49,49,64,71,120
1,0,7,37,0,3,62,12,0,66,44,44,56,78,122
2,0,10,39,1,2,54,13,0,58,49,50,62,71,121
0,0,12,42,0,3,51,13,0,54,54,54,67,67,121
0,0,6,49,0,2,49,14,0,51,55,55,69,65,120
1,0,9,42,1,2,54,12,0,57,51,52,63,69,121
1,0,8,41,1,3,55,13,0,59,49,50,62,72,122
1,0,7,39,0,4,57,15,0,62,46,46,61,77,123
1,0,8,40,1,4,56,12,0,61,48,49,60,73,122
1,0,0,45,0,3,56,18,0,60,45,45,63,78,123
1,0,7,47,1,3,48,17,0,52,54,55,71,69,124
0,0,10,39,1,3,55,13,0,58,49,50,62,71,121
2,0,8,42,0,2,50,17,0,54,50,50,67,71,121
1,0,8,41,0,3,53,16,0,57,49,49,65,73,122
5,0,9,38,1,4,54,12,0,63,47,48,59,75,123
1,0,11,42,1,3,51,14,0,55,53,54,67,69,123
1,0,8,41,0,4,54,15,0,59,49,49,64,74,123
5,0,8,41,0,4,49,15,0,58,49,49,64,73,122
1,0,0,45,0,3,60,12,0,64,45,45,57,76,121
2,0,8,43,0,3,54,11,0,59,51,51,62,70,121
1,0,10,44,0,3,52,11,0,56,54,54,65,67,121
1,0,8,41,0,3,53,15,0,57,49,49,64,72,121
1,0,0,49,1,6,56,12,0,63,49,50,61,75,125
0,0,8,41,1,3,57,13,0,60,49,50,62,73,123
1,0,8,44,1,3,50,15,0,54,52,53,67,69,122
1,0,8,37,1,3,61,13,0,65,45,46,58,78,124
1,0,6,48,0,2,52,13,0,55,54,54,67,68,122
1,0,0,47,1,4,60,11,0,65,47,48,58,76,124
2,0,7,43,1,5,48,14,0,55,50,51,64,69,120
1,0,8,41,0,4,53,17,0,58,49,49,66,75,124
1,0,7,43,1,4,56,10,0,61,50,51,60,71,122
1,0,0,49,1,3,54,14,0,58,49,50,63,72,122
2,0,10,41,0,3,55,11,0,60,51,51,62,71,122
1,0,6,44,1,3,54,14,0,58,50,51,64,72,123
1,0,6,48,1,3,50,13,0,54,54,55,67,67,122
1,0,9,40,1,2,54,16,0,57,49,50,65,73,123
0,0,8,42,1,4,51,17,0,55,50,51,67,72,123
1,0,10,45,1,3,48,16,0,52,55,56,71,68,124
0,0,11,36,0,5,53,18,0,58,47,47,65,76,123
2,0,7,41,1,3,56,11,0,61,48,49,59,72,121
0,0,7,41,1,4,58,13,0,62,48,49,61,75,124
1,0,8,45,0,0,50,17,0,51,53,53,70,68,121
1,0,8,45,1,2,51,13,0,54,53,54,66,67,121
0,0,6,46,0,5,52,11,0,57,52,52,63,68,120
1,0,7,45,1,4,52,15,0,57,52,53,67,72,125
0,0,7,42,0,3,54,16,0,57,49,49,65,73,122
1,0,7,44,1,3,52,16,0,56,51,52,67,72,124
1,0,8,41,0,2,54,15,0,57,49,49,64,72,121
1,0,8,44,0,3,51,14,0,55,52,52,66,69,121
1,0,7,44,1,6,53,12,0,60,51,52,63,72,124
1,0,7,47,0,2,54,9,0,57,54,54,63,66,120
1,0,10,41,0,3,53,15,0,57,51,51,66,72,123
1,0,8,43,1,3,50,16,0,54,51,52,67,70,122
1,0,9,42,0,3,52,13,0,56,51,51,64,69,120
1,0,8,43,0,5,49,19,0,55,51,51,70,74,125
4,0,7,42,1,2,57,9,0,63,49,50,58,72,122
1,0,8,36,0,2,54,20,0,57,44,44,64,77,121
1,0,8,46,0,2,51,13,0,54,54,54,67,67,121
1,0,8,42,1,4,56,10,0,61,50,51,60,71,122
1,0,6,44,1,4,53,15,0,58,50,51,65,73,124
2,0,9,41,1,4,52,14,0,58,50,51,64,72,123
1,0,8,46,0,5,53,11,0,59,54,54,65,70,124
1,0,6,40,0,2,55,16,0,58,46,46,62,74,120
4,0,8,41,1,3,51,13,0,58,49,50,62,71,121
1,0,7,43,1,3,53,14,0,57,50,51,64,71,122
1,0,14,37,1,3,49,18,0,53,51,52,69,71,123
1,0,9,39,1,3,53,18,0,57,48,49,66,75,124
1,0,7,47,0,4,51,13,0,56,54,54,67,69,123
1,0,8,42,1,3,58,10,0,62,50,51,60,72,123
1,0,6,45,0,2,57,10,0,60,51,51,61,70,121
0,0,9,42,0,3,54,13,0,57,51,51,64,70,121
1,0,8,42,2,5,53,13,0,59,50,52,63,72,124
1,0,9,42,0,3,48,18,0,52,51,51,69,70,121
1,0,0,47,1,4,56,14,0,61,47,48,61,75,123
1,0,8,46,0,4,49,13,0,54,54,54,67,67,121
1,0,8,44,1,4,54,13,0,59,52,53,65,72,125
0,0,10,46,1,3,48,14,0,51,56,57,70,65,122
1,0,8,42,0,3,54,12,0,58,50,50,62,70,120
1,0,8,40,0,5,57,12,0,63,48,48,60,75,123
1,0,6,43,1,4,55,11,0,60,49,50,60,71,121
1,0,0,45,0,3,59,13,0,63,45,45,58,76,121
1,0,9,40,0,2,55,14,0,58,49,49,63,72,121
1,0,11,38,1,1,58,11,0,60,49,50,60,71,121
1,0,6,40,1,3,59,13,0,63,46,47,59,76,123
1,0,11,39,1,1,54,14,0,56,50,51,64,70,121
1,0,7,47,0,3,51,14,0,55,54,54,68,69,123
1,0,8,42,1,3,54,12,0,58,50,51,62,70,121
1,0,8,43,0,3,53,14,0,57,51,51,65,71,122
1,0,7,45,1,5,54,10,0,60,52,53,62,70,123
1,0,8,41,0,2,55,14,0,58,49,49,63,72,121
1,0,8,44,0,4,53,15,0,58,52,52,67,73,125
1,0,7,41,1,4,54,15,0,59,48,49,63,74,123
1,0,7,48,1,2,52,11,0,55,55,56,66,66,122
0,0,6,45,1,2,54,13,0,56,51,52,64,69,121
1,0,7,44,1,3,55,13,0,59,51,52,64,72,124
1,0,8,43,1,3,52,14,0,56,51,52,65,70,122
1,0,9,39,1,4,53,16,0,58,48,49,64,74,123
1,0,10,41,1,3,56,11,0,60,51,52,62,71,123
2,0,8,39,1,4,58,12,0,64,47,48,59,76,124
1,0,8,40,1,2,56,13,0,59,48,49,61,72,121
0,0,7,39,1,1,59,13,0,60,46,47,59,73,120
0,0,7,41,1,2,52,18,0,54,48,49,66,72,121
0,0,9,47,1,3,49,12,0,52,56,57,68,64,121
1,0,9,40,0,2,56,12,0,59,49,49,61,71,120
1,0,8,45,0,3,49,14,0,53,53,53,67,67,120
1,0,0,48,0,4,55,14,0,60,48,48,62,74,122
1,0,8,41,0,3,56,11,0,60,49,49,60,71,120
2,0,8,40,0,2,55,13,0,59,48,48,61,72,120
1,0,9,41,0,2,54,14,0,57,50,50,64,71,121
2,0,8,48,1,1,47,13,0,50,56,57,69,63,120
2,0,9,39,1,4,57,12,0,63,48,49,60,75,124
1,0,7,52,0,2,47,12,0,50,59,59,71,62,121
0,0,8,43,2,4,48,18,0,52,51,53,69,70,123
0,0,8,48,1,1,49,14,0,50,56,57,70,64,121
0,0,7,45,1,4,50,17,0,54,52,53,69,71,124
1,0,7,46,1,0,50,17,0,51,53,54,70,68,122
1,0,6,42,1,3,58,11,0,62,48,49,59,73,122
1,0,10,40,1,4,55,14,0,60,50,51,64,74,125
0,0,8,45,0,4,49,16,0,53,53,53,69,69,122
2,0,10,44,0,3,47,15,0,52,54,54,69,67,121
1,0,10,36,0,4,57,15,0,62,46,46,61,77,123
1,0,0,48,1,5,54,16,0,60,48,49,64,76,125
1,0,8,48,1,3,48,12,0,52,56,57,68,64,121
2,0,8,43,0,2,49,17,0,53,51,51,68,70,121
1,0,0,53,0,4,52,12,0,57,53,53,65,69,122
1,0,12,37,1,3,57,12,0,61,49,50,61,73,123
1,0,6,46,0,4,54,12,0,59,52,52,64,71,123
1,0,7,48,1,4,49,11,0,54,55,56,66,65,121
1,0,7,45,0,3,53,12,0,57,52,52,64,69,121
2,0,7,41,0,3,52,16,0,57,48,48,64,73,121
1,0,8,42,1,2,50,18,0,53,50,51,68,71,122
1,0,7,46,1,3,50,16,0,54,53,54,69,70,124
2,0,8,44,1,2,53,11,0,57,52,53,63,68,121
1,0,12,39,1,4,53,14,0,58,51,52,65,72,124
1,0,10,39,0,4,53,17,0,58,49,49,66,75,124
0,0,0,51,1,2,53,15,0,55,51,52,66,70,122
1,0,9,46,1,3,47,17,0,51,55,56,72,68,124
0,0,7,43,1,4,53,15,0,57,50,51,65,72,123
1,0,10,45,0,2,51,12,0,54,55,55,67,66,121
1,0,9,39,0,4,56,14,0,61,48,48,62,75,123
1,0,9,42,0,2,56,11,0,59,51,51,62,70,121
2,0,0,44,1,2,58,14,0,62,44,45,58,76,121
1,0,9,43,1,3,54,11,0,58,52,53,63,69,122
1,0,11,42,1,4,54,11,0,59,53,54,64,70,124
1,0,8,45,0,4,53,12,0,58,53,53,65,70,123
1,0,8,43,1,5,51,15,0,57,51,52,66,72,124
1,0,9,39,0,3,56,13,0,60,48,48,61,73,121
1,0,7,44,1,2,52,16,0,55,51,52,67,71,123
1,0,8,43,0,3,54,13,0,58,51,51,64,71,122
1,0,8,46,1,0,49,16,0,50,54,55,70,66,121
2,0,8,44,1,2,50,14,0,54,52,53,66,68,121
1,0,6,45,1,3,55,12,0,59,51,52,63,71,123
1,0,11,41,0,3,49,16,0,53,52,52,68,69,121
1,0,8,41,0,5,57,12,0,63,49,49,61,75,124
1,0,7,42,1,2,51,19,0,54,49,50,68,73,123
1,0,13,36,0,2,57,11,0,60,49,49,60,71,120
0,0,9,41,1,3,52,15,0,55,50,51,65,70,121
1,0,9,42,0,4,52,15,0,57,51,51,66,72,123
1,0,6,47,1,4,51,13,0,56,53,54,66,69,123
1,0,8,46,0,1,52,13,0,54,54,54,67,67,121
0,0,8,40,0,2,54,17,0,56,48,48,65,73,121
1,0,7,42,1,2,56,13,0,59,49,50,62,72,122
1,0,6,47,1,4,53,12,0,58,53,54,65,70,124
1,0,7,43,1,5,55,13,0,61,50,51,63,74,125
1,0,0,49,1,1,59,10,0,61,49,50,59,71,121
1,0,7,40,1,5,57,13,0,63,47,48,60,76,124
1,0,7,46,1,4,49,15,0,54,53,54,68,69,123
2,0,7,45,1,2,53,11,0,57,52,53,63,68,121
1,0,9,38,1,2,59,11,0,62,47,48,58,73,121
1,0,7,46,1,4,55,10,0,60,53,54,63,70,124
1,0,7,47,1,3,50,14,0,54,54,55,68,68,123
2,0,7,46,0,3,49,14,0,54,53,53,67,68,121
1,0,0,47,1,3,59,11,0,63,47,48,58,74,122
1,0,6,40,1,3,58,14,0,62,46,47,60,76,123
1,0,8,49,1,2,49,13,0,52,57,58,70,65,123
1,0,6,43,0,4,54,14,0,59,49,49,63,73,122
1,0,7,45,0,2,56,11,0,59,52,52,63,70,122
1,0,6,41,1,2,59,12,0,62,47,48,59,74,122
1,0,11,34,1,1,60,14,0,62,45,46,59,76,122
0,0,10,44,0,4,52,11,0,56,54,54,65,67,121
1,0,0,48,0,3,58,13,0,62,48,48,61,75,123
1,0,7,46,0,5,48,15,0,54,53,53,68,69,122
1,0,8,46,0,5,51,12,0,57,54,54,66,69,123
2,0,7,45,0,3,52,12,0,57,52,52,64,69,121
1,0,8,42,1,5,51,17,0,57,50,51,67,74,125
0,0,7,43,1,3,53,16,0,56,50,51,66,72,123
1,0,8,44,0,3,52,14,0,56,52,52,66,70,122
1,0,0,46,0,2,58,13,0,61,46,46,59,74,120
1,0,8,44,1,3,55,10,0,59,52,53,62,69,122
0,0,8,42,1,5,56,12,0,61,50,51,62,73,124
1,0,0,50,0,2,58,11,0,61,50,50,61,72,122
1,0,0,54,0,3,50,15,0,54,54,54,69,69,123
1,0,11,42,1,5,51,14,0,57,53,54,67,71,125
1,0,7,43,1,5,53,16,0,59,50,51,66,75,126
1,0,14,38,1,3,48,16,0,52,52,53,68,68,121
1,0,10,38,0,2,53,16,0,56,48,48,64,72,120
0,0,8,41,1,0,59,12,0,59,49,50,61,71,121
1,0,7,45,0,3,51,16,0,55,52,52,68,71,123
1,0,9,44,1,3,53,12,0,57,53,54,65,69,123
1,0,9,44,0,4,52,12,0,57,53,53,65,69,122
1,0,7,45,1,3,51,14,0,55,52,53,66,69,122
1,0,0,52,0,2,51,15,0,54,52,52,67,69,121
1,0,6,46,0,3,55,10,0,59,52,52,62,69,121
1,0,8,45,1,4,51,12,0,56,53,54,65,68,122
1,0,9,44,1,2,52,12,0,55,53,54,65,67,121
1,0,7,37,0,3,62,12,0,66,44,44,56,78,122
1,0,6,43,0,2,57,12,0,60,49,49,61,72,121
1,0,11,42,1,5,50,16,0,56,53,54,69,72,126
1,0,8,42,0,5,55,12,0,61,50,50,62,73,123
1,0,9,40,0,2,53,16,0,56,49,49,65,72,121
1,0,9,40,0,2,52,16,0,55,49,49,65,71,120
1,0,10,41,1,4,48,19,0,53,51,52,70,72,124
0,0,8,43,1,3,53,13,0,56,51,52,64,69,121
3,0,7,43,1,2,50,15,0,55,50,51,65,70,121
3,0,10,42,0,4,50,13,0,57,52,52,65,70,122
1,0,6,47,1,3,54,11,0,58,53,54,64,69,123
1,0,8,43,0,3,55,13,0,59,51,51,64,72,123
1,0,9,47,0,2,46,17,0,49,56,56,73,66,122
1,0,9,42,0,2,55,13,0,58,51,51,64,71,122
1,0,8,42,0,2,56,13,0,59,50,50,63,72,122
0,0,0,46,1,4,58,14,0,62,46,47,60,76,123
1,0,10,37,1,3,58,14,0,62,47,48,61,76,124
1,0,7,41,0,4,53,17,0,58,48,48,65,75,123
1,0,9,42,0,2,52,15,0,55,51,51,66,70,121
0,0,0,49,0,3,57,12,0,60,49,49,61,72,121
1,0,8,40,0,4,56,14,0,61,48,48,62,75,123
1,0,10,39,0,3,53,16,0,57,49,49,65,73,122
1,0,8,44,0,2,52,13,0,55,52,52,65,68,120
1,0,10,40,1,2,54,13,0,57,50,51,63,70,121
1,0,7,46,1,4,48,17,0,53,53,54,70,70,124
1,0,7,42,0,0,55,15,0,56,49,49,64,71,120
0,0,10,37,1,5,57,15,0,62,47,48,62,77,125
1,0,9,39,1,2,57,12,0,60,48,49,60,72,121
1,0,7,46,0,2,51,14,0,54,53,53,67,68,121
1,0,7,43,1,3,51,15,0,55,50,51,65,70,121
1,0,6,41,0,3,57,14,0,61,47,47,61,75,122
2,0,9,41,1,2,52,15,0,56,50,51,65,71,122
0,0,6,42,0,4,53,15,0,57,48,48,63,72,120
1,0,6,48,0,0,51,14,0,52,54,54,68,66,120
1,0,0,46,0,4,57,16,0,62,46,46,62,78,124
0,0,6,43,1,1,57,13,0,58,49,50,62,71,121
1,0,10,36,1,3,57,15,0,61,46,47,61,76,123
2,0,10,44,0,5,50,12,0,57,54,54,66,69,123
0,0,11,40,1,4,54,14,0,58,51,52,65,72,124
1,0,0,46,2,3,60,10,0,64,46,48,56,74,122
1,0,7,42,1,4,56,13,0,61,49,50,62,74,124
1,0,7,44,1,3,53,15,0,57,51,52,66,72,124
1,0,7,45,1,3,54,12,0,58,52,53,64,70,123
1,0,8,38,1,4,55,18,0,60,46,47,64,78,125
1,0,10,43,1,2,54,10,0,57,53,54,63,67,121
1,0,10,38,1,2,55,16,0,58,48,49,64,74,123
1,0,7,42,0,3,55,13,0,59,49,49,62,72,121
1,0,6,40,1,3,55,14,0,59,46,47,60,73,120
1,0,9,40,0,2,54,15,0,57,49,49,64,72,121
1,0,11,41,0,2,54,12,0,57,52,52,64,69,121
1,0,9,42,0,2,54,13,0,57,51,51,64,70,121
2,0,12,36,2,2,56,11,0,60,48,50,59,71,121
1,0,8,40,0,4,56,11,0,61,48,48,59,72,120
0,0,9,45,0,2,49,16,0,51,54,54,70,67,121
0,0,7,47,1,3,53,12,0,56,54,55,66,68,123
3,0,9,45,1,2,49,12,0,54,54,55,66,66,121
1,0,7,40,1,5,59,12,0,65,47,48,59,77,125
1,0,7,47,0,3,52,12,0,56,54,54,66,68,122
0,0,8,42,1,3,55,14,0,58,50,51,64,72,123
1,0,7,45,1,4,53,12,0,58,52,53,64,70,123
1,0,8,44,0,3,51,15,0,55,52,52,67,70,122
1,0,8,44,1,2,50,16,0,53,52,53,68,69,122
1,0,8,49,0,4,50,12,0,55,57,57,69,67,124
1,0,9,38,0,3,59,12,0,63,47,47,59,75,122
1,0,7,42,1,3,51,17,0,55,49,50,66,72,122
1,0,14,36,1,4,51,16,0,56,50,51,66,72,123
1,0,6,50,0,3,47,13,0,51,56,56,69,64,120
1,0,8,42,0,4,54,14,0,59,50,50,64,73,123
1,0,8,44,0,2,54,13,0,57,52,52,65,70,122
1,0,7,37,1,5,59,13,0,65,44,45,57,78,123
1,0,7,44,1,3,53,14,0,57,51,52,65,71,123
0,0,0,48,1,3,57,13,0,60,48,49,61,73,122
1,0,0,45,0,5,63,10,0,69,45,45,55,79,124
1,0,7,48,1,4,50,13,0,55,55,56,68,68,124
1,0,7,45,0,5,53,12,0,59,52,52,64,71,123
1,0,6,46,1,4,51,15,0,56,52,53,67,71,124
1,0,10,42,1,2,53,14,0,56,52,53,66,70,123
1,0,6,43,0,3,53,16,0,57,49,49,65,73,122
1,0,0,50,1,5,57,11,0,63,50,51,61,74,125
1,0,8,41,1,4,58,11,0,63,49,50,60,74,124
1,0,8,39,1,3,59,11,0,63,47,48,58,74,122
0,0,8,44,0,3,50,16,0,53,52,52,68,69,121
1,0,8,42,0,3,57,12,0,61,50,50,62,73,123
0,0,10,40,1,3,54,15,0,57,50,51,65,72,123
1,0,8,45,1,1,51,15,0,53,53,54,68,68,122
1,0,8,44,0,4,54,9,0,59,52,52,61,68,120
1,0,7,43,0,4,51,15,0,56,50,50,65,71,121
2,0,9,36,0,3,57,15,0,62,45,45,60,77,122
1,0,7,43,0,2,55,13,0,58,50,50,63,71,121
1,0,11,41,0,3,51,16,0,55,52,52,68,71,123
0,0,9,41,1,1,53,16,0,54,50,51,66,70,121
1,0,9,40,1,2,57,12,0,60,49,50,61,72,122
0,0,9,41,1,3,54,13,0,57,50,51,63,70,121
1,0,10,41,0,3,51,15,0,55,51,51,66,70,121
1,0,8,41,0,2,57,12,0,60,49,49,61,72,121
0,0,7,50,1,3,53,9,0,56,57,58,66,65,123
1,0,6,41,1,2,57,13,0,60,47,48,60,73,121
1,0,10,43,1,0,56,11,0,57,53,54,64,68,122
1,0,6,45,0,2,53,14,0,56,51,51,65,70,121
1,0,7,43,0,3,56,12,0,60,50,50,62,72,122
1,0,7,41,0,2,56,14,0,59,48,48,62,73,121
1,0,6,44,0,1,54,14,0,56,50,50,64,70,120
1,0,6,45,0,2,50,16,0,53,51,51,67,69,120
1,0,10,39,1,3,56,10,0,60,49,50,59,70,120
1,0,9,38,1,3,58,12,0,62,47,48,59,74,122
1,0,12,34,1,3,55,16,0,59,46,47,62,75,122
0,0,6,45,0,2,57,10,0,59,51,51,61,69,120
2,0,8,38,0,3,56,14,0,61,46,46,60,75,121
0,0,6,49,1,2,50,13,0,52,55,56,68,65,121
4,0,10,40,0,3,53,12,0,60,50,50,62,72,122
1,0,8,41,1,2,51,17,0,54,49,50,66,71,121
1,0,8,44,1,4,52,12,0,57,52,53,64,69,122
1,0,8,41,1,4,55,13,0,60,49,50,62,73,123
2,0,11,35,0,4,55,15,0,61,46,46,61,76,122
3,0,8,44,1,6,52,10,0,61,52,53,62,71,124
0,0,9,41,1,3,58,11,0,61,50,51,61,72,123
1,0,0,47,0,3,59,12,0,63,47,47,59,75,122
1,0,8,43,2,2,52,13,0,55,51,53,64,68,121
1,0,10,39,0,5,52,16,0,58,49,49,65,74,123
1,0,8,43,1,3,57,9,0,61,51,52,60,70,122
1,0,11,42,0,2,56,10,0,59,53,53,63,69,122
0,0,9,39,1,3,56,14,0,59,48,49,62,73,122
1,0,8,44,1,5,54,13,0,60,52,53,65,73,126
1,0,9,42,0,3,56,12,0,60,51,51,63,72,123
0,0,15,35,1,3,53,15,0,56,50,51,65,71,122
1,0,0,47,1,3,48,21,0,52,47,48,68,73,121
1,0,9,44,0,3,51,13,0,55,53,53,66,68,121
1,0,0,48,1,6,58,12,0,65,48,49,60,77,126
1,0,7,42,0,4,56,13,0,61,49,49,62,74,123
1,0,8,42,1,4,52,17,0,57,50,51,67,74,125
1,0,11,40,1,3,52,14,0,56,51,52,65,70,122
1,0,10,38,1,6,51,14,0,58,48,49,62,72,121
1,0,7,50,1,1,50,12,0,52,57,58,69,64,122
0,0,0,47,1,4,54,17,0,58,47,48,64,75,123
0,0,11,40,0,5,51,17,0,56,51,51,68,73,124
1,0,9,41,0,2,52,15,0,55,50,50,65,70,120
1,0,10,39,1,5,54,15,0,60,49,50,64,75,125
2,0,7,45,0,3,52,12,0,57,52,52,64,69,121
1,0,10,38,1,5,56,13,0,62,48,49,61,75,124
1,0,8,44,1,2,55,11,0,58,52,53,63,69,122
1,0,8,41,0,2,59,11,0,62,49,49,60,73,122
1,0,6,41,1,4,56,15,0,61,47,48,62,76,124
0,0,11,42,0,5,49,17,0,54,53,53,70,71,124
1,0,10,41,0,3,54,13,0,58,51,51,64,71,122
0,0,7,45,1,3,55,11,0,58,52,53,63,69,122
1,0,7,47,1,3,52,11,0,56,54,55,65,67,122
1,0,8,46,0,5,48,17,0,54,54,54,71,71,125
1,0,8,41,0,3,54,15,0,58,49,49,64,73,122
3,0,9,39,1,3,58,9,0,64,48,49,57,73,122
1,0,8,43,0,3,50,16,0,54,51,51,67,70,121
0,0,8,43,0,3,51,16,0,54,51,51,67,70,121
1,0,8,40,1,2,52,17,0,55,48,49,65,72,121
1,0,7,46,1,2,52,12,0,55,53,54,65,67,121
2,0,6,42,1,4,55,13,0,61,48,49,61,74,123
1,0,8,39,1,2,61,10,0,64,47,48,57,74,122
1,0,8,40,1,2,52,17,0,55,48,49,65,72,121
1,0,10,39,0,3,48,21,0,52,49,49,70,73,122
1,0,9,42,0,4,48,20,0,53,51,51,71,73,124
1,0,9,39,0,3,53,15,0,57,48,48,63,72,120
1,0,9,46,0,4,51,10,0,56,55,55,65,66,121
1,0,6,48,0,5,47,17,0,53,54,54,71,70,124
1,0,6,44,0,4,57,11,0,62,50,50,61,73,123
1,0,10,43,0,2,51,13,0,54,53,53,66,67,120
1,0,9,41,1,4,53,14,0,58,50,51,64,72,123
1,0,8,44,1,2,52,14,0,55,52,53,66,69,122
0,0,8,45,0,3,56,9,0,59,53,53,62,68,121
0,0,11,45,0,2,54,8,0,56,56,56,64,64,120
0,0,9,37,0,2,58,14,0,60,46,46,60,74,120
0,0,8,42,1,6,53,16,0,59,50,51,66,75,126
1,0,8,43,1,2,55,13,0,58,51,52,64,71,123
1,0,9,45,0,5,51,12,0,57,54,54,66,69,123
1,0,9,42,1,4,54,14,0,59,51,52,65,73,125
1,0,8,41,1,2,53,15,0,56,49,50,64,71,121
1,0,9,39,0,4,54,16,0,59,48,48,64,75,123
0,0,9,41,1,5,51,18,0,56,50,51,68,74,125
2,0,8,42,1,2,56,10,0,60,50,51,60,70,121
0,0,9,35,1,3,57,16,0,60,44,45,60,76,121
1,0,6,51,1,4,47,14,0,52,57,58,71,66,124
1,0,8,40,1,4,56,13,0,61,48,49,61,74,123
0,0,8,46,0,2,51,14,0,53,54,54,68,67,121
2,0,12,39,1,2,52,12,0,56,51,52,63,68,120
1,0,7,43,0,4,58,10,0,63,50,50,60,73,123
1,0,10,39,0,2,52,16,0,55,49,49,65,71,120
0,0,8,42,0,3,60,8,0,63,50,50,58,71,121
1,0,9,40,0,5,55,13,0,61,49,49,62,74,123
1,0,6,37,1,3,57,17,0,61,43,44,60,78,122
1,0,8,43,1,4,48,18,0,53,51,52,69,71,123
1,0,6,44,0,2,54,14,0,57,50,50,64,71,121
1,0,0,48,1,2,58,11,0,61,48,49,59,72,121
1,0,0,47,0,2,59,12,0,62,47,47,59,74,121
1,0,6,48,1,2,50,14,0,53,54,55,68,67,122
1,0,11,40,1,2,53,14,0,56,51,52,65,70,122
1,0,8,38,0,3,54,19,0,58,46,46,65,77,123
1,0,6,50,0,1,51,12,0,53,56,56,68,65,121
3,0,7,43,1,3,53,13,0,59,50,51,63,72,123
1,0,7,47,1,2,48,17,0,51,54,55,71,68,123
3,0,7,42,1,4,47,17,0,54,49,50,66,71,121
1,0,0,50,0,2,56,12,0,59,50,50,62,71,121
1,0,7,45,1,3,53,13,0,57,52,53,65,70,123
1,0,10,38,1,4,55,13,0,60,48,49,61,73,122
1,0,8,43,1,4,57,8,0,62,51,52,59,70,122
0,0,7,41,1,2,57,13,0,59,48,49,61,72,121
0,0,9,39,0,2,57,13,0,59,48,48,61,72,120
1,0,8,41,0,3,53,14,0,57,49,49,63,71,120
1,0,7,42,1,2,59,9,0,62,49,50,58,71,121
1,0,7,42,1,3,54,15,0,58,49,50,64,73,123
1,0,0,47,1,3,58,13,0,62,47,48,60,75,123
1,0,8,43,0,2,47,20,0,50,51,51,71,70,121
1,0,10,42,1,1,51,15,0,53,52,53,67,68,121
1,0,0,52,1,2,51,16,0,54,52,53,68,70,123
1,0,9,43,1,4,51,15,0,56,52,53,67,71,124
1,0,7,44,1,4,47,18,0,52,51,52,69,70,122
1,0,8,42,0,2,53,14,0,56,50,50,64,70,120
1,0,7,40,0,3,58,13,0,62,47,47,60,75,122
1,0,10,43,0,5,49,16,0,55,53,53,69,71,124
1,0,7,46,1,3,52,11,0,56,53,54,64,67,121
1,0,7,45,0,3,51,14,0,55,52,52,66,69,121
1,0,0,48,1,3,51,18,0,55,48,49,66,73,122
1,0,8,43,0,2,53,14,0,56,51,51,65,70,121
1,0,8,44,0,2,55,12,0,58,52,52,64,70,122
0,0,7,48,0,0,50,15,0,50,55,55,70,65,120
0,0,9,40,1,3,59,10,0,62,49,50,59,72,122
1,0,10,40,0,5,54,13,0,60,50,50,63,73,123
1,0,7,43,1,2,54,13,0,57,50,51,63,70,121
1,0,7,46,0,2,51,13,0,54,53,53,66,67,120
1,0,6,43,1,4,53,15,0,58,49,50,64,73,123
1,0,10,40,0,2,52,16,0,55,50,50,66,71,121
1,0,7,42,0,3,53,14,0,57,49,49,63,71,120
0,0,6,41,0,4,54,16,0,58,47,47,63,74,121
1,0,10,42,0,1,50,16,0,52,52,52,68,68,120
0,0,10,40,0,6,53,11,0,59,50,50,61,70,120
1,0,7,42,1,4,53,17,0,58,49,50,66,75,125
1,0,9,43,0,4,49,14,0,54,52,52,66,68,120
1,0,7,44,1,3,57,10,0,61,51,52,61,71,123
1,0,0,48,1,4,53,17,0,58,48,49,65,75,124
1,0,9,40,0,2,58,10,0,61,49,49,59,71,120
1,0,9,42,0,4,53,13,0,58,51,51,64,71,122
1,0,9,41,0,3,59,10,0,63,50,50,60,73,123
1,0,9,40,1,3,55,13,0,59,49,50,62,72,122
1,0,11,42,1,2,49,16,0,52,53,54,69,68,122
1,0,0,49,0,3,56,12,0,60,49,49,61,72,121
2,0,7,43,0,3,50,16,0,55,50,50,66,71,121
1,0,11,37,0,3,58,11,0,62,48,48,59,73,121
1,0,8,42,1,2,52,15,0,55,50,51,65,70,121
1,0,8,41,1,4,57,11,0,62,49,50,60,73,123
0,0,7,43,1,2,56,12,0,58,50,51,62,70,121
1,0,0,52,1,2,53,14,0,56,52,53,66,70,123
1,0,9,41,1,2,58,11,0,61,50,51,61,72,123
0,0,10,42,0,3,52,14,0,55,52,52,66,69,121
1,0,11,42,1,4,51,15,0,56,53,54,68,71,125
1,0,9,40,0,2,57,12,0,60,49,49,61,72,121
0,0,8,43,1,3,51,16,0,54,51,52,67,70,122
1,0,8,43,0,3,52,14,0,56,51,51,65,70,121
1,0,7,41,1,4,56,14,0,61,48,49,62,75,124
0,0,0,52,1,3,51,15,0,54,52,53,67,69,122
1,0,7,41,1,4,57,12,0,62,48,49,60,74,123
1,0,7,43,0,1,52,16,0,54,50,50,66,70,120
1,0,9,37,0,2,59,12,0,62,46,46,58,74,120
2,0,7,41,1,2,55,13,0,59,48,49,61,72,121
1,0,8,39,0,3,59,12,0,63,47,47,59,75,122
0,0,7,45,0,3,53,14,0,56,52,52,66,70,122
1,0,8,43,1,3,55,12,0,59,51,52,63,71,123
0,0,10,43,0,3,47,17,0,50,53,53,70,67,120
1,0,8,41,0,2,52,18,0,55,49,49,67,73,122
1,0,0,50,1,1,59,10,0,61,50,51,60,71,122
0,0,11,41,0,3,54,13,0,57,52,52,65,70,122
1,0,8,44,1,2,51,15,0,54,52,53,67,69,122
1,0,8,43,1,2,51,15,0,54,51,52,66,69,121
0,0,12,43,0,4,54,9,0,58,55,55,64,67,122
1,0,7,44,0,3,54,13,0,58,51,51,64,71,122
1,0,7,43,1,3,58,10,0,62,50,51,60,72,123
1,0,7,43,0,2,55,13,0,58,50,50,63,71,121
1,0,7,41,0,5,56,13,0,62,48,48,61,75,123
1,0,6,45,1,5,48,16,0,54,51,52,67,70,122
0,0,7,49,1,0,50,14,0,50,56,57,70,64,121
1,0,10,39,1,2,56,13,0,59,49,50,62,72,122
0,0,6,47,1,3,48,17,0,51,53,54,70,68,122
2,0,10,40,0,4,54,13,0,60,50,50,63,73,123
1,0,7,46,0,3,52,12,0,56,53,53,65,68,121
0,0,9,39,0,4,57,14,0,61,48,48,62,75,123
0,0,9,40,1,2,57,12,0,59,49,50,61,71,121
1,0,8,44,0,2,53,12,0,56,52,52,64,68,120
1,0,7,40,1,3,59,11,0,63,47,48,58,74,122
1,0,8,43,0,3,51,15,0,55,51,51,66,70,121
1,0,11,40,1,1,54,13,0,56,51,52,64,69,121
1,0,8,47,0,3,46,18,0,50,55,55,73,68,123
1,0,7,43,0,2,52,15,0,55,50,50,65,70,120
1,0,0,52,1,4,50,15,0,55,52,53,67,70,123
1,0,9,39,1,5,54,17,0,60,48,49,65,77,126
1,0,7,46,1,3,53,10,0,57,53,54,63,67,121
1,0,6,43,0,4,56,14,0,61,49,49,63,75,124
1,0,7,48,1,3,49,13,0,53,55,56,68,66,122
1,0,8,47,1,3,50,11,0,54,55,56,66,65,121
1,0,9,38,1,1,55,17,0,57,47,48,64,74,122
1,0,9,41,0,2,55,13,0,58,50,50,63,71,121
1,0,9,40,0,2,54,16,0,57,49,49,65,73,122
1,0,0,51,0,6,50,17,0,57,51,51,68,74,125
0,0,9,39,1,2,53,18,0,55,48,49,66,73,122
1,0,9,41,1,2,58,10,0,61,50,51,60,71,122
1,0,7,43,0,2,53,15,0,56,50,50,65,71,121
1,0,8,41,1,4,53,13,0,58,49,50,62,71,121
1,0,9,42,0,2,49,18,0,52,51,51,69,70,121
1,0,7,44,1,3,54,13,0,58,51,52,64,71,123
1,0,8,44,1,5,52,14,0,58,52,53,66,72,125
1,0,8,47,0,0,50,14,0,51,55,55,69,65,120
2,0,0,51,0,0,52,15,0,54,51,51,66,69,120
1,0,7,43,1,4,53,13,0,58,50,51,63,71,122
1,0,9,47,0,3,49,14,0,53,56,56,70,67,123
1,0,9,46,1,3,49,14,0,53,55,56,69,67,123
0,0,10,48,0,3,45,16,0,48,58,58,74,64,122
1,0,9,43,0,1,55,12,0,57,52,52,64,69,121
2,0,7,45,1,2,54,10,0,58,52,53,62,68,121
0,0,8,40,1,3,56,13,0,59,48,49,61,72,121
0,0,10,39,1,2,55,14,0,57,49,50,63,71,121
1,0,7,42,1,4,54,15,0,59,49,50,64,74,124
1,0,10,38,1,2,53,17,0,56,48,49,65,73,122
1,0,11,36,0,3,59,11,0,63,47,47,58,74,121
2,0,9,39,0,3,57,11,0,62,48,48,59,73,121
0,0,8,47,1,3,52,10,0,55,55,56,65,65,121
1,0,8,41,0,4,51,18,0,56,49,49,67,74,123
1,0,11,41,0,0,51,16,0,52,52,52,68,68,120
1,0,6,42,0,1,58,13,0,60,48,48,61,73,121
1,0,7,41,1,2,56,15,0,59,48,49,63,74,123
1,0,10,49,1,4,47,13,0,52,59,60,72,65,125
2,0,8,43,1,3,51,14,0,56,51,52,65,70,122
3,0,7,46,0,3,52,10,0,58,53,53,63,68,121
1,0,0,46,0,3,54,18,0,58,46,46,64,76,122
1,0,9,44,0,3,51,12,0,55,53,53,65,67,120
1,0,8,44,1,3,53,12,0,57,52,53,64,69,122
1,0,0,45,1,3,57,15,0,61,45,46,60,76,122
1,0,9,41,0,3,52,15,0,56,50,50,65,71,121
1,0,7,39,1,3,55,16,0,59,46,47,62,75,122
1,0,0,48,0,2,54,17,0,57,48,48,65,74,122
1,0,9,47,1,3,49,14,0,53,56,57,70,67,124
0,0,10,41,1,4,53,13,0,57,51,52,64,70,122
3,0,9,39,1,3,55,13,0,61,48,49,61,74,123
1,0,8,42,1,4,55,12,0,60,50,51,62,72,123
2,0,8,40,0,4,54,14,0,60,48,48,62,74,122
1,0,9,44,1,3,52,12,0,56,53,54,65,68,122
2,0,0,47,1,3,58,10,0,63,47,48,57,73,121
2,0,0,46,1,4,54,14,0,60,46,47,60,74,121
1,0,8,43,1,5,49,18,0,55,51,52,69,73,125
1,0,8,40,0,4,60,9,0,65,48,48,57,74,122
1,0,0,50,1,2,55,13,0,58,50,51,63,71,122
1,0,11,39,0,4,50,19,0,55,50,50,69,74,124
2,0,11,42,0,5,50,13,0,57,53,53,66,70,123
1,0,10,40,0,4,57,10,0,62,50,50,60,72,122
1,0,9,41,1,0,54,16,0,55,50,51,66,71,122
1,0,10,42,1,1,51,16,0,53,52,53,68,69,122
1,0,10,38,1,5,58,11,0,64,48,49,59,75,124
2,0,7,41,1,2,55,13,0,59,48,49,61,72,121
2,0,10,40,1,4,56,11,0,62,50,51,61,73,124
1,0,9,38,0,6,53,13,0,60,47,47,60,73,120
1,0,8,43,0,2,52,14,0,55,51,51,65,69,120
1,0,7,44,0,3,54,14,0,58,51,51,65,72,123
1,0,0,50,1,4,54,14,0,59,50,51,64,73,124
1,0,11,43,1,3,51,12,0,55,54,55,66,67,122
1,0,6,46,0,4,54,13,0,59,52,52,65,72,124
1,0,8,45,1,3,48,16,0,52,53,54,69,68,122
1,0,7,48,1,2,49,15,0,52,55,56,70,67,123
0,0,7,45,1,4,52,14,0,56,52,53,66,70,123
0,0,12,41,0,3,51,15,0,54,53,53,68,69,122
1,0,7,46,1,6,49,12,0,56,53,54,65,68,122
1,0,6,44,1,5,53,15,0,59,50,51,65,74,125
0,0,11,41,0,2,54,12,0,56,52,52,64,68,120
1,0,7,47,1,3,53,11,0,57,54,55,65,68,123
3,0,8,43,1,2,48,15,0,53,51,52,66,68,120
0,0,7,46,1,3,55,10,0,58,53,54,63,68,122
1,0,8,42,1,3,53,13,0,57,50,51,63,70,121
0,0,7,46,0,4,51,14,0,55,53,53,67,69,122
1,0,7,43,0,2,52,16,0,55,50,50,66,71,121
1,0,8,46,0,4,50,12,0,55,54,54,66,67,121
3,0,8,39,0,0,60,10,0,63,47,47,57,73,120
1,0,9,45,0,5,50,13,0,56,54,54,67,69,123
1,0,0,51,1,4,52,16,0,57,51,52,67,73,125
1,0,8,42,1,4,52,13,0,57,50,51,63,70,121
0,0,8,38,1,0,60,14,0,60,46,47,60,74,121
1,0,7,43,0,2,56,11,0,59,50,50,61,70,120
0,0,0,48,0,4,57,13,0,61,48,48,61,74,122
1,0,6,45,1,4,56,11,0,61,51,52,62,72,124
1,0,7,40,1,2,56,14,0,59,47,48,61,73,121
0,0,7,43,1,2,57,12,0,59,50,51,62,71,122
0,0,10,41,0,3,53,13,0,56,51,51,64,69,120
0,0,15,33,1,5,52,15,0,57,48,49,63,72,121
3,0,8,40,0,2,57,11,0,62,48,48,59,73,121
1,0,8,44,1,4,55,10,0,60,52,53,62,70,123
1,0,6,49,1,3,50,11,0,54,55,56,66,65,121
1,0,9,48,1,3,47,13,0,51,57,58,70,64,122
2,0,10,41,1,2,52,13,0,56,51,52,64,69,121
1,0,8,44,0,4,54,11,0,59,52,52,63,70,122
1,0,10,42,1,4,54,11,0,59,52,53,63,70,123
0,0,0,50,0,2,52,16,0,54,50,50,66,70,120
1,0,9,42,1,2,53,14,0,56,51,52,65,70,122
0,0,7,44,1,3,53,13,0,56,51,52,64,69,121
1,0,11,42,0,4,52,14,0,57,53,53,67,71,124
1,0,0,48,1,2,54,16,0,57,48,49,64,73,122
0,0,9,43,1,2,52,14,0,54,52,53,66,68,121
1,0,0,50,0,1,54,14,0,56,50,50,64,70,120
3,0,11,35,1,5,57,13,0,65,46,47,59,78,125
1,0,8,40,1,2,56,13,0,59,48,49,61,72,121
1,0,10,41,1,4,56,11,0,61,51,52,62,72,124
1,0,7,48,1,4,46,14,0,51,55,56,69,65,121
0,0,6,44,0,3,55,14,0,58,50,50,64,72,122
0,0,7,45,1,3,54,12,0,57,52,53,64,69,122
1,0,7,44,1,6,57,10,0,64,51,52,61,74,126
0,0,7,45,0,2,55,12,0,57,52,52,64,69,121
0,0,7,44,1,4,53,15,0,57,51,52,66,72,124
1,0,8,39,0,2,60,10,0,63,47,47,57,73,120
1,0,6,50,0,2,50,13,0,53,56,56,69,66,122
0,0,8,41,0,3,55,14,0,58,49,49,63,72,121
1,0,0,46,0,3,59,11,0,63,46,46,57,74,120
1,0,10,41,0,2,52,14,0,55,51,51,65,69,120
1,0,0,49,1,4,53,13,0,58,49,50,62,71,121
0,0,9,43,1,4,55,11,0,59,52,53,63,70,123
0,0,8,45,1,3,49,15,0,52,53,54,68,67,121
1,0,7,46,0,4,55,10,0,60,53,53,63,70,123
0,0,8,44,1,3,51,14,0,54,52,53,66,68,121
1,0,10,43,1,4,53,13,0,58,53,54,66,71,125
1,0,7,44,1,4,52,14,0,57,51,52,65,71,123
0,0,9,42,0,3,51,16,0,54,51,51,67,70,121
0,0,0,45,1,4,61,12,0,65,45,46,57,77,123
1,0,7,40,0,5,55,14,0,61,47,47,61,75,122
0,0,9,42,1,3,53,15,0,56,51,52,66,71,123
1,0,7,42,1,2,52,17,0,55,49,50,66,72,122
1,0,7,44,1,3,53,14,0,57,51,52,65,71,123
1,0,7,41,1,6,57,11,0,64,48,49,59,75,124
0,0,8,41,1,2,59,10,0,61,49,50,59,71,121
0,0,10,44,1,4,49,16,0,53,54,55,70,69,124
1,0,0,41,1,3,61,14,0,65,41,42,55,79,121
1,0,7,48,1,4,51,9,0,56,55,56,64,65,121
1,0,0,50,1,3,56,12,0,60,50,51,62,72,123
0,0,0,47,1,2,58,13,0,60,47,48,60,73,121
1,0,9,44,1,0,51,15,0,52,53,54,68,67,121
1,0,9,44,1,4,52,14,0,57,53,54,67,71,125
1,0,10,36,1,2,55,17,0,58,46,47,63,75,122
1,0,9,41,0,4,56,11,0,61,50,50,61,72,122
2,0,8,38,1,5,56,14,0,63,46,47,60,77,124
0,0,9,38,0,5,55,17,0,60,47,47,64,77,124
1,0,10,41,0,4,53,13,0,58,51,51,64,71,122
3,0,8,41,1,4,56,11,0,63,49,50,60,74,124
1,0,14,37,1,5,46,19,0,52,51,52,70,71,123
1,0,9,46,0,2,47,15,0,50,55,55,70,65,120
1,0,9,36,1,6,57,15,0,64,45,46,60,79,125
1,0,8,40,1,4,56,15,0,61,48,49,63,76,125
1,0,8,43,1,3,51,16,0,55,51,52,67,71,123
0,0,0,53,1,5,50,14,0,55,53,54,67,69,123
1,0,9,39,0,3,54,15,0,58,48,48,63,73,121
1,0,8,39,0,4,54,18,0,59,47,47,65,77,124
1,0,9,44,0,3,49,16,0,53,53,53,69,69,122
1,0,0,52,1,0,55,13,0,56,52,53,65,69,122
0,0,13,38,0,3,53,14,0,56,51,51,65,70,121
1,0,10,41,0,4,51,16,0,56,51,51,67,72,123
1,0,0,51,0,2,51,15,0,54,51,51,66,69,120
1,0,10,40,1,1,54,15,0,56,50,51,65,71,122
0,0,11,40,1,5,53,14,0,58,51,52,65,72,124
2,0,9,39,0,2,55,13,0,59,48,48,61,72,120
1,0,8,43,1,2,55,12,0,58,51,52,63,70,122
1,0,8,42,0,3,53,15,0,57,50,50,65,72,122
1,0,11,41,1,4,48,17,0,53,52,53,69,70,123
1,0,7,46,1,4,54,10,0,59,53,54,63,69,123
1,0,6,49,1,3,47,15,0,51,55,56,70,66,122
1,0,9,38,1,3,56,15,0,60,47,48,62,75,123
0,0,6,45,1,4,53,13,0,57,51,52,64,70,122
1,0,8,50,1,2,48,13,0,51,58,59,71,64,123
1,0,10,38,1,3,56,13,0,60,48,49,61,73,122
1,0,9,40,0,2,54,16,0,57,49,49,65,73,122
1,0,7,46,0,2,47,17,0,50,53,53,70,67,120
2,0,9,38,1,4,52,17,0,58,47,48,64,75,123
1,0,8,45,0,4,52,14,0,57,53,53,67,71,124
1,0,7,48,1,3,49,13,0,53,55,56,68,66,122
1,0,8,41,1,3,52,16,0,56,49,50,65,72,122
0,0,0,48,0,4,53,18,0,57,48,48,66,75,123
0,0,9,41,0,3,53,15,0,56,50,50,65,71,121
1,0,7,42,1,2,57,12,0,60,49,50,61,72,122
0,0,9,42,1,4,54,14,0,58,51,52,65,72,124
1,0,7,40,1,3,54,17,0,58,47,48,64,75,123
1,0,7,46,0,4,53,12,0,58,53,53,65,70,123
1,0,8,37,1,2,54,18,0,57,45,46,63,75,121
1,0,0,49,1,3,57,11,0,61,49,50,60,72,122
1,0,7,40,1,2,58,12,0,61,47,48,59,73,121
0,0,8,42,0,3,51,18,0,54,50,50,68,72,122
0,0,6,46,0,6,57,10,0,63,52,52,62,73,125
1,0,0,49,1,2,56,14,0,59,49,50,63,73,123
1,0,0,48,0,1,60,10,0,62,48,48,58,72,120
1,0,9,42,1,3,54,12,0,58,51,52,63,70,122
1,0,8,42,1,4,58,9,0,63,50,51,59,72,123
1,0,10,37,0,4,53,15,0,58,47,47,62,73,120
1,0,6,43,1,4,55,13,0,60,49,50,62,73,123
0,0,10,42,0,2,53,13,0,55,52,52,65,68,120
2,0,8,45,1,2,50,13,0,54,53,54,66,67,121
1,0,9,43,0,3,50,16,0,54,52,52,68,70,122
1,0,8,40,0,3,55,14,0,59,48,48,62,73,121
0,0,8,45,0,3,54,12,0,57,53,53,65,69,122
1,0,0,52,1,2,51,15,0,54,52,53,67,69,122
1,0,8,42,0,0,50,19,0,51,50,50,69,70,120
1,0,7,42,1,4,54,15,0,59,49,50,64,74,124
1,0,8,45,1,2,50,15,0,53,53,54,68,68,122
0,0,8,42,0,6,56,13,0,62,50,50,63,75,125
1,0,7,46,0,5,51,14,0,57,53,53,67,71,124
1,0,14,35,1,4,53,15,0,58,49,50,64,73,123
1,0,9,39,0,3,56,12,0,60,48,48,60,72,120
2,0,11,39,1,3,52,15,0,57,50,51,65,72,123
1,0,11,39,0,3,60,9,0,64,50,50,59,73,123
1,0,9,38,0,1,55,16,0,57,47,47,63,73,120
1,0,8,39,1,4,56,15,0,61,47,48,62,76,124
1,0,12,40,1,3,47,18,0,51,52,53,70,69,122
1,0,8,45,1,3,50,13,0,54,53,54,66,67,121
1,0,8,41,1,5,52,18,0,58,49,50,67,76,126
1,0,8,43,0,2,55,11,0,58,51,51,62,69,120
2,0,7,38,0,4,59,13,0,65,45,45,58,78,123
0,0,0,53,0,2,52,14,0,54,53,53,67,68,121
0,0,8,39,0,2,59,12,0,61,47,47,59,73,120
1,0,9,39,0,4,58,11,0,63,48,48,59,74,122
0,0,10,39,1,2,53,16,0,55,49,50,65,71,121
1,0,11,43,0,5,53,11,0,59,54,54,65,70,124
0,0,10,40,1,3,52,16,0,55,50,51,66,71,122
0,0,8,43,0,5,50,17,0,55,51,51,68,72,123
1,0,8,43,0,3,52,14,0,56,51,51,65,70,121
0,0,8,45,1,4,52,14,0,56,53,54,67,70,124
1,0,9,41,0,3,59,9,0,63,50,50,59,72,122
1,0,9,41,1,3,52,15,0,56,50,51,65,71,122
1,0,10,43,0,4,51,12,0,56,53,53,65,68,121
1,0,9,42,1,2,53,15,0,56,51,52,66,71,123
1,0,12,38,1,1,52,17,0,54,50,51,67,71,122
0,0,10,42,0,6,54,13,0,60,52,52,65,73,125
1,0,8,40,1,4,57,13,0,62,48,49,61,75,124
1,0,6,46,0,4,53,13,0,58,52,52,65,71,123
1,0,0,47,1,4,55,14,0,60,47,48,61,74,122
1,0,0,53,0,2,54,11,0,57,53,53,64,68,121
1,0,8,40,1,5,55,14,0,61,48,49,62,75,124
1,0,6,43,0,2,55,15,0,58,49,49,64,73,122
1,0,7,46,1,1,53,13,0,55,53,54,66,68,122
1,0,0,47,1,2,57,14,0,60,47,48,61,74,122
1,0,7,44,1,3,52,15,0,56,51,52,66,71,123
1,0,6,45,1,3,52,14,0,56,51,52,65,70,122
1,0,0,51,1,4,48,19,0,53,51,52,70,72,124
1,0,9,43,1,2,50,16,0,53,52,53,68,69,122
0,0,7,43,1,4,54,12,0,58,50,51,62,70,121
1,0,11,34,1,3,53,21,0,57,45,46,66,78,124
1,0,9,44,0,3,53,13,0,57,53,53,66,70,123
2,0,11,44,1,5,50,11,0,57,55,56,66,68,124
1,0,0,46,0,6,53,14,0,60,46,46,60,74,120
1,0,7,44,1,2,51,17,0,54,51,52,68,71,123
1,0,11,40,0,5,52,14,0,58,51,51,65,72,123
1,0,6,43,1,3,56,12,0,60,49,50,61,72,122
0,0,0,47,1,3,59,13,0,62,47,48,60,75,123
1,0,0,48,1,3,55,14,0,59,48,49,62,73,122
0,0,6,41,0,4,55,14,0,59,47,47,61,73,120
0,0,0,50,0,3,51,16,0,54,50,50,66,70,120
1,0,0,45,0,3,60,14,0,64,45,45,59,78,123
1,0,7,45,1,3,54,11,0,58,52,53,63,69,122
1,0,11,41,1,1,50,17,0,52,52,53,69,69,122
1,0,11,46,1,5,51,11,0,57,57,58,68,68,126
1,0,7,44,1,3,53,13,0,57,51,52,64,70,122
0,0,8,44,1,3,51,14,0,54,52,53,66,68,121
2,0,7,47,0,5,50,13,0,57,54,54,67,70,124
1,0,8,41,1,3,55,13,0,59,49,50,62,72,122
2,0,8,43,0,4,48,17,0,54,51,51,68,71,122
0,0,9,42,1,3,55,11,0,58,51,52,62,69,121
1,0,6,47,1,2,52,13,0,55,53,54,66,68,122
1,0,9,43,1,5,54,12,0,60,52,53,64,72,125
1,0,12,42,1,3,50,14,0,54,54,55,68,68,123
1,0,9,39,0,4,55,15,0,60,48,48,63,75,123
0,0,6,47,0,4,51,12,0,55,53,53,65,67,120
1,0,6,42,0,4,55,15,0,60,48,48,63,75,123
1,0,8,43,0,2,54,12,0,57,51,51,63,69,120
1,0,6,44,1,2,59,10,0,62,50,51,60,72,123
1,0,7,43,1,3,53,15,0,57,50,51,65,72,123
1,0,7,48,1,4,51,11,0,56,55,56,66,67,123
3,0,6,36,1,2,61,12,0,66,42,43,54,78,121
1,0,6,45,1,4,52,14,0,57,51,52,65,71,123
1,0,9,42,0,3,51,14,0,55,51,51,65,69,120
1,0,6,45,1,2,51,15,0,54,51,52,66,69,121
1,0,0,50,1,2,54,14,0,57,50,51,64,71,122
1,0,0,45,0,3,62,11,0,66,45,45,56,77,122
0,0,6,47,1,4,52,12,0,56,53,54,65,68,122
1,0,9,39,1,3,52,16,0,56,48,49,64,72,121
1,0,10,40,0,4,53,15,0,58,50,50,65,73,123
1,0,6,45,1,2,56,12,0,59,51,52,63,71,123
0,0,7,44,0,3,53,13,0,56,51,51,64,69,120
1,0,8,42,1,2,54,14,0,57,50,51,64,71,122
0,0,7,40,1,2,51,20,0,53,47,48,67,73,121
0,0,9,44,0,4,54,11,0,58,53,53,64,69,122
0,0,9,42,0,4,52,13,0,56,51,51,64,69,120
2,0,6,42,1,2,55,13,0,59,48,49,61,72,121
1,0,8,46,1,2,51,13,0,54,54,55,67,67,122
1,0,0,48,1,3,58,13,0,62,48,49,61,75,124
1,0,12,40,1,3,52,13,0,56,52,53,65,69,122
1,0,7,42,0,5,54,14,0,60,49,49,63,74,123
2,0,7,43,1,4,54,12,0,60,50,51,62,72,123
1,0,8,39,0,5,59,14,0,65,47,47,61,79,126
1,0,7,42,1,2,50,20,0,53,49,50,69,73,123
2,0,10,41,1,5,53,11,0,60,51,52,62,71,123
1,0,8,47,0,3,49,14,0,53,55,55,69,67,122
1,0,9,41,1,4,54,13,0,59,50,51,63,72,123
3,0,9,34,1,4,55,15,0,62,43,44,58,77,121
0,0,7,41,1,6,52,14,0,58,48,49,62,72,121
1,0,10,44,1,3,54,11,0,58,54,55,65,69,124
1,0,8,48,1,3,48,14,0,52,56,57,70,66,123
0,0,10,41,0,4,54,14,0,58,51,51,65,72,123
1,0,9,42,1,4,55,12,0,60,51,52,63,72,124
1,0,8,42,0,1,54,14,0,56,50,50,64,70,120
1,0,8,44,0,3,53,12,0,57,52,52,64,69,121
0,0,6,41,1,1,59,13,0,60,47,48,60,73,121
1,0,11,40,1,4,54,13,0,59,51,52,64,72,124
1,0,7,46,0,3,55,11,0,59,53,53,64,70,123
1,0,0,46,0,4,58,13,0,63,46,46,59,76,122
1,0,11,38,1,3,57,10,0,61,49,50,59,71,121
1,0,9,41,0,2,52,16,0,55,50,50,66,71,121
0,0,8,41,0,2,56,13,0,58,49,49,62,71,120
1,0,8,45,1,3,49,16,0,53,53,54,69,69,123
1,0,7,43,0,4,50,18,0,55,50,50,68,73,123
0,0,0,57,0,4,51,11,0,55,57,57,68,66,123
1,0,10,42,0,4,52,12,0,57,52,52,64,69,121
1,0,8,41,0,4,56,14,0,61,49,49,63,75,124
1,0,11,38,1,3,60,7,0,64,49,50,56,71,121
1,0,8,39,0,4,56,14,0,61,47,47,61,75,122
1,0,9,41,0,4,57,12,0,62,50,50,62,74,124
1,0,10,44,1,2,51,13,0,54,54,55,67,67,122
1,0,0,54,1,2,50,14,0,53,54,55,68,67,122
3,0,7,44,0,2,54,11,0,59,51,51,62,70,121
1,0,11,40,0,2,56,11,0,59,51,51,62,70,121
1,0,8,41,0,2,56,13,0,59,49,49,62,72,121
1,0,11,38,1,4,52,18,0,57,49,50,67,75,125
1,0,7,42,0,2,58,10,0,61,49,49,59,71,120
1,0,0,52,1,2,55,10,0,58,52,53,62,68,121
1,0,11,41,1,3,52,14,0,56,52,53,66,70,123
1,0,6,42,1,2,57,12,0,60,48,49,60,72,121
1,0,6,47,1,4,51,13,0,56,53,54,66,69,123
1,0,10,43,0,5,54,11,0,60,53,53,64,71,124
1,0,8,41,0,2,52,17,0,55,49,49,66,72,121
1,0,8,41,1,5,57,12,0,63,49,50,61,75,125
0,0,9,37,1,2,57,15,0,59,46,47,61,74,121
0,0,7,42,1,4,54,15,0,58,49,50,64,73,123
1,0,9,46,1,3,48,15,0,52,55,56,70,67,123
1,0,0,46,0,2,58,13,0,61,46,46,59,74,120
1,0,8,42,0,3,55,14,0,59,50,50,64,73,123
1,0,9,47,1,0,48,15,0,49,56,57,71,64,121
1,0,7,46,1,2,51,14,0,54,53,54,67,68,122
1,0,9,39,1,5,53,17,0,59,48,49,65,76,125
0,0,9,43,0,3,53,12,0,56,52,52,64,68,120
3,0,8,40,1,2,55,12,0,60,48,49,60,72,121
1,0,7,45,0,2,54,11,0,57,52,52,63,68,120
1,0,6,47,1,0,53,13,0,54,53,54,66,67,121
1,0,6,44,1,5,52,15,0,58,50,51,65,73,124
1,0,0,46,0,3,58,14,0,62,46,46,60,76,122
0,0,7,46,1,2,53,13,0,55,53,54,66,68,122
1,0,9,40,1,3,55,15,0,59,49,50,64,74,124
1,0,7,47,1,2,48,16,0,51,54,55,70,67,122
0,0,7,49,1,4,53,10,0,57,56,57,66,67,124
1,0,9,42,0,2,53,14,0,56,51,51,65,70,121
0,0,8,44,0,2,55,12,0,57,52,52,64,69,121
1,0,7,48,0,3,48,14,0,52,55,55,69,66,121
0,0,8,39,1,2,58,13,0,60,47,48,60,73,121
1,0,10,42,0,3,53,13,0,57,52,52,65,70,122
0,0,11,43,0,3,54,10,0,57,54,54,64,67,121
0,0,8,43,1,2,55,13,0,57,51,52,64,70,122
1,0,9,41,1,4,49,16,0,54,50,51,66,70,121
1,0,7,42,1,2,55,13,0,58,49,50,62,71,121
1,0,9,41,0,3,54,14,0,58,50,50,64,72,122
1,0,10,42,1,3,50,15,0,54,52,53,67,69,122
0,0,7,45,0,4,54,13,0,58,52,52,65,71,123
1,0,7,43,1,3,52,16,0,56,50,51,66,72,123
1,0,7,41,1,5,59,10,0,65,48,49,58,75,124
1,0,8,41,0,2,54,14,0,57,49,49,63,71,120
1,0,9,40,1,4,56,12,0,61,49,50,61,73,123
1,0,6,45,0,3,53,14,0,57,51,51,65,71,122
1,0,7,43,0,3,55,14,0,59,50,50,64,73,123
2,0,10,43,1,3,49,13,0,54,53,54,66,67,121
1,0,8,39,1,4,56,14,0,61,47,48,61,75,123
1,0,8,40,0,5,55,11,0,61,48,48,59,72,120
1,0,10,40,0,5,53,14,0,59,50,50,64,73,123
3,0,0,45,0,2,57,14,0,62,45,45,59,76,121
1,0,8,40,1,2,58,11,0,61,48,49,59,72,121
2,0,8,42,1,3,57,10,0,62,50,51,60,72,123
1,0,11,40,1,3,47,17,0,51,51,52,68,68,120
1,0,7,44,1,4,48,18,0,53,51,52,69,71,123
2,0,8,45,1,4,52,12,0,58,53,54,65,70,124
1,0,0,48,0,2,58,13,0,61,48,48,61,74,122
1,0,8,44,0,3,56,10,0,60,52,52,62,70,122
1,0,9,49,1,5,49,11,0,55,58,59,69,66,125
0,0,9,44,1,5,53,13,0,58,53,54,66,71,125
1,0,8,42,0,5,58,10,0,64,50,50,60,74,124
1,0,9,49,1,2,46,14,0,49,58,59,72,63,122
1,0,8,43,1,3,50,17,0,54,51,52,68,71,123
1,0,7,43,0,5,56,12,0,62,50,50,62,74,124
1,0,7,42,1,2,53,17,0,56,49,50,66,73,123
1,0,0,50,1,4,50,16,0,55,50,51,66,71,122
1,0,7,46,0,3,53,11,0,57,53,53,64,68,121
1,0,8,37,1,5,59,14,0,65,45,46,59,79,125
1,0,9,42,1,3,56,10,0,60,51,52,61,70,122
1,0,8,48,0,3,51,11,0,55,56,56,67,66,122
3,0,10,38,0,1,53,15,0,57,48,48,63,72,120
1,0,9,40,0,3,55,14,0,59,49,49,63,73,122
2,0,9,35,0,4,60,10,0,66,44,44,54,76,120
1,0,9,40,0,5,52,18,0,58,49,49,67,76,125
1,0,7,45,1,3,51,14,0,55,52,53,66,69,122
1,0,8,42,0,3,51,15,0,55,50,50,65,70,120
1,0,9,41,0,4,51,17,0,56,50,50,67,73,123
1,0,10,40,0,4,50,15,0,55,50,50,65,70,120
1,0,9,38,0,0,57,16,0,58,47,47,63,74,121
0,0,8,43,0,1,52,16,0,53,51,51,67,69,120
2,0,10,43,1,2,52,12,0,56,53,54,65,68,122
1,0,0,42,1,3,57,20,0,61,42,43,62,81,124
0,0,0,47,0,5,52,16,0,57,47,47,63,73,120
1,0,6,47,1,2,48,17,0,51,53,54,70,68,122
1,0,8,42,1,3,51,18,0,55,50,51,68,73,124
1,0,9,38,1,4,54,16,0,59,47,48,63,75,123
0,0,0,47,1,3,56,15,0,59,47,48,62,74,122
2,0,8,42,1,6,52,13,0,60,50,51,63,73,124
1,0,6,46,0,5,53,14,0,59,52,52,66,73,125
1,0,8,43,0,2,52,14,0,55,51,51,65,69,120
1,0,10,40,1,4,53,16,0,58,50,51,66,74,125
1,0,9,41,0,4,56,13,0,61,50,50,63,74,124
1,0,7,44,1,3,52,14,0,56,51,52,65,70,122
0,0,0,52,1,3,50,16,0,53,52,53,68,69,122
0,0,0,43,1,3,61,15,0,64,43,44,58,79,123
1,0,0,48,0,4,55,15,0,60,48,48,63,75,123
1,0,8,43,1,2,55,12,0,58,51,52,63,70,122
1,0,11,46,1,3,47,13,0,51,57,58,70,64,122
1,0,8,44,0,3,54,12,0,58,52,52,64,70,122
1,0,11,38,0,4,50,17,0,55,49,49,66,72,121
1,0,8,43,1,2,50,17,0,53,51,52,68,70,122
1,0,0,48,1,4,54,15,0,59,48,49,63,74,123
0,0,7,44,1,2,53,14,0,55,51,52,65,69,121
1,0,8,43,0,4,54,13,0,59,51,51,64,72,123
0,0,8,41,1,3,52,16,0,55,49,50,65,71,121
2,0,12,35,1,4,56,12,0,62,47,48,59,74,122
1,0,10,39,1,2,57,13,0,60,49,50,62,73,123
1,0,10,40,1,4,53,15,0,58,50,51,65,73,124
1,0,7,42,0,1,56,13,0,58,49,49,62,71,120
1,0,7,44,1,2,54,13,0,57,51,52,64,70,122
0,0,8,43,1,4,49,16,0,53,51,52,67,69,121
1,0,7,42,0,3,48,20,0,52,49,49,69,72,121
1,0,6,42,1,2,59,11,0,62,48,49,59,73,122
1,0,0,47,0,2,58,14,0,61,47,47,61,75,122
0,0,16,38,0,1,50,15,0,51,54,54,69,66,120
1,0,8,43,1,3,54,13,0,58,51,52,64,71,123
1,0,8,42,1,3,55,13,0,59,50,51,63,72,123
1,0,7,44,1,3,53,13,0,57,51,52,64,70,122
0,0,7,45,0,3,56,11,0,59,52,52,63,70,122
1,0,0,45,1,4,58,13,0,63,45,46,58,76,122
1,0,8,42,1,4,53,15,0,58,50,51,65,73,124
1,0,8,39,1,3,57,14,0,61,47,48,61,75,123
1,0,9,43,1,3,55,11,0,59,52,53,63,70,123
0,0,8,47,1,2,53,11,0,55,55,56,66,66,122
1,0,12,36,1,2,54,16,0,57,48,49,64,73,122
1,0,7,43,0,3,54,13,0,58,50,50,63,71,121
1,0,9,43,1,2,53,12,0,56,52,53,64,68,121
1,0,6,45,0,4,54,13,0,59,51,51,64,72,123
0,0,8,42,0,3,55,13,0,58,50,50,63,71,121
1,0,7,41,1,3,54,15,0,58,48,49,63,73,122
1,0,0,47,0,4,58,13,0,63,47,47,60,76,123
2,0,7,44,1,3,52,14,0,57,51,52,65,71,123
1,0,7,42,1,2,55,13,0,58,49,50,62,71,121
1,0,8,37,1,2,59,14,0,62,45,46,59,76,122
1,0,7,39,0,2,58,15,0,61,46,46,61,76,122
2,0,7,36,0,3,60,12,0,65,43,43,55,77,120
1,0,7,41,1,3,53,16,0,57,48,49,64,73,122
1,0,8,42,1,4,52,15,0,57,50,51,65,72,123
0,0,7,48,1,2,54,10,0,56,55,56,65,66,122
1,0,9,40,0,2,54,16,0,57,49,49,65,73,122
5,0,9,37,1,2,56,11,0,63,46,47,57,74,121
1,0,9,43,0,3,51,16,0,55,52,52,68,71,123
1,0,7,42,0,4,55,12,0,60,49,49,61,72,121
1,0,8,47,0,3,50,13,0,54,55,55,68,67,122
3,0,7,43,0,5,53,13,0,61,50,50,63,74,124
1,0,7,42,1,4,54,14,0,59,49,50,63,73,123
1,0,8,45,1,3,53,11,0,57,53,54,64,68,122
1,0,8,43,1,2,53,13,0,56,51,52,64,69,121
1,0,7,42,1,3,52,16,0,56,49,50,65,72,122
0,0,8,48,0,4,45,15,0,49,56,56,71,64,120
1,0,9,38,0,2,56,14,0,59,47,47,61,73,120
0,0,7,43,1,3,54,15,0,57,50,51,65,72,123
1,0,7,44,1,4,54,11,0,59,51,52,62,70,122
1,0,9,39,0,3,50,18,0,54,48,48,66,72,120
1,0,10,41,0,4,54,13,0,59,51,51,64,72,123
1,0,6,46,1,3,54,11,0,58,52,53,63,69,122
1,0,0,45,1,2,55,17,0,58,45,46,62,75,121
1,0,7,37,0,3,59,14,0,63,44,44,58,77,121
1,0,7,43,0,3,54,15,0,58,50,50,65,73,123
1,0,7,44,1,4,52,15,0,57,51,52,66,72,124
1,0,0,47,1,1,56,16,0,58,47,48,63,74,122
0,0,7,43,1,5,54,14,0,59,50,51,64,73,124
2,0,10,38,1,4,57,12,0,63,48,49,60,75,124
1,0,8,43,1,2,54,11,0,57,51,52,62,68,120
1,0,7,40,1,3,58,13,0,62,47,48,60,75,123
1,0,7,40,0,2,57,13,0,60,47,47,60,73,120
1,0,8,40,0,2,56,13,0,59,48,48,61,72,120
1,0,10,41,0,4,53,13,0,58,51,51,64,71,122
0,0,14,40,0,4,52,12,0,56,54,54,66,68,122
0,0,9,38,0,4,58,13,0,62,47,47,60,75,122
1,0,11,39,0,4,50,16,0,55,50,50,66,71,121
1,0,9,44,1,3,52,14,0,56,53,54,67,70,124
2,0,8,41,1,4,56,13,0,62,49,50,62,75,125
0,0,8,40,1,1,54,17,0,55,48,49,65,72,121
0,0,6,45,0,2,53,14,0,55,51,51,65,69,120
1,0,8,45,1,4,51,15,0,56,53,54,68,71,125
1,0,7,45,0,4,52,14,0,57,52,52,66,71,123
1,0,7,42,1,5,54,15,0,60,49,50,64,75,125
1,0,8,45,0,5,56,9,0,62,53,53,62,71,124
1,0,8,43,0,4,48,19,0,53,51,51,70,72,123
1,0,11,40,0,2,53,14,0,56,51,51,65,70,121
1,0,9,38,0,2,59,12,0,62,47,47,59,74,121
1,0,11,40,0,3,47,20,0,51,51,51,71,71,122
0,0,11,45,0,3,48,14,0,51,56,56,70,65,121
0,0,6,40,0,4,59,11,0,63,46,46,57,74,120
1,0,8,41,1,5,53,16,0,59,49,50,65,75,125
1,0,7,44,0,3,50,16,0,54,51,51,67,70,121
0,0,10,39,0,2,52,18,0,54,49,49,67,72,121
1,0,8,44,0,4,53,11,0,58,52,52,63,69,121
1,0,8,42,0,3,50,16,0,54,50,50,66,70,120
1,0,9,46,0,2,49,13,0,52,55,55,68,65,120
1,0,8,41,0,4,57,12,0,62,49,49,61,74,123
1,0,10,42,1,2,53,13,0,56,52,53,65,69,122
0,0,7,46,0,2,51,15,0,53,53,53,68,68,121
1,0,10,39,1,2,55,14,0,58,49,50,63,72,122
1,0,7,41,1,5,58,11,0,64,48,49,59,75,124
1,0,0,43,0,3,60,15,0,64,43,43,58,79,122
1,0,8,41,0,5,55,14,0,61,49,49,63,75,124
2,0,9,39,0,5,54,15,0,61,48,48,63,76,124
1,0,10,40,1,0,54,15,0,55,50,51,65,70,121
1,0,10,42,1,4,53,12,0,58,52,53,64,70,123
1,0,0,50,0,4,55,14,0,60,50,50,64,74,124
1,0,7,41,0,3,49,20,0,53,48,48,68,73,121
0,0,7,42,0,2,59,10,0,61,49,49,59,71,120
1,0,8,47,1,2,51,10,0,54,55,56,65,64,120
1,0,8,42,1,4,56,12,0,61,50,51,62,73,124
0,0,7,45,1,5,52,11,0,57,52,53,63,68,121
1,0,10,38,1,4,55,12,0,60,48,49,60,72,121
1,0,8,43,0,2,57,10,0,60,51,51,61,70,121
2,0,6,44,0,6,53,12,0,61,50,50,62,73,123
1,0,10,42,1,3,50,16,0,54,52,53,68,70,123
1,0,8,42,1,4,49,17,0,54,50,51,67,71,122
1,0,7,47,1,2,51,13,0,54,54,55,67,67,122
1,0,9,45,1,3,53,11,0,57,54,55,65,68,123
1,0,7,42,1,4,53,16,0,58,49,50,65,74,124
1,0,6,48,1,5,49,15,0,55,54,55,69,70,125
1,0,10,43,0,3,51,15,0,55,53,53,68,70,123
0,0,7,40,0,3,57,14,0,60,47,47,61,74,121
2,0,12,37,0,2,58,10,0,62,49,49,59,72,121
1,0,10,43,1,3,48,15,0,52,53,54,68,67,121
1,0,9,41,1,3,54,14,0,58,50,51,64,72,123
1,0,7,42,1,1,58,11,0,60,49,50,60,71,121
1,0,9,42,1,4,52,15,0,57,51,52,66,72,124
1,0,9,41,1,4,55,12,0,60,50,51,62,72,123
1,0,8,42,0,3,52,15,0,56,50,50,65,71,121
1,0,9,44,0,4,51,13,0,56,53,53,66,69,122
1,0,8,39,0,2,54,16,0,57,47,47,63,73,120
1,0,9,45,1,4,52,13,0,57,54,55,67,70,125
1,0,8,41,1,3,57,12,0,61,49,50,61,73,123
1,0,9,41,1,4,55,14,0,60,50,51,64,74,125
1,0,13,42,1,2,49,15,0,52,55,56,70,67,123
0,0,7,42,1,2,60,10,0,62,49,50,59,72,122
1,0,7,42,1,5,56,12,0,62,49,50,61,74,124
1,0,10,43,1,3,51,14,0,55,53,54,67,69,123
3,0,8,42,0,3,52,13,0,58,50,50,63,71,121
1,0,7,46,1,4,53,12,0,58,53,54,65,70,124
1,0,8,45,0,2,54,11,0,57,53,53,64,68,121
1,0,0,55,1,2,49,14,0,52,55,56,69,66,122
3,0,9,43,0,2,53,10,0,58,52,52,62,68,120
0,0,7,45,1,4,50,16,0,54,52,53,68,70,123
1,0,10,37,1,4,53,14,0,58,47,48,61,72,120
1,0,9,42,1,3,53,13,0,57,51,52,64,70,122
1,0,9,41,1,3,55,13,0,59,50,51,63,72,123
1,0,8,47,0,2,48,15,0,51,55,55,70,66,121
0,0,9,43,0,2,54,12,0,56,52,52,64,68,120
1,0,9,40,0,2,57,13,0,60,49,49,62,73,122
1,0,9,43,1,2,54,12,0,57,52,53,64,69,122
1,0,10,45,0,2,47,16,0,50,55,55,71,66,121
0,0,9,37,1,3,56,17,0,59,46,47,63,76,123
1,0,0,51,1,3,53,13,0,57,51,52,64,70,122
1,0,7,47,0,3,53,12,0,57,54,54,66,69,123
1,0,7,43,0,3,56,10,0,60,50,50,60,70,120
3,0,8,39,0,4,52,16,0,59,47,47,63,75,122
0,0,0,45,0,3,64,10,0,67,45,45,55,77,122
1,0,7,44,1,1,51,17,0,53,51,52,68,70,122
1,0,7,44,0,5,53,15,0,59,51,51,66,74,125
1,0,8,42,0,3,56,11,0,60,50,50,61,71,121
1,0,13,38,1,4,54,12,0,59,51,52,63,71,123
1,0,7,40,0,3,54,16,0,58,47,47,63,74,121
1,0,9,39,1,5,56,14,0,62,48,49,62,76,125
1,0,7,45,1,3,52,15,0,56,52,53,67,71,124
1,0,11,40,1,0,55,14,0,56,51,52,65,70,122
3,0,0,43,1,4,60,12,0,67,43,44,55,79,123
1,0,7,45,1,4,51,15,0,56,52,53,67,71,124
0,0,7,45,0,3,56,10,0,59,52,52,62,69,121
1,0,0,51,0,2,53,14,0,56,51,51,65,70,121
2,0,10,38,1,2,55,13,0,59,48,49,61,72,121
1,0,6,43,0,6,53,15,0,60,49,49,64,75,124
1,0,9,43,1,4,54,13,0,59,52,53,65,72,125
1,0,0,47,1,3,56,14,0,60,47,48,61,74,122
1,0,7,42,1,5,53,14,0,59,49,50,63,73,123
1,0,8,44,3,3,48,14,0,52,52,55,66,66,121
1,0,7,44,1,4,55,13,0,60,51,52,64,73,125
2,0,7,44,0,2,54,11,0,58,51,51,62,69,120
1,0,8,41,1,3,57,12,0,61,49,50,61,73,123
0,0,8,39,0,3,58,13,0,61,47,47,60,74,121
0,0,10,39,1,3,56,13,0,59,49,50,62,72,122
1,0,8,41,0,3,49,19,0,53,49,49,68,72,121
2,0,9,36,1,4,55,16,0,61,45,46,61,77,123
1,0,8,41,1,5,50,17,0,56,49,50,66,73,123
1,0,8,40,1,4,55,13,0,60,48,49,61,73,122
1,0,9,41,0,4,52,16,0,57,50,50,66,73,123
2,0,10,42,1,3,52,12,0,57,52,53,64,69,122
1,0,9,42,1,3,53,14,0,57,51,52,65,71,123
0,0,6,46,1,3,51,14,0,54,52,53,66,68,121
1,0,7,44,0,3,53,12,0,57,51,51,63,69,120
1,0,7,42,0,5,56,11,0,62,49,49,60,73,122
1,0,7,48,0,3,47,16,0,51,55,55,71,67,122
1,0,11,41,1,2,51,14,0,54,52,53,66,68,121
1,0,9,38,0,2,55,15,0,58,47,47,62,73,120
1,0,0,49,0,3,53,15,0,57,49,49,64,72,121
1,0,8,42,1,2,55,13,0,58,50,51,63,71,122
1,0,0,52,1,4,52,15,0,57,52,53,67,72,125
1,0,9,41,1,3,53,16,0,57,50,51,66,73,124
3,0,7,42,1,5,56,10,0,64,49,50,59,74,124
1,0,10,41,1,3,54,13,0,58,51,52,64,71,123
1,0,8,43,0,2,50,18,0,53,51,51,69,71,122
1,0,10,41,1,2,52,15,0,55,51,52,66,70,122
1,0,10,48,1,3,47,14,0,51,58,59,72,65,124
1,0,8,43,0,3,51,16,0,55,51,51,67,71,122
1,0,12,40,1,5,54,11,0,60,52,53,63,71,124
1,0,7,46,1,3,53,12,0,57,53,54,65,69,123
0,0,6,45,1,4,54,14,0,58,51,52,65,72,124
1,0,6,47,1,4,56,9,0,61,53,54,62,70,124
1,0,7,44,0,2,52,16,0,55,51,51,67,71,122
0,0,8,40,0,2,59,11,0,61,48,48,59,72,120
1,0,0,52,0,3,50,14,0,54,52,52,66,68,120
1,0,8,44,1,3,50,16,0,54,52,53,68,70,123
1,0,11,47,1,4,49,12,0,54,58,59,70,66,125
0,0,8,42,0,2,57,11,0,59,50,50,61,70,120
1,0,7,45,0,3,53,14,0,57,52,52,66,71,123
1,0,9,37,0,4,62,11,0,67,46,46,57,78,124
1,0,8,40,0,1,55,15,0,57,48,48,63,72,120
2,0,9,44,1,2,51,13,0,55,53,54,66,68,122
1,0,8,45,1,3,50,13,0,54,53,54,66,67,121
1,0,0,48,1,5,56,13,0,62,48,49,61,75,124
1,0,7,46,1,3,54,12,0,58,53,54,65,70,124
2,0,8,44,1,2,51,14,0,55,52,53,66,69,122
1,0,11,40,1,4,52,13,0,57,51,52,64,70,122
0,0,9,43,1,4,52,13,0,56,52,53,65,69,122
1,0,7,44,1,3,55,13,0,59,51,52,64,72,124
1,0,7,43,1,3,50,16,0,54,50,51,66,70,121
3,0,7,38,1,3,59,12,0,65,45,46,57,77,123
1,0,9,44,0,2,47,17,0,50,53,53,70,67,120
0,0,9,44,1,0,52,15,0,52,53,54,68,67,121
1,0,7,44,0,2,53,13,0,56,51,51,64,69,120
1,0,7,41,0,2,54,16,0,57,48,48,64,73,121
1,0,7,46,0,2,51,14,0,54,53,53,67,68,121
2,0,0,47,0,4,57,13,0,63,47,47,60,76,123
1,0,7,41,0,3,54,14,0,58,48,48,62,72,120
1,0,8,42,1,3,56,12,0,60,50,51,62,72,123
1,0,7,41,0,4,58,12,0,63,48,48,60,75,123
1,0,7,48,1,3,51,11,0,55,55,56,66,66,122
1,0,11,40,0,2,55,12,0,58,51,51,63,70,121
1,0,7,46,0,4,53,12,0,58,53,53,65,70,123
1,0,9,44,1,3,49,16,0,53,53,54,69,69,123
1,0,7,42,1,2,55,14,0,58,49,50,63,72,122
1,0,0,49,1,4,54,14,0,59,49,50,63,73,123
1,0,10,42,1,2,55,11,0,58,52,53,63,69,122
0,0,8,42,0,4,52,16,0,56,50,50,66,72,122
1,0,6,44,1,2,54,14,0,57,50,51,64,71,122
1,0,7,45,1,2,51,16,0,54,52,53,68,70,123
1,0,9,39,0,4,58,12,0,63,48,48,60,75,123
2,0,8,44,1,2,53,12,0,57,52,53,64,69,122
0,0,0,47,0,3,56,15,0,59,47,47,62,74,121
3,0,9,39,1,4,55,12,0,62,48,49,60,74,123
0,0,9,42,0,4,54,14,0,58,51,51,65,72,123
0,0,9,40,1,2,51,18,0,53,49,50,67,71,121
1,0,9,41,0,4,54,13,0,59,50,50,63,72,122
1,0,8,45,1,3,52,13,0,56,53,54,66,69,123
1,0,7,41,1,2,51,19,0,54,48,49,67,73,122
0,0,9,39,1,2,59,12,0,61,48,49,60,73,122
2,0,8,39,1,4,53,16,0,59,47,48,63,75,123
1,0,7,42,1,2,54,16,0,57,49,50,65,73,123
1,0,7,45,1,3,56,11,0,60,52,53,63,71,124
0,0,8,45,1,3,52,13,0,55,53,54,66,68,122
0,0,6,44,0,3,57,12,0,60,50,50,62,72,122
1,0,7,45,1,3,54,13,0,58,52,53,65,71,124
1,0,9,48,1,4,49,12,0,54,57,58,69,66,124
1,0,9,38,0,3,58,13,0,62,47,47,60,75,122
0,0,9,45,0,3,52,13,0,55,54,54,67,68,122
1,0,10,39,1,4,54,15,0,59,49,50,64,74,124
0,0,7,45,0,4,54,12,0,58,52,52,64,70,122
1,0,9,42,0,4,50,15,0,55,51,51,66,70,121
1,0,8,44,1,6,51,14,0,58,52,53,66,72,125
0,0,8,43,0,2,51,16,0,53,51,51,67,69,120
2,0,6,44,0,4,56,11,0,62,50,50,61,73,123
0,0,7,45,1,3,54,13,0,57,52,53,65,70,123
0,0,12,39,0,2,52,15,0,54,51,51,66,69,120
1,0,7,40,1,4,54,15,0,59,47,48,62,74,122
0,0,9,40,1,5,56,14,0,61,49,50,63,75,125
1,0,6,44,0,3,54,14,0,58,50,50,64,72,122
1,0,7,41,0,2,57,14,0,60,48,48,62,74,122
0,0,9,45,1,1,51,14,0,52,54,55,68,66,121
1,0,0,47,0,2,58,13,0,61,47,47,60,74,121
0,0,8,46,1,3,53,12,0,56,54,55,66,68,123
1,0,8,45,1,4,51,15,0,56,53,54,68,71,125
2,0,8,43,1,5,53,12,0,60,51,52,63,72,124
1,0,8,44,0,3,50,16,0,54,52,52,68,70,122
1,0,9,40,0,3,51,17,0,55,49,49,66,72,121
0,0,13,39,1,5,52,14,0,57,52,53,66,71,124
1,0,8,44,0,4,52,14,0,57,52,52,66,71,123
1,0,11,39,1,6,53,14,0,60,50,51,64,74,125
1,0,0,49,1,3,60,10,0,64,49,50,59,74,124
1,0,6,41,1,3,55,17,0,59,47,48,64,76,124
1,0,0,48,0,3,57,11,0,61,48,48,59,72,120
1,0,8,44,1,5,52,14,0,58,52,53,66,72,125
0,0,0,49,0,3,53,16,0,56,49,49,65,72,121
2,0,6,48,1,2,49,13,0,53,54,55,67,66,121
1,0,11,40,0,5,50,17,0,56,51,51,68,73,124
2,0,12,34,1,3,55,15,0,60,46,47,61,75,122
1,0,9,46,0,4,54,9,0,59,55,55,64,68,123
2,0,7,43,0,3,52,15,0,57,50,50,65,72,122
0,0,8,47,0,4,51,12,0,55,55,55,67,67,122
1,0,9,47,1,1,46,16,0,48,56,57,72,64,121
1,0,0,48,1,2,54,15,0,57,48,49,63,72,121
1,0,10,48,1,2,46,13,0,49,58,59,71,62,121
1,0,7,44,0,2,51,15,0,54,51,51,66,69,120
1,0,7,36,0,3,59,14,0,63,43,43,57,77,120
1,0,8,47,1,2,48,14,0,51,55,56,69,65,121
1,0,10,44,1,2,51,13,0,54,54,55,67,67,122
0,0,12,37,1,3,52,18,0,55,49,50,67,73,123
2,0,10,34,1,5,61,11,0,68,44,45,55,79,124
1,0,0,47,0,2,61,9,0,64,47,47,56,73,120
1,0,11,38,1,2,53,16,0,56,49,50,65,72,122
1,0,0,44,0,2,57,17,0,60,44,44,61,77,121
1,0,0,47,1,3,58,11,0,62,47,48,58,73,121
0,0,10,41,0,5,56,11,0,61,51,51,62,72,123
2,0,9,41,1,6,56,11,0,64,50,51,61,75,126
1,0,6,45,1,3,56,11,0,60,51,52,62,71,123
0,0,9,48,1,2,47,14,0,49,57,58,71,63,121
1,0,11,41,1,1,49,18,0,51,52,53,70,69,122
1,0,0,47,0,3,52,18,0,56,47,47,65,74,121
1,0,10,46,1,3,47,15,0,51,56,57,71,66,123
1,0,7,47,1,4,50,11,0,55,54,55,65,66,121
1,0,8,44,0,5,53,13,0,59,52,52,65,72,124
1,0,8,45,1,4,50,13,0,55,53,54,66,68,122
1,0,10,42,0,2,52,14,0,55,52,52,66,69,121
1,0,10,39,1,5,54,14,0,60,49,50,63,74,124
1,0,8,40,0,3,56,15,0,60,48,48,63,75,123
1,0,9,43,1,4,51,14,0,56,52,53,66,70,123
1,0,0,46,0,3,55,16,0,59,46,46,62,75,121
1,0,7,43,0,3,57,11,0,61,50,50,61,72,122
1,0,11,34,0,3,55,19,0,59,45,45,64,78,123
1,0,7,46,1,3,50,14,0,54,53,54,67,68,122
1,0,7,42,0,2,58,11,0,61,49,49,60,72,121
1,0,9,48,0,3,47,12,0,51,57,57,69,63,120
1,0,9,44,1,2,49,16,0,52,53,54,69,68,122
1,0,0,52,1,3,53,12,0,57,52,53,64,69,122
1,0,9,43,1,1,53,14,0,55,52,53,66,69,122
1,0,8,44,1,2,52,15,0,55,52,53,67,70,123
1,0,7,43,1,4,55,13,0,60,50,51,63,73,124
1,0,0,49,0,2,51,19,0,54,49,49,68,73,122
0,0,10,40,1,3,54,14,0,57,50,51,64,71,122
0,0,7,39,1,4,54,19,0,58,46,47,65,77,124
1,0,9,41,1,2,53,16,0,56,50,51,66,72,123
1,0,8,40,0,4,58,12,0,63,48,48,60,75,123
1,0,8,41,0,3,56,14,0,60,49,49,63,74,123
1,0,10,42,1,3,52,12,0,56,52,53,64,68,121
0,0,7,38,1,2,62,12,0,64,45,46,57,76,122
1,0,11,36,0,3,57,14,0,61,47,47,61,75,122
0,0,6,45,0,4,54,13,0,58,51,51,64,71,122
1,0,9,41,0,4,57,8,0,62,50,50,58,70,120
1,0,9,42,0,2,50,16,0,53,51,51,67,69,120
1,0,7,38,1,4,57,16,0,62,45,46,61,78,124
1,0,8,41,0,2,54,14,0,57,49,49,63,71,120
0,0,10,41,0,3,51,15,0,54,51,51,66,69,120
1,0,7,45,0,3,53,13,0,57,52,52,65,70,122
1,0,9,37,1,5,58,13,0,64,46,47,59,77,124
1,0,9,42,1,4,52,12,0,57,51,52,63,69,121
1,0,10,43,2,3,48,14,0,52,53,55,67,66,121
1,0,8,44,0,4,54,11,0,59,52,52,63,70,122
2,0,9,36,1,4,59,13,0,65,45,46,58,78,124
3,0,7,44,1,6,48,15,0,57,51,52,66,72,124
1,0,9,41,1,2,55,12,0,58,50,51,62,70,121
1,0,9,44,1,4,51,13,0,56,53,54,66,69,123
2,0,0,49,1,5,52,14,0,59,49,50,63,73,123
1,0,12,41,1,4,50,15,0,55,53,54,68,70,124
3,0,8,37,2,2,56,12,0,61,45,47,57,73,120
0,0,9,41,1,3,51,18,0,54,50,51,68,72,123
2,0,9,43,0,3,51,12,0,56,52,52,64,68,120
2,0,7,42,1,3,57,11,0,62,49,50,60,73,123
1,0,10,40,0,3,53,15,0,57,50,50,65,72,122
0,0,8,44,1,3,53,14,0,56,52,53,66,70,123
1,0,10,42,1,0,53,14,0,54,52,53,66,68,121
1,0,8,38,0,3,61,10,0,65,46,46,56,75,121
1,0,7,44,1,5,57,10,0,63,51,52,61,73,125
2,0,7,45,1,4,46,16,0,52,52,53,68,68,121
1,0,8,39,0,4,54,15,0,59,47,47,62,74,121
0,0,8,46,0,3,54,11,0,57,54,54,65,68,122
0,0,9,39,1,2,59,12,0,61,48,49,60,73,122
3,0,7,43,0,2,52,14,0,57,50,50,64,71,121
1,0,7,38,0,2,58,15,0,61,45,45,60,76,121
1,0,9,40,1,2,54,16,0,57,49,50,65,73,123
1,0,8,41,0,4,49,20,0,54,49,49,69,74,123
1,0,12,42,1,5,54,10,0,60,54,55,64,70,125
1,0,8,42,1,3,50,16,0,54,50,51,66,70,121
1,0,9,39,0,4,57,12,0,62,48,48,60,74,122
1,0,9,42,1,3,52,14,0,56,51,52,65,70,122
1,0,6,47,0,3,53,12,0,57,53,53,65,69,122
2,0,7,44,1,3,56,10,0,61,51,52,61,71,123
1,0,6,42,1,3,54,15,0,58,48,49,63,73,122
0,0,0,51,0,3,54,13,0,57,51,51,64,70,121
1,0,7,45,1,5,54,12,0,60,52,53,64,72,125
1,0,8,42,0,2,56,12,0,59,50,50,62,71,121
1,0,8,43,1,2,56,10,0,59,51,52,61,69,121
2,0,9,41,1,3,54,11,0,59,50,51,61,70,121
1,0,9,43,1,4,54,12,0,59,52,53,64,71,124
1,0,6,47,1,2,51,14,0,54,53,54,67,68,122
1,0,8,42,1,3,51,17,0,55,50,51,67,72,123
1,0,8,40,0,3,55,14,0,59,48,48,62,73,121
0,0,8,40,0,3,56,14,0,59,48,48,62,73,121
0,0,9,45,1,4,50,14,0,54,54,55,68,68,123
1,0,7,46,1,2,48,18,0,51,53,54,71,69,123
0,0,8,41,0,5,51,18,0,56,49,49,67,74,123
1,0,7,42,1,4,49,17,0,54,49,50,66,71,121
1,0,9,39,1,0,57,13,0,58,48,49,61,71,120
0,0,0,45,1,1,62,12,0,63,45,46,57,75,121
1,0,7,43,1,3,57,10,0,61,50,51,60,71,122
1,0,7,45,1,3,54,12,0,58,52,53,64,70,123
1,0,8,41,0,3,52,16,0,56,49,49,65,72,121
1,0,9,43,0,2,55,12,0,58,52,52,64,70,122
1,0,9,40,0,4,56,13,0,61,49,49,62,74,123
1,0,9,39,1,3,58,10,0,62,48,49,58,72,121
2,0,10,36,1,3,58,12,0,63,46,47,58,75,122
1,0,7,42,0,4,51,16,0,56,49,49,65,72,121
1,0,0,48,0,0,58,13,0,59,48,48,61,72,120
1,0,8,42,1,3,52,15,0,56,50,51,65,71,122
2,0,9,39,0,3,52,16,0,57,48,48,64,73,121
0,0,8,43,1,3,54,14,0,57,51,52,65,71,123
1,0,11,40,1,2,52,13,0,55,51,52,64,68,120
1,0,0,53,0,3,48,16,0,52,53,53,69,68,121
2,0,8,44,1,3,51,14,0,56,52,53,66,70,123
0,0,9,42,0,3,54,14,0,57,51,51,65,71,122
1,0,0,43,0,5,59,16,0,65,43,43,59,81,124
0,0,7,50,1,4,51,11,0,55,57,58,68,66,124
1,0,6,46,0,3,55,11,0,59,52,52,63,70,122
0,0,0,49,1,0,60,11,0,60,49,50,60,71,121
1,0,6,44,0,3,53,13,0,57,50,50,63,70,120
0,0,9,42,0,3,56,11,0,59,51,51,62,70,121
0,0,11,43,1,4,49,13,0,53,54,55,67,66,121
0,0,8,39,0,3,56,14,0,59,47,47,61,73,120
1,0,8,43,0,2,54,12,0,57,51,51,63,69,120
0,0,9,41,0,4,56,13,0,60,50,50,63,73,123
2,0,8,40,0,2,54,15,0,58,48,48,63,73,121
1,0,7,42,1,3,54,15,0,58,49,50,64,73,123
1,0,0,45,1,2,60,14,0,63,45,46,59,77,123
1,0,7,38,0,4,56,17,0,61,45,45,62,78,123
1,0,10,42,1,4,52,13,0,57,52,53,65,70,123
0,0,8,41,1,2,55,14,0,57,49,50,63,71,121
1,0,9,37,0,3,54,18,0,58,46,46,64,76,122
0,0,8,42,0,3,54,15,0,57,50,50,65,72,122
1,0,7,47,1,2,51,13,0,54,54,55,67,67,122
1,0,10,38,0,3,55,15,0,59,48,48,63,74,122
1,0,0,52,1,2,50,16,0,53,52,53,68,69,122
1,0,7,41,0,4,57,11,0,62,48,48,59,73,121
1,0,9,42,0,4,53,15,0,58,51,51,66,73,124
2,0,0,48,0,4,53,14,0,59,48,48,62,73,121
1,0,8,44,0,3,54,12,0,58,52,52,64,70,122
1,0,10,40,0,1,55,13,0,57,50,50,63,70,120
1,0,6,45,0,3,52,14,0,56,51,51,65,70,121
0,0,9,43,1,3,51,15,0,54,52,53,67,69,122
1,0,6,44,0,2,55,12,0,58,50,50,62,70,120
1,0,7,45,1,3,51,13,0,55,52,53,65,68,121
1,0,8,39,1,2,58,13,0,61,47,48,60,74,122
1,0,8,43,0,4,50,18,0,55,51,51,69,73,124
2,0,6,46,0,3,48,16,0,53,52,52,68,69,121
1,0,8,44,0,3,54,13,0,58,52,52,65,71,123
0,0,7,42,1,3,56,13,0,59,49,50,62,72,122
1,0,0,50,1,2,52,17,0,55,50,51,67,72,123
0,0,10,39,0,1,52,18,0,53,49,49,67,71,120
1,0,0,49,0,2,54,14,0,57,49,49,63,71,120
1,0,0,49,1,4,55,15,0,60,49,50,64,75,125
1,0,6,42,1,6,57,13,0,64,48,49,61,77,126
1,0,11,38,1,5,55,13,0,61,49,50,62,74,124
1,0,7,40,0,4,54,16,0,59,47,47,63,75,122
1,0,6,47,0,4,54,12,0,59,53,53,65,71,124
1,0,6,45,1,3,52,15,0,56,51,52,66,71,123
1,0,7,47,0,5,49,14,0,55,54,54,68,69,123
1,0,8,40,1,3,54,16,0,58,48,49,64,74,123
0,0,8,47,1,2,51,13,0,53,55,56,68,66,122
1,0,10,38,1,4,56,13,0,61,48,49,61,74,123
1,0,8,42,0,3,53,14,0,57,50,50,64,71,121
1,0,8,42,0,2,54,14,0,57,50,50,64,71,121
1,0,9,46,1,2,47,16,0,50,55,56,71,66,122
1,0,9,43,0,3,51,13,0,55,52,52,65,68,120
4,0,0,47,1,3,54,12,0,61,47,48,59,73,121
1,0,7,45,1,4,49,16,0,54,52,53,68,70,123
1,0,10,40,1,2,53,14,0,56,50,51,64,70,121
1,0,11,35,1,3,57,15,0,61,46,47,61,76,123
0,0,9,40,1,3,52,18,0,55,49,50,67,73,123
1,0,0,50,0,2,55,14,0,58,50,50,64,72,122
1,0,6,45,0,2,53,13,0,56,51,51,64,69,120
0,0,8,41,1,5,56,13,0,61,49,50,62,74,124
1,0,8,40,0,1,54,16,0,56,48,48,64,72,120
1,0,7,45,1,3,51,16,0,55,52,53,68,71,124
0,0,9,41,1,0,53,16,0,53,50,51,66,69,120
1,0,7,44,0,4,58,9,0,63,51,51,60,72,123
1,0,8,43,1,3,57,10,0,61,51,52,61,71,123
0,0,8,42,0,3,53,15,0,56,50,50,65,71,121
1,0,8,43,0,2,52,15,0,55,51,51,66,70,121
0,0,9,41,1,3,55,12,0,58,50,51,62,70,121
1,0,7,44,1,3,49,19,0,53,51,52,70,72,124
9,0,10,39,0,6,46,12,0,61,49,49,61,73,122
0,0,8,48,0,4,49,13,0,53,56,56,69,66,122
0,0,7,44,1,3,57,11,0,60,51,52,62,71,123
1,0,8,44,0,2,52,13,0,55,52,52,65,68,120
2,0,8,44,1,3,49,16,0,54,52,53,68,70,123
1,0,0,50,0,2,57,12,0,60,50,50,62,72,122
1,0,10,43,1,3,51,12,0,55,53,54,65,67,121
1,0,7,45,1,3,55,10,0,59,52,53,62,69,122
1,0,9,44,0,5,50,15,0,56,53,53,68,71,124
1,0,11,41,0,2,54,12,0,57,52,52,64,69,121
1,0,14,33,1,4,55,16,0,60,47,48,63,76,124
1,0,7,45,1,2,53,12,0,56,52,53,64,68,121
1,0,7,45,1,3,52,14,0,56,52,53,66,70,123
2,0,6,50,1,2,49,12,0,53,56,57,68,65,122
1,0,12,35,3,3,51,15,0,55,47,50,62,70,120
1,0,9,41,1,2,51,17,0,54,50,51,67,71,122
1,0,7,43,1,4,52,14,0,57,50,51,64,71,122
1,0,6,44,0,2,53,15,0,56,50,50,65,71,121
0,0,11,40,1,3,56,11,0,59,51,52,62,70,122
1,0,7,43,0,3,54,14,0,58,50,50,64,72,122
1,0,7,41,0,4,54,13,0,59,48,48,61,72,120
1,0,9,44,0,2,48,18,0,51,53,53,71,69,122
1,0,11,38,0,3,57,13,0,61,49,49,62,74,123
1,0,9,41,1,7,50,13,0,58,50,51,63,71,122
0,0,9,44,1,4,44,19,0,48,53,54,72,67,121
0,0,7,45,0,3,49,16,0,52,52,52,68,68,120
0,0,7,40,1,4,57,14,0,61,47,48,61,75,123
1,0,10,42,0,4,53,13,0,58,52,52,65,71,123
1,0,8,44,1,4,54,12,0,59,52,53,64,71,124
0,0,8,47,1,2,49,14,0,51,55,56,69,65,121
1,0,7,40,0,2,57,14,0,60,47,47,61,74,121
1,0,9,41,1,3,54,12,0,58,50,51,62,70,121
1,0,9,42,0,3,48,19,0,52,51,51,70,71,122
1,0,9,41,0,4,57,11,0,62,50,50,61,73,123
1,0,7,45,1,2,51,15,0,54,52,53,67,69,122
0,0,7,45,1,1,48,19,0,49,52,53,71,68,121
1,0,0,50,1,2,54,14,0,57,50,51,64,71,122
1,0,7,43,1,2,53,14,0,56,50,51,64,70,121
1,0,9,44,1,3,52,13,0,56,53,54,66,69,123
2,0,6,42,1,4,56,13,0,62,48,49,61,75,124
2,0,14,35,0,2,58,10,0,62,49,49,59,72,121
1,0,6,42,0,3,59,10,0,63,48,48,58,73,121
1,0,6,46,1,4,52,14,0,57,52,53,66,71,124
1,0,9,41,1,4,54,14,0,59,50,51,64,73,124
1,0,7,48,0,3,52,11,0,56,55,55,66,67,122
1,0,6,48,0,3,50,14,0,54,54,54,68,68,122
0,0,9,44,0,3,52,14,0,55,53,53,67,69,122
1,0,8,41,0,4,57,13,0,62,49,49,62,75,124
1,0,0,44,1,3,59,14,0,63,44,45,58,77,122
0,0,8,41,0,3,57,13,0,60,49,49,62,73,122
1,0,6,49,0,4,48,13,0,53,55,55,68,66,121
1,0,8,44,0,3,53,12,0,57,52,52,64,69,121
0,0,8,39,1,3,56,13,0,59,47,48,60,72,120
0,0,9,38,1,2,56,16,0,58,47,48,63,74,122
1,0,0,49,0,2,57,12,0,60,49,49,61,72,121
1,0,0,50,1,2,59,9,0,62,50,51,59,71,122
1,0,7,39,0,2,60,11,0,63,46,46,57,74,120
1,0,7,47,0,4,50,13,0,55,54,54,67,68,122
0,0,8,41,1,4,53,16,0,57,49,50,65,73,123
0,0,7,47,0,2,49,15,0,51,54,54,69,66,120
1,0,9,39,0,3,54,14,0,58,48,48,62,72,120
1,0,8,42,1,3,55,13,0,59,50,51,63,72,123
1,0,7,45,0,2,55,12,0,58,52,52,64,70,122
2,0,10,36,1,4,57,12,0,63,46,47,58,75,122
1,0,7,42,1,3,57,11,0,61,49,50,60,72,122
2,0,9,38,0,4,61,9,0,67,47,47,56,76,123
1,0,10,41,1,3,54,13,0,58,51,52,64,71,123
1,0,9,44,0,4,52,13,0,57,53,53,66,70,123
2,0,8,36,1,4,60,12,0,66,44,45,56,78,123
3,0,0,46,1,4,51,16,0,58,46,47,62,74,121
1,0,9,39,0,3,59,11,0,63,48,48,59,74,122
1,0,9,41,1,3,54,15,0,58,50,51,65,73,124
0,0,6,44,1,2,53,16,0,55,50,51,66,71,122
1,0,8,41,0,6,53,15,0,60,49,49,64,75,124
1,0,8,48,1,1,51,12,0,53,56,57,68,65,122
1,0,8,44,1,2,54,12,0,57,52,53,64,69,122
1,0,12,38,0,3,54,14,0,58,50,50,64,72,122
1,0,7,43,1,3,53,14,0,57,50,51,64,71,122
1,0,7,47,1,6,51,12,0,58,54,55,66,70,125
1,0,8,44,0,3,53,11,0,57,52,52,63,68,120
1,0,9,42,1,4,54,11,0,59,51,52,62,70,122
0,0,12,40,0,3,48,18,0,51,52,52,70,69,121
1,0,13,42,1,5,50,13,0,56,55,56,68,69,125
1,0,11,40,0,4,53,14,0,58,51,51,65,72,123
1,0,8,45,0,4,48,17,0,53,53,53,70,70,123
1,0,7,44,0,3,54,14,0,58,51,51,65,72,123
1,0,0,49,3,2,51,14,0,54,49,52,63,68,120
1,0,6,45,1,5,52,13,0,58,51,52,64,71,123
1,0,9,43,1,4,53,12,0,58,52,53,64,70,123
1,0,7,42,1,3,55,14,0,59,49,50,63,73,123
0,0,8,44,1,4,51,15,0,55,52,53,67,70,123
1,0,7,46,0,3,52,13,0,56,53,53,66,69,122
1,0,0,49,1,2,55,13,0,58,49,50,62,71,121
0,0,9,41,0,3,56,11,0,59,50,50,61,70,120
1,0,0,47,0,2,56,16,0,59,47,47,63,75,122
2,0,6,46,1,4,49,16,0,55,52,53,68,71,124
0,0,7,43,1,4,57,11,0,61,50,51,61,72,123
2,0,11,39,0,4,58,9,0,64,50,50,59,73,123
0,0,8,50,1,3,49,12,0,52,58,59,70,64,123
0,0,8,44,0,3,50,15,0,53,52,52,67,68,120
0,0,9,44,0,5,52,13,0,57,53,53,66,70,123
1,0,7,43,1,3,54,12,0,58,50,51,62,70,121
1,0,9,46,1,5,47,14,0,53,55,56,69,67,123
1,0,8,40,1,3,58,13,0,62,48,49,61,75,124
1,0,11,43,1,3,51,13,0,55,54,55,67,68,123
1,0,9,36,1,5,57,15,0,63,45,46,60,78,124
1,0,8,45,0,3,52,12,0,56,53,53,65,68,121
0,0,9,40,1,2,56,14,0,58,49,50,63,72,122
1,0,10,38,1,4,55,14,0,60,48,49,62,74,123
0,0,7,45,0,2,54,12,0,56,52,52,64,68,120
0,0,0,50,0,2,57,11,0,59,50,50,61,70,120
0,0,6,45,1,5,54,14,0,59,51,52,65,73,125
1,0,8,43,1,4,50,18,0,55,51,52,69,73,125
1,0,7,46,0,2,51,15,0,54,53,53,68,69,122
1,0,9,42,0,3,52,15,0,56,51,51,66,71,122
1,0,11,39,1,3,49,18,0,53,50,51,68,71,122
1,0,8,41,0,2,55,14,0,58,49,49,63,72,121
0,0,6,47,0,3,53,14,0,56,53,53,67,70,123
1,0,0,51,1,6,54,12,0,61,51,52,63,73,125
1,0,0,51,1,1,56,12,0,58,51,52,63,70,122
1,0,11,38,1,3,55,12,0,59,49,50,61,71,121
1,0,11,42,1,2,52,13,0,55,53,54,66,68,122
3,0,12,40,0,5,51,13,0,59,52,52,65,72,124
1,0,9,41,1,3,56,11,0,60,50,51,61,71,122
1,0,7,41,0,4,58,11,0,63,48,48,59,74,122
0,0,9,46,0,4,49,14,0,53,55,55,69,67,122
0,0,11,40,0,3,54,14,0,57,51,51,65,71,122
1,0,9,42,0,3,52,15,0,56,51,51,66,71,122
1,0,8,44,0,3,49,16,0,53,52,52,68,69,121
0,0,7,46,1,3,52,13,0,55,53,54,66,68,122
1,0,8,43,0,3,54,12,0,58,51,51,63,70,121
1,0,6,45,1,4,55,12,0,60,51,52,63,72,124
0,0,10,38,1,3,59,10,0,62,48,49,58,72,121
4,0,7,43,0,4,54,10,0,62,50,50,60,72,122
0,0,7,45,0,0,56,12,0,56,52,52,64,68,120
1,0,0,47,0,5,60,10,0,66,47,47,57,76,123
1,0,9,41,0,4,48,18,0,53,50,50,68,71,121
3,0,10,35,1,3,54,15,0,60,45,46,60,75,121
1,0,10,38,1,1,52,18,0,54,48,49,66,72,121
1,0,8,42,1,3,52,17,0,56,50,51,67,73,124
0,0,8,42,0,2,55,14,0,57,50,50,64,71,121
1,0,7,44,0,3,54,13,0,58,51,51,64,71,122
1,0,8,40,1,5,54,12,0,60,48,49,60,72,121
1,0,8,45,0,4,53,12,0,58,53,53,65,70,123
1,0,7,44,1,2,50,17,0,53,51,52,68,70,122
0,0,0,48,0,5,60,11,0,65,48,48,59,76,124
1,0,10,42,0,3,51,15,0,55,52,52,67,70,122
2,0,8,41,0,3,54,14,0,59,49,49,63,73,122
1,0,9,45,0,5,51,13,0,57,54,54,67,70,124
2,0,12,37,0,2,52,15,0,56,49,49,64,71,120
0,0,10,36,0,4,59,11,0,63,46,46,57,74,120
1,0,7,45,0,4,53,14,0,58,52,52,66,72,124
1,0,8,42,0,2,54,13,0,57,50,50,63,70,120
1,0,7,47,0,3,51,13,0,55,54,54,67,68,122
1,0,8,46,1,1,53,12,0,55,54,55,66,67,122
0,0,6,48,1,1,51,14,0,52,54,55,68,66,121
1,0,12,39,1,4,53,13,0,58,51,52,64,71,123
1,0,8,44,1,4,52,14,0,57,52,53,66,71,124
5,0,9,41,0,4,51,13,0,60,50,50,63,73,123
1,0,7,45,1,1,54,13,0,56,52,53,65,69,122
1,0,11,38,1,3,57,12,0,61,49,50,61,73,123
2,0,0,48,1,4,56,10,0,62,48,49,58,72,121
1,0,7,46,0,3,53,12,0,57,53,53,65,69,122
1,0,7,42,1,3,56,11,0,60,49,50,60,71,121
1,0,10,43,0,5,51,15,0,57,53,53,68,72,125
1,0,7,39,1,4,57,14,0,62,46,47,60,76,123
1,0,9,47,0,4,52,10,0,57,56,56,66,67,123
1,0,0,49,1,3,55,13,0,59,49,50,62,72,122
0,0,0,48,0,4,59,12,0,63,48,48,60,75,123
1,0,11,36,1,4,56,15,0,61,47,48,62,76,124
1,0,9,41,1,3,45,21,0,49,50,51,71,70,121
1,0,0,51,1,3,56,11,0,60,51,52,62,71,123
1,0,8,41,0,4,50,20,0,55,49,49,69,75,124
1,0,8,42,0,2,55,14,0,58,50,50,64,72,122
0,0,7,43,1,3,53,16,0,56,50,51,66,72,123
1,0,8,41,1,4,54,15,0,59,49,50,64,74,124
1,0,10,36,1,2,54,17,0,57,46,47,63,74,121
1,0,0,47,0,2,57,15,0,60,47,47,62,75,122
1,0,9,46,0,4,50,11,0,55,55,55,66,66,121
1,0,0,44,1,3,58,15,0,62,44,45,59,77,122
2,0,7,45,0,3,54,10,0,59,52,52,62,69,121
1,0,8,42,1,3,58,10,0,62,50,51,60,72,123
1,0,0,45,0,4,57,17,0,62,45,45,62,79,124
0,0,7,46,0,4,51,14,0,55,53,53,67,69,122
1,0,10,45,1,4,49,12,0,54,55,56,67,66,122
1,0,8,46,1,3,51,14,0,55,54,55,68,69,124
0,0,0,44,1,4,58,17,0,62,44,45,61,79,124
1,0,8,44,1,3,47,20,0,51,52,53,72,71,124
0,0,12,42,1,1,53,12,0,54,54,55,66,66,121
1,0,12,39,0,3,52,15,0,56,51,51,66,71,122
1,0,8,39,0,3,56,13,0,60,47,47,60,73,120
1,0,6,41,0,4,57,11,0,62,47,47,58,73,120
0,0,7,48,0,2,52,11,0,54,55,55,66,65,120
1,0,7,45,0,3,52,13,0,56,52,52,65,69,121
0,0,9,34,1,3,54,21,0,57,43,44,64,78,122
0,0,7,45,1,3,56,9,0,59,52,53,61,68,121
1,0,11,41,0,4,49,17,0,54,52,52,69,71,123
1,0,8,40,1,4,56,14,0,61,48,49,62,75,124
1,0,9,40,1,4,55,14,0,60,49,50,63,74,124
1,0,8,41,0,2,55,14,0,58,49,49,63,72,121
0,0,8,41,1,4,52,17,0,56,49,50,66,73,123
0,0,0,51,1,2,55,12,0,57,51,52,63,69,121
1,0,9,39,0,4,56,14,0,61,48,48,62,75,123
1,0,8,42,0,4,53,13,0,58,50,50,63,71,121
0,0,6,46,1,2,51,15,0,53,52,53,67,68,121
1,0,11,40,1,2,51,15,0,54,51,52,66,69,121
1,0,9,43,0,3,53,13,0,57,52,52,65,70,122
1,0,7,44,0,1,53,15,0,55,51,51,66,70,121
1,0,8,37,1,3,53,20,0,57,45,46,65,77,123
1,0,8,45,0,0,53,14,0,54,53,53,67,68,121
0,0,10,38,1,4,55,15,0,59,48,49,63,74,123
0,0,0,40,1,2,64,14,0,66,40,41,54,80,121
0,0,11,46,0,1,50,12,0,51,57,57,69,63,120
0,0,13,37,0,2,51,17,0,53,50,50,67,70,120
1,0,9,44,1,4,53,9,0,58,53,54,62,67,121
1,0,8,47,1,5,49,14,0,55,55,56,69,69,125
1,0,7,42,1,3,55,13,0,59,49,50,62,72,122
1,0,10,45,0,5,54,9,0,60,55,55,64,69,124
1,0,10,39,0,4,54,14,0,59,49,49,63,73,122
1,0,7,41,0,2,55,16,0,58,48,48,64,74,122
1,0,8,50,0,2,48,12,0,51,58,58,70,63,121
1,0,13,35,0,0,57,15,0,58,48,48,63,73,121
1,0,10,40,0,2,54,13,0,57,50,50,63,70,120
1,0,0,47,0,3,57,13,0,61,47,47,60,74,121
4,0,10,37,0,3,55,12,0,62,47,47,59,74,121
0,0,7,43,1,6,57,12,0,63,50,51,62,75,126
1,0,8,47,1,5,53,11,0,59,55,56,66,70,126
3,0,8,40,0,4,55,13,0,62,48,48,61,75,123
1,0,9,42,1,3,48,18,0,52,51,52,69,70,122
1,0,7,44,1,3,53,15,0,57,51,52,66,72,124
0,0,9,46,0,3,45,17,0,48,55,55,72,65,120
2,0,7,43,1,3,53,13,0,58,50,51,63,71,122
2,0,7,47,1,4,49,11,0,55,54,55,65,66,121
1,0,8,47,0,6,52,11,0,59,55,55,66,70,125
0,0,10,41,1,2,52,16,0,54,51,52,67,70,122
1,0,9,37,0,5,58,15,0,64,46,46,61,79,125
1,0,8,41,0,4,56,11,0,61,49,49,60,72,121
0,0,7,43,0,4,54,15,0,58,50,50,65,73,123
1,0,7,53,1,3,48,9,0,52,60,61,69,61,122
0,0,9,42,0,2,51,17,0,53,51,51,68,70,121
1,0,8,45,0,3,48,18,0,52,53,53,71,70,123
1,0,8,39,0,1,55,17,0,57,47,47,64,74,121
1,0,6,41,1,3,51,19,0,55,47,48,66,74,122
1,0,8,45,1,2,51,14,0,54,53,54,67,68,122
1,0,7,42,0,5,54,15,0,60,49,49,64,75,124
1,0,10,38,0,3,55,16,0,59,48,48,64,75,123
1,0,7,43,1,3,54,13,0,58,50,51,63,71,122
1,0,7,43,0,2,54,13,0,57,50,50,63,70,120
1,0,8,43,1,2,52,15,0,55,51,52,66,70,122
1,0,0,52,1,3,50,16,0,54,52,53,68,70,123
2,0,7,41,1,2,55,14,0,59,48,49,62,73,122
1,0,7,45,1,2,55,11,0,58,52,53,63,69,122
1,0,7,47,0,3,53,11,0,57,54,54,65,68,122
1,0,8,45,1,2,53,12,0,56,53,54,65,68,122
1,0,6,39,0,3,60,12,0,64,45,45,57,76,121
1,0,8,40,2,5,54,13,0,60,48,50,61,73,123
1,0,8,41,0,5,56,12,0,62,49,49,61,74,123
1,0,8,51,1,4,49,11,0,54,59,60,70,65,125
0,0,10,45,0,3,50,12,0,53,55,55,67,65,120
1,0,0,51,0,4,54,12,0,59,51,51,63,71,122
1,0,9,44,1,4,51,12,0,56,53,54,65,68,122
1,0,8,40,1,5,54,15,0,60,48,49,63,75,124
1,0,7,40,1,2,56,14,0,59,47,48,61,73,121
1,0,6,42,0,5,57,12,0,63,48,48,60,75,123
1,0,9,35,0,1,58,16,0,60,44,44,60,76,120
1,0,7,44,0,4,53,11,0,58,51,51,62,69,120
1,0,7,41,1,3,58,12,0,62,48,49,60,74,123
3,0,8,40,0,4,53,12,0,60,48,48,60,72,120
1,0,11,39,1,4,54,14,0,59,50,51,64,73,124
1,0,0,49,1,3,54,14,0,58,49,50,63,72,122
1,0,10,42,0,3,53,14,0,57,52,52,66,71,123
1,0,8,40,1,4,54,14,0,59,48,49,62,73,122
1,0,6,44,1,6,50,13,0,57,50,51,63,70,121
1,0,11,36,0,4,60,11,0,65,47,47,58,76,123
1,0,13,37,1,3,50,15,0,54,50,51,65,69,120
2,0,9,46,0,4,50,11,0,56,55,55,66,67,122
1,0,0,44,1,4,60,13,0,65,44,45,57,78,123
1,0,7,44,0,4,53,15,0,58,51,51,66,73,124
1,0,11,39,0,3,51,18,0,55,50,50,68,73,123
0,0,10,36,1,3,58,13,0,61,46,47,59,74,121
1,0,9,45,1,4,48,15,0,53,54,55,69,68,123
1,0,10,44,1,5,51,12,0,57,54,55,66,69,124
1,0,11,40,0,3,52,15,0,56,51,51,66,71,122
1,0,8,39,1,3,55,15,0,59,47,48,62,74,122
1,0,10,43,1,4,47,16,0,52,53,54,69,68,122
0,0,8,46,0,3,49,14,0,52,54,54,68,66,120
1,0,8,42,1,2,54,15,0,57,50,51,65,72,123
1,0,6,48,1,2,56,9,0,59,54,55,63,68,123
1,0,6,43,1,4,60,10,0,65,49,50,59,75,125
2,0,7,46,1,4,52,12,0,58,53,54,65,70,124
1,0,0,49,0,6,52,12,0,59,49,49,61,71,120
1,0,8,42,1,3,56,13,0,60,50,51,63,73,124
1,0,7,45,1,4,51,13,0,56,52,53,65,69,122
1,0,9,43,1,4,54,11,0,59,52,53,63,70,123
1,0,7,40,0,4,56,15,0,61,47,47,62,76,123
1,0,12,40,1,2,53,14,0,56,52,53,66,70,123
3,0,0,45,1,2,58,12,0,63,45,46,57,75,121
1,0,10,42,1,4,56,10,0,61,52,53,62,71,124
2,0,9,38,1,4,57,12,0,63,47,48,59,75,123
1,0,7,48,0,5,50,12,0,56,55,55,67,68,123
1,0,9,44,0,1,51,15,0,53,53,53,68,68,121
2,0,13,36,1,5,50,15,0,57,49,50,64,72,122
0,0,7,44,1,3,53,15,0,56,51,52,66,71,123
1,0,9,42,0,3,53,14,0,57,51,51,65,71,122
0,0,7,44,0,3,56,12,0,59,51,51,63,71,122
0,0,10,40,0,2,58,11,0,60,50,50,61,71,121
1,0,14,37,0,4,52,15,0,57,51,51,66,72,123
1,0,9,41,0,2,55,13,0,58,50,50,63,71,121
1,0,7,42,1,3,50,17,0,54,49,50,66,71,121
1,0,9,42,1,3,51,15,0,55,51,52,66,70,122
1,0,6,42,1,3,56,14,0,60,48,49,62,74,123
0,0,0,46,1,2,58,15,0,60,46,47,61,75,122
0,0,7,42,1,4,56,11,0,60,49,50,60,71,121
1,0,7,43,0,2,54,15,0,57,50,50,65,72,122
1,0,7,43,1,3,51,15,0,55,50,51,65,70,121
0,0,0,43,1,1,63,13,0,64,43,44,56,77,121
1,0,10,38,0,3,54,15,0,58,48,48,63,73,121
1,0,7,48,0,4,47,16,0,52,55,55,71,68,123
0,0,7,47,1,2,50,15,0,52,54,55,69,67,122
4,0,8,39,1,3,54,12,0,61,47,48,59,73,121
1,0,9,41,1,3,55,12,0,59,50,51,62,71,122
2,0,7,41,1,2,54,15,0,58,48,49,63,73,122
1,0,8,41,1,3,57,12,0,61,49,50,61,73,123
1,0,7,41,0,3,52,17,0,56,48,48,65,73,121
0,0,11,36,0,3,58,14,0,61,47,47,61,75,122
1,0,8,44,0,4,52,14,0,57,52,52,66,71,123
1,0,9,42,1,3,52,15,0,56,51,52,66,71,123
2,0,11,43,0,4,51,11,0,57,54,54,65,68,122
1,0,10,38,1,4,49,20,0,54,48,49,68,74,123
1,0,7,48,1,3,48,13,0,52,55,56,68,65,121
1,0,0,48,0,3,57,12,0,61,48,48,60,73,121
0,0,6,43,0,6,50,15,0,56,49,49,64,71,120
1,0,10,39,0,4,56,13,0,61,49,49,62,74,123
1,0,7,41,1,3,56,14,0,60,48,49,62,74,123
1,0,7,41,1,3,55,15,0,59,48,49,63,74,123
1,0,7,41,0,2,58,12,0,61,48,48,60,73,121
0,0,9,42,1,3,55,13,0,58,51,52,64,71,123
1,0,6,44,1,3,54,13,0,58,50,51,63,71,122
0,0,8,43,0,2,57,11,0,59,51,51,62,70,121
1,0,7,45,0,3,53,12,0,57,52,52,64,69,121
2,0,7,45,0,2,55,9,0,59,52,52,61,68,120
1,0,8,44,1,3,51,14,0,55,52,53,66,69,122
1,0,8,42,1,4,54,13,0,59,50,51,63,72,123
1,0,6,46,1,1,50,17,0,52,52,53,69,69,122
2,0,0,50,0,2,55,11,0,59,50,50,61,70,120
0,0,9,40,0,3,54,16,0,57,49,49,65,73,122
1,0,6,49,0,3,50,13,0,54,55,55,68,67,122
1,0,8,42,0,4,55,11,0,60,50,50,61,71,121
1,0,9,36,0,3,51,20,0,55,45,45,65,75,120
0,0,9,39,0,5,52,15,0,57,48,48,63,72,120
0,0,7,44,1,3,51,15,0,54,51,52,66,69,121
1,0,10,43,0,3,49,15,0,53,53,53,68,68,121
1,0,11,41,0,2,50,15,0,53,52,52,67,68,120
3,0,8,40,0,3,53,15,0,59,48,48,63,74,122
1,0,0,49,1,5,54,15,0,60,49,50,64,75,125
0,0,8,46,1,2,50,16,0,52,54,55,70,68,123
1,0,0,50,0,5,51,17,0,57,50,50,67,74,124
3,0,9,41,0,4,55,10,0,62,50,50,60,72,122
2,0,9,42,0,3,58,8,0,63,51,51,59,71,122
0,0,8,45,1,2,45,20,0,47,53,54,73,67,121
1,0,9,41,0,5,55,12,0,61,50,50,62,73,123
1,0,0,45,0,3,57,16,0,61,45,45,61,77,122
1,0,9,42,1,3,56,10,0,60,51,52,61,70,122
1,0,8,41,0,1,55,14,0,57,49,49,63,71,120
4,0,6,39,0,2,58,12,0,64,45,45,57,76,121
0,0,8,44,0,3,52,15,0,55,52,52,67,70,122
1,0,8,41,1,3,52,15,0,56,49,50,64,71,121
2,0,8,41,1,3,57,11,0,62,49,50,60,73,123
1,0,10,42,1,4,53,14,0,58,52,53,66,72,125
0,0,6,45,0,3,51,16,0,54,51,51,67,70,121
1,0,9,41,1,4,52,15,0,57,50,51,65,72,123
2,0,0,50,0,4,57,9,0,63,50,50,59,72,122
1,0,7,43,1,1,53,16,0,55,50,51,66,71,122
1,0,10,41,0,4,54,13,0,59,51,51,64,72,123
1,0,8,46,0,3,49,14,0,53,54,54,68,67,121
1,0,7,45,0,5,51,14,0,57,52,52,66,71,123
1,0,7,40,0,4,56,15,0,61,47,47,62,76,123
4,0,7,40,0,5,55,13,0,64,47,47,60,77,124
2,0,7,42,0,3,56,10,0,61,49,49,59,71,120
1,0,9,42,1,3,54,13,0,58,51,52,64,71,123
1,0,0,50,1,2,54,14,0,57,50,51,64,71,122
1,0,8,47,1,4,50,14,0,55,55,56,69,69,125
0,0,10,41,0,3,52,16,0,55,51,51,67,71,122
1,0,7,45,0,3,55,12,0,59,52,52,64,71,123
1,0,8,40,1,4,54,14,0,59,48,49,62,73,122
0,0,0,50,1,3,53,15,0,56,50,51,65,71,122
1,0,8,45,0,5,50,14,0,56,53,53,67,70,123
1,0,15,38,0,5,52,12,0,58,53,53,65,70,123
1,0,7,44,1,6,54,8,0,61,51,52,59,69,121
1,0,8,42,1,3,56,11,0,60,50,51,61,71,122
2,0,7,42,1,4,52,14,0,58,49,50,63,72,122
1,0,10,37,1,4,55,15,0,60,47,48,62,75,123
1,0,7,48,0,2,55,8,0,58,55,55,63,66,121
1,0,10,38,1,3,52,18,0,56,48,49,66,74,123
1,0,6,43,1,3,56,13,0,60,49,50,62,73,123
0,0,0,45,0,4,63,11,0,67,45,45,56,78,123
0,0,9,40,1,5,48,17,0,53,49,50,66,70,120
0,0,9,43,1,4,51,15,0,55,52,53,67,70,123
2,0,7,42,1,3,58,10,0,63,49,50,59,73,123
0,0,10,40,1,4,55,14,0,59,50,51,64,73,124
1,0,8,40,0,2,53,17,0,56,48,48,65,73,121
1,0,8,43,0,3,52,16,0,56,51,51,67,72,123
1,0,9,44,0,3,51,13,0,55,53,53,66,68,121
0,10,8,40,1,4,46,14,0,60,48,49,62,74,123
0,0,0,47,0,5,59,12,0,64,47,47,59,76,123
1,0,8,46,0,4,51,13,0,56,54,54,67,69,123
0,0,7,46,0,4,54,12,0,58,53,53,65,70,123
1,0,0,49,1,4,55,13,0,60,49,50,62,73,123
1,0,7,46,1,3,53,11,0,57,53,54,64,68,122
1,0,6,40,1,4,59,12,0,64,46,47,58,76,123
0,0,9,42,0,4,53,15,0,57,51,51,66,72,123
1,0,12,41,1,2,49,15,0,52,53,54,68,67,121
1,0,9,40,1,3,57,11,0,61,49,50,60,72,122
1,0,9,40,0,3,54,15,0,58,49,49,64,73,122
1,0,0,50,1,3,50,18,0,54,50,51,68,72,123
1,0,7,47,0,4,52,12,0,57,54,54,66,69,123
0,0,7,41,0,1,57,14,0,58,48,48,62,72,120
1,0,8,44,1,1,54,13,0,56,52,53,65,69,122
1,0,7,44,0,3,52,14,0,56,51,51,65,70,121
1,0,0,47,0,5,58,13,0,64,47,47,60,77,124
1,0,9,40,1,5,56,12,0,62,49,50,61,74,124
1,0,0,50,0,3,52,16,0,56,50,50,66,72,122
1,0,0,50,0,3,51,16,0,55,50,50,66,71,121
1,0,7,42,1,3,56,11,0,60,49,50,60,71,121
1,0,7,39,0,3,58,13,0,62,46,46,59,75,121
1,0,9,42,0,2,55,13,0,58,51,51,64,71,122
0,0,8,43,0,4,56,12,0,60,51,51,63,72,123
0,0,9,46,0,3,50,13,0,53,55,55,68,66,121
1,0,9,42,0,4,54,12,0,59,51,51,63,71,122
1,0,11,39,0,2,58,11,0,61,50,50,61,72,122
1,0,7,44,0,2,55,13,0,58,51,51,64,71,122
1,0,7,42,0,2,58,10,0,61,49,49,59,71,120
1,0,11,39,0,4,52,15,0,57,50,50,65,72,122
1,0,10,39,0,3,50,19,0,54,49,49,68,73,122
0,0,8,44,0,4,55,12,0,59,52,52,64,71,123
2,0,9,44,1,3,49,13,0,54,53,54,66,67,121
0,0,9,41,1,3,54,14,0,57,50,51,64,71,122
0,0,10,42,0,3,50,16,0,53,52,52,68,69,121
1,0,7,47,0,3,50,13,0,54,54,54,67,67,121
1,0,10,41,0,4,54,14,0,59,51,51,65,73,124
2,0,9,40,0,3,54,12,0,59,49,49,61,71,120
1,0,0,50,1,2,54,13,0,57,50,51,63,70,121
0,0,7,41,1,1,57,14,0,58,48,49,62,72,121
1,0,8,43,1,3,51,16,0,55,51,52,67,71,123
1,0,8,43,1,2,51,17,0,54,51,52,68,71,123
0,0,8,46,1,3,53,12,0,56,54,55,66,68,123
1,0,7,41,1,1,57,14,0,59,48,49,62,73,122
0,0,9,44,1,1,53,13,0,54,53,54,66,67,121
1,0,7,46,1,3,50,15,0,54,53,54,68,69,123
1,0,7,46,0,2,52,14,0,55,53,53,67,69,122
0,0,8,38,1,3,54,19,0,57,46,47,65,76,123
0,0,9,42,0,5,54,13,0,59,51,51,64,72,123
2,0,10,38,1,4,53,13,0,59,48,49,61,72,121
1,0,7,46,0,4,51,14,0,56,53,53,67,70,123
1,0,7,41,1,3,53,17,0,57,48,49,65,74,123
2,0,10,40,0,2,55,11,0,59,50,50,61,70,120
1,0,8,42,1,2,53,15,0,56,50,51,65,71,122
1,0,7,41,1,4,57,13,0,62,48,49,61,75,124
0,0,0,45,1,4,59,14,0,63,45,46,59,77,123
1,0,7,41,1,3,59,10,0,63,48,49,58,73,122
1,0,7,41,1,1,59,12,0,61,48,49,60,73,122
1,0,7,47,0,2,52,13,0,55,54,54,67,68,122
1,0,11,41,0,4,55,11,0,60,52,52,63,71,123
0,0,7,42,0,3,53,15,0,56,49,49,64,71,120
0,0,8,41,1,3,54,14,0,57,49,50,63,71,121
1,0,13,37,1,3,53,15,0,57,50,51,65,72,123
1,0,0,50,1,4,53,13,0,58,50,51,63,71,122
1,0,0,54,0,2,52,13,0,55,54,54,67,68,122
1,0,8,42,0,2,49,18,0,52,50,50,68,70,120
1,0,8,48,0,2,50,11,0,53,56,56,67,64,120
1,0,7,43,1,2,56,13,0,59,50,51,63,72,123
1,0,10,44,0,3,50,13,0,54,54,54,67,67,121
1,0,7,44,0,3,49,16,0,53,51,51,67,69,120
0,0,9,39,1,5,59,11,0,64,48,49,59,75,124
1,0,8,43,1,2,52,15,0,55,51,52,66,70,122
0,0,9,43,1,3,51,16,0,54,52,53,68,70,123
1,0,8,43,1,4,51,15,0,56,51,52,66,71,123
0,0,8,42,0,5,56,12,0,61,50,50,62,73,123
3,0,9,37,1,4,52,17,0,59,46,47,63,76,123
1,0,10,36,1,4,58,13,0,63,46,47,59,76,123
1,0,7,49,0,1,47,16,0,49,56,56,72,65,121
1,0,8,46,0,2,50,14,0,53,54,54,68,67,121
1,0,7,41,0,3,56,14,0,60,48,48,62,74,122
1,0,10,44,1,4,47,16,0,52,54,55,70,68,123
1,0,9,43,0,1,50,17,0,52,52,52,69,69,121
1,0,10,41,0,4,49,18,0,54,51,51,69,72,123
0,0,7,45,0,5,54,11,0,59,52,52,63,70,122
1,0,7,47,1,2,52,12,0,55,54,55,66,67,122
3,0,6,44,0,2,54,12,0,59,50,50,62,71,121
1,0,7,44,1,4,53,13,0,58,51,52,64,71,123
1,0,8,43,0,4,54,12,0,59,51,51,63,71,122
1,0,9,40,0,2,55,13,0,58,49,49,62,71,120
1,0,8,41,0,3,56,13,0,60,49,49,62,73,122
1,0,7,43,0,4,56,12,0,61,50,50,62,73,123
1,0,8,46,0,3,50,14,0,54,54,54,68,68,122
1,0,8,42,0,3,54,15,0,58,50,50,65,73,123
1,0,7,43,1,4,53,16,0,58,50,51,66,74,125
1,0,6,43,0,3,55,14,0,59,49,49,63,73,122
1,0,8,43,1,6,52,14,0,59,51,52,65,73,125
1,0,9,42,1,2,52,15,0,55,51,52,66,70,122
0,0,7,45,1,3,49,17,0,52,52,53,69,69,122
2,0,9,39,1,3,54,14,0,59,48,49,62,73,122
1,0,8,43,1,3,54,12,0,58,51,52,63,70,122
1,0,10,41,1,3,56,11,0,60,51,52,62,71,123
1,0,8,42,0,2,54,14,0,57,50,50,64,71,121
1,0,9,42,0,4,55,12,0,60,51,51,63,72,123
0,0,9,38,1,4,55,14,0,59,47,48,61,73,121
1,0,7,43,1,3,54,14,0,58,50,51,64,72,123
0,0,7,40,0,1,57,15,0,58,47,47,62,73,120
1,0,10,35,0,2,59,13,0,62,45,45,58,75,120
1,0,7,45,1,5,50,15,0,56,52,53,67,71,124
0,0,7,45,0,4,52,13,0,56,52,52,65,69,121
0,0,11,42,1,3,52,14,0,55,53,54,67,69,123
1,0,7,45,1,2,51,16,0,54,52,53,68,70,123
1,0,7,43,1,2,53,15,0,56,50,51,65,71,122
0,0,0,46,1,3,56,15,0,59,46,47,61,74,121
1,0,6,44,1,2,56,13,0,59,50,51,63,72,123
1,0,0,48,1,5,57,14,0,63,48,49,62,77,126
0,0,7,45,0,3,52,13,0,55,52,52,65,68,120
1,0,9,42,0,2,50,16,0,53,51,51,67,69,120
0,0,7,46,1,2,52,14,0,54,53,54,67,68,122
1,0,7,44,1,3,51,17,0,55,51,52,68,72,124
1,0,7,44,1,2,52,15,0,55,51,52,66,70,122
1,0,8,42,0,3,53,16,0,57,50,50,66,73,123
1,0,8,44,0,3,50,15,0,54,52,52,67,69,121
1,0,0,43,1,6,60,10,0,67,43,44,53,77,121
0,0,8,41,1,2,54,16,0,56,49,50,65,72,122
1,0,10,38,0,3,58,11,0,62,48,48,59,73,121
1,0,9,41,1,5,54,14,0,60,50,51,64,74,125
1,0,6,41,0,2,60,12,0,63,47,47,59,75,122
0,0,7,40,1,2,56,15,0,58,47,48,62,73,121
1,0,10,41,1,2,53,13,0,56,51,52,64,69,121
0,0,0,49,1,3,54,14,0,57,49,50,63,71,121
1,0,8,40,1,3,59,12,0,63,48,49,60,75,124
1,0,7,44,1,2,52,16,0,55,51,52,67,71,123
1,0,8,43,1,4,55,11,0,60,51,52,62,71,123
1,0,10,40,0,5,50,15,0,56,50,50,65,71,121
1,0,7,40,0,4,54,14,0,59,47,47,61,73,120
1,0,7,46,1,3,54,11,0,58,53,54,64,69,123
0,0,10,42,1,2,55,12,0,57,52,53,64,69,122
1,0,7,43,0,3,54,14,0,58,50,50,64,72,122
1,0,7,46,1,3,47,18,0,51,53,54,71,69,123
0,0,7,47,1,5,53,12,0,58,54,55,66,70,125
0,0,6,43,1,3,54,16,0,57,49,50,65,73,123
1,0,11,38,0,3,54,14,0,58,49,49,63,72,121
1,0,8,41,1,4,49,18,0,54,49,50,67,72,122
1,0,10,38,1,3,56,14,0,60,48,49,62,74,123
1,0,7,41,1,4,57,14,0,62,48,49,62,76,125
0,0,6,45,0,3,54,13,0,57,51,51,64,70,121
2,0,7,40,0,2,60,10,0,64,47,47,57,74,121
1,0,8,39,1,3,55,14,0,59,47,48,61,73,121
1,0,0,47,0,3,58,13,0,62,47,47,60,75,122
1,0,8,42,0,3,55,12,0,59,50,50,62,71,121
1,0,8,44,0,4,50,15,0,55,52,52,67,70,122
1,0,6,49,1,3,48,15,0,52,55,56,70,67,123
1,0,7,43,0,4,57,10,0,62,50,50,60,72,122
0,0,6,47,1,4,55,10,0,59,53,54,63,69,123
2,0,7,42,0,4,57,11,0,63,49,49,60,74,123
1,0,7,44,0,2,53,13,0,56,51,51,64,69,120
1,0,12,37,1,3,54,13,0,58,49,50,62,71,121
2,0,0,54,1,2,49,14,0,53,54,55,68,67,122
1,0,8,44,0,3,53,14,0,57,52,52,66,71,123
1,0,7,43,0,3,55,13,0,59,50,50,63,72,122
1,0,7,49,0,3,52,10,0,56,56,56,66,66,122
1,0,7,47,0,2,51,13,0,54,54,54,67,67,121
1,0,0,50,0,3,53,14,0,57,50,50,64,71,121
1,0,8,44,0,2,53,12,0,56,52,52,64,68,120
0,0,9,40,1,3,53,14,0,56,49,50,63,70,120
1,0,0,55,0,2,49,14,0,52,55,55,69,66,121
0,0,8,40,0,2,58,12,0,60,48,48,60,72,120
1,0,11,36,0,4,55,15,0,60,47,47,62,75,122
0,0,9,43,0,3,54,12,0,57,52,52,64,69,121
0,0,12,40,0,5,48,18,0,53,52,52,70,71,123
1,0,8,39,1,4,54,14,0,59,47,48,61,73,121
1,0,0,52,1,4,51,13,0,56,52,53,65,69,122
1,0,0,46,1,4,57,16,0,62,46,47,62,78,125
1,0,8,45,0,3,49,15,0,53,53,53,68,68,121
0,0,9,47,0,2,52,10,0,54,56,56,66,64,120
1,0,8,44,0,0,54,13,0,55,52,52,65,68,120
1,0,10,41,1,3,51,15,0,55,51,52,66,70,122
1,0,9,38,0,3,60,11,0,64,47,47,58,75,122
1,0,7,42,0,4,52,18,0,57,49,49,67,75,124
1,0,9,42,0,3,52,15,0,56,51,51,66,71,122
0,0,0,44,1,4,59,13,0,63,44,45,57,76,121
1,0,10,41,0,3,52,13,0,56,51,51,64,69,120
1,0,9,40,0,5,53,16,0,59,49,49,65,75,124
0,0,0,49,1,4,55,14,0,59,49,50,63,73,123
1,0,10,42,0,4,52,14,0,57,52,52,66,71,123
1,0,7,42,0,4,56,12,0,61,49,49,61,73,122
1,0,8,44,1,4,52,15,0,57,52,53,67,72,125
1,0,0,50,1,3,57,11,0,61,50,51,61,72,123
1,0,8,43,0,3,53,14,0,57,51,51,65,71,122
2,0,0,48,0,4,54,14,0,60,48,48,62,74,122
1,0,11,40,0,4,49,16,0,54,51,51,67,70,121
1,0,10,45,0,3,49,15,0,53,55,55,70,68,123
1,0,8,43,0,0,54,14,0,55,51,51,65,69,120
1,0,11,40,1,5,53,14,0,59,51,52,65,73,125
1,0,6,44,1,2,49,20,0,52,50,51,70,72,123
1,0,7,43,1,5,60,7,0,66,50,51,57,73,124
1,0,0,45,1,3,60,11,0,64,45,46,56,75,121
1,0,8,42,0,3,58,8,0,62,50,50,58,70,120
1,0,9,40,0,2,55,13,0,58,49,49,62,71,120
1,0,0,48,0,4,56,14,0,61,48,48,62,75,123
0,0,9,47,0,2,50,12,0,52,56,56,68,64,120
0,0,9,40,1,1,58,12,0,59,49,50,61,71,121
1,0,7,46,1,3,51,12,0,55,53,54,65,67,121
2,0,10,43,1,2,51,12,0,55,53,54,65,67,121
0,0,0,52,0,4,55,11,0,59,52,52,63,70,122
1,0,0,48,1,2,56,14,0,59,48,49,62,73,122
1,0,7,45,1,4,51,15,0,56,52,53,67,71,124
1,0,10,38,1,3,58,12,0,62,48,49,60,74,123
3,0,9,41,0,6,49,17,0,58,50,50,67,75,125
1,0,8,44,0,6,51,11,0,58,52,52,63,69,121
0,0,8,45,1,2,50,16,0,52,53,54,69,68,122
1,0,9,45,0,3,49,15,0,53,54,54,69,68,122
2,0,0,46,1,2,58,12,0,62,46,47,58,74,121
1,0,0,48,1,5,56,13,0,62,48,49,61,75,124
1,0,9,44,0,2,50,15,0,53,53,53,68,68,121
1,0,6,43,1,3,55,13,0,59,49,50,62,72,122
2,0,8,41,1,4,57,9,0,63,49,50,58,72,122
1,0,0,50,1,3,53,14,0,57,50,51,64,71,122
1,0,9,40,1,4,51,15,0,56,49,50,64,71,121
1,0,8,46,1,2,50,13,0,53,54,55,67,66,121
1,0,7,47,1,3,50,13,0,54,54,55,67,67,122
0,0,7,45,0,2,54,13,0,56,52,52,65,69,121
1,0,9,41,1,2,57,11,0,60,50,51,61,71,122
1,0,9,39,1,4,56,14,0,61,48,49,62,75,124
1,0,10,39,0,5,50,19,0,56,49,49,68,75,124
1,0,10,40,1,4,49,18,0,54,50,51,68,72,123
1,0,8,40,1,1,57,14,0,59,48,49,62,73,122
1,0,9,42,1,3,52,14,0,56,51,52,65,70,122
0,0,9,43,1,3,50,17,0,53,52,53,69,70,123
1,0,8,50,1,3,49,11,0,53,58,59,69,64,123
1,0,6,51,1,3,49,12,0,53,57,58,69,65,123
1,0,0,46,0,3,62,9,0,66,46,46,55,75,121
1,0,12,38,1,2,51,16,0,54,50,51,66,70,121
1,0,10,37,1,3,57,13,0,61,47,48,60,74,122
0,0,14,34,1,2,58,13,0,60,48,49,61,73,122
1,0,8,47,0,3,53,11,0,57,55,55,66,68,123
1,0,6,49,1,2,48,16,0,51,55,56,71,67,123
1,0,7,45,0,4,51,15,0,56,52,52,67,71,123
0,0,9,44,1,2,53,13,0,55,53,54,66,68,122
4,0,9,42,0,2,51,13,0,57,51,51,64,70,121
1,0,7,45,0,3,55,11,0,59,52,52,63,70,122
0,0,10,43,1,5,53,11,0,58,53,54,64,69,123
1,0,7,47,0,3,51,13,0,55,54,54,67,68,122
0,0,8,43,0,3,52,14,0,55,51,51,65,69,120
1,0,0,50,1,4,55,12,0,60,50,51,62,72,123
3,0,7,44,0,2,54,10,0,59,51,51,61,69,120
1,0,9,40,1,2,53,16,0,56,49,50,65,72,122
1,0,8,46,0,1,54,11,0,56,54,54,65,67,121
1,0,9,41,0,4,57,11,0,62,50,50,61,73,123
0,0,8,40,1,4,55,16,0,59,48,49,64,75,124
1,0,7,46,1,2,51,15,0,54,53,54,68,69,123
1,0,8,45,0,3,56,9,0,60,53,53,62,69,122
1,0,8,42,1,2,53,14,0,56,50,51,64,70,121
1,0,10,42,1,4,53,14,0,58,52,53,66,72,125
0,0,7,47,1,4,54,10,0,58,54,55,64,68,123
1,0,10,38,0,2,56,13,0,59,48,48,61,72,120
1,0,7,44,1,3,56,12,0,60,51,52,63,72,124
1,0,9,37,1,4,52,19,0,57,46,47,65,76,123
1,0,7,37,1,4,59,15,0,64,44,45,59,79,124
3,0,0,50,1,2,56,10,0,61,50,51,60,71,122
1,0,8,44,0,3,54,11,0,58,52,52,63,69,121
0,0,6,41,0,4,60,12,0,64,47,47,59,76,123
0,0,9,38,0,2,57,15,0,59,47,47,62,74,121
1,0,7,44,1,2,55,11,0,58,51,52,62,69,121
1,0,7,48,0,3,48,15,0,52,55,55,70,67,122
1,0,8,47,1,3,50,13,0,54,55,56,68,67,123
0,0,10,44,0,3,53,12,0,56,54,54,66,68,122
2,0,8,45,1,4,49,12,0,55,53,54,65,67,121
1,0,7,46,1,4,53,11,0,58,53,54,64,69,123
1,0,7,43,1,3,53,16,0,57,50,51,66,73,124
0,0,9,42,1,2,50,17,0,52,51,52,68,69,121
1,0,9,42,1,3,51,16,0,55,51,52,67,71,123
0,0,7,45,0,5,55,11,0,60,52,52,63,71,123
1,0,6,42,0,5,54,16,0,60,48,48,64,76,124
2,0,7,46,1,4,51,13,0,57,53,54,66,70,124
1,0,7,42,0,2,58,11,0,61,49,49,60,72,121
1,0,8,42,1,3,51,16,0,55,50,51,66,71,122
1,0,8,36,1,2,56,18,0,59,44,45,62,77,122
1,0,7,44,0,3,54,13,0,58,51,51,64,71,122
0,0,7,45,1,3,52,12,0,55,52,53,64,67,120
1,0,9,41,1,5,53,14,0,59,50,51,64,73,124
1,0,0,47,0,5,56,14,0,62,47,47,61,76,123
0,0,9,42,1,3,50,18,0,53,51,52,69,71,123
1,0,8,40,1,4,56,12,0,61,48,49,60,73,122
1,0,10,42,1,3,53,13,0,57,52,53,65,70,123
1,0,10,43,1,4,54,12,0,59,53,54,65,71,125
1,0,7,43,0,3,52,15,0,56,50,50,65,71,121
1,0,8,46,1,4,47,16,0,52,54,55,70,68,123
1,0,6,40,1,4,57,12,0,62,46,47,58,74,121
1,0,13,39,1,1,55,11,0,57,52,53,63,68,121
0,0,8,42,1,4,53,13,0,57,50,51,63,70,121
0,0,7,42,1,2,55,15,0,57,49,50,64,72,122
1,0,8,39,1,4,60,11,0,65,47,48,58,76,124
1,0,10,39,1,4,56,13,0,61,49,50,62,74,124
1,0,9,43,1,3,54,10,0,58,52,53,62,68,121
1,0,7,46,0,3,51,13,0,55,53,53,66,68,121
1,0,13,35,0,2,57,12,0,60,48,48,60,72,120
1,0,9,42,0,3,55,11,0,59,51,51,62,70,121
0,0,7,40,0,3,53,17,0,56,47,47,64,73,120
1,0,10,40,1,3,55,13,0,59,50,51,63,72,123
1,0,10,37,0,1,52,19,0,54,47,47,66,73,120
1,0,0,47,0,2,56,15,0,59,47,47,62,74,121
1,0,10,39,1,5,52,13,0,58,49,50,62,71,121
1,0,8,44,0,3,52,14,0,56,52,52,66,70,122
1,0,7,44,1,5,50,14,0,56,51,52,65,70,122
1,0,0,43,1,6,58,16,0,65,43,44,59,81,125
1,0,11,42,0,2,48,16,0,51,53,53,69,67,120
1,0,9,43,1,3,49,15,0,53,52,53,67,68,121
1,0,9,41,1,1,52,17,0,54,50,51,67,71,122
1,0,13,39,1,3,54,12,0,58,52,53,64,70,123
1,0,8,41,1,3,55,14,0,59,49,50,63,73,123
0,0,7,38,1,3,57,17,0,60,45,46,62,77,123
1,0,6,42,1,3,60,11,0,64,48,49,59,75,124
1,0,8,37,1,2,59,14,0,62,45,46,59,76,122
1,0,10,43,1,3,52,13,0,56,53,54,66,69,123
1,0,8,38,1,4,61,10,0,66,46,47,56,76,123
1,0,0,49,0,2,57,11,0,60,49,49,60,71,120
1,0,7,39,1,4,54,18,0,59,46,47,64,77,124
0,0,8,48,0,3,50,11,0,53,56,56,67,64,120
1,0,8,45,1,2,49,15,0,52,53,54,68,67,121
1,0,8,43,1,3,50,18,0,54,51,52,69,72,124
1,0,8,46,0,3,48,16,0,52,54,54,70,68,122
1,0,0,51,1,2,53,13,0,56,51,52,64,69,121
1,0,10,44,0,3,50,13,0,54,54,54,67,67,121
1,0,7,46,1,3,52,14,0,56,53,54,67,70,124
1,0,8,40,0,4,55,15,0,60,48,48,63,75,123
1,0,8,48,1,4,49,11,0,54,56,57,67,65,122
1,0,7,44,0,5,56,11,0,62,51,51,62,73,124
1,0,0,47,0,3,54,18,0,58,47,47,65,76,123
2,0,7,45,0,3,53,11,0,58,52,52,63,69,121
2,0,7,38,0,1,54,18,0,57,45,45,63,75,120
0,0,8,46,0,3,52,13,0,55,54,54,67,68,122
1,0,0,47,0,2,57,15,0,60,47,47,62,75,122
1,0,7,39,1,2,60,12,0,63,46,47,58,75,122
2,0,9,40,1,3,55,13,0,60,49,50,62,73,123
1,0,10,40,0,3,55,12,0,59,50,50,62,71,121
2,0,7,47,1,2,50,12,0,54,54,55,66,66,121
1,0,7,47,1,2,50,14,0,53,54,55,68,67,122
3,0,9,42,0,2,51,14,0,56,51,51,65,70,121
0,0,9,35,0,1,60,15,0,61,44,44,59,76,120
0,0,12,41,0,4,54,10,0,58,53,53,63,68,121
1,0,0,50,0,4,53,14,0,58,50,50,64,72,122
1,0,10,37,1,5,55,16,0,61,47,48,63,77,125
1,0,0,45,0,3,56,17,0,60,45,45,62,77,122
1,0,0,48,1,4,55,14,0,60,48,49,62,74,123
1,0,8,46,0,4,53,11,0,58,54,54,65,69,123
1,0,10,39,1,3,53,15,0,57,49,50,64,72,122
1,0,10,43,1,4,50,16,0,55,53,54,69,71,125
1,0,12,38,0,5,54,14,0,60,50,50,64,74,124
3,0,7,41,1,5,55,13,0,63,48,49,61,76,125
0,0,8,41,0,3,53,17,0,56,49,49,66,73,122
0,0,10,40,2,4,53,11,0,57,50,52,61,68,120
1,0,8,42,0,2,52,15,0,55,50,50,65,70,120
0,0,9,40,0,2,53,16,0,55,49,49,65,71,120
1,0,8,43,0,4,54,12,0,59,51,51,63,71,122
1,0,9,39,0,4,56,11,0,61,48,48,59,72,120
1,0,9,43,1,5,52,15,0,58,52,53,67,73,126
1,0,0,49,1,3,55,13,0,59,49,50,62,72,122
1,0,10,39,1,3,56,11,0,60,49,50,60,71,121
0,0,9,46,1,5,45,18,0,50,55,56,73,68,124
1,0,6,42,1,3,57,12,0,61,48,49,60,73,122
3,0,6,44,1,4,52,14,0,59,50,51,64,73,124
2,0,10,34,0,2,53,20,0,57,44,44,64,77,121
1,0,7,43,1,1,54,15,0,56,50,51,65,71,122
1,0,12,37,1,2,53,15,0,56,49,50,64,71,121
1,0,0,47,0,4,57,15,0,62,47,47,62,77,124
1,0,0,54,1,1,54,10,0,56,54,55,64,66,121
1,0,10,41,1,3,52,16,0,56,51,52,67,72,124
1,0,9,45,0,3,54,10,0,58,54,54,64,68,122
0,0,7,42,1,2,56,14,0,58,49,50,63,72,122
1,0,8,44,1,4,54,12,0,59,52,53,64,71,124
0,0,8,41,0,4,53,14,0,57,49,49,63,71,120
0,0,9,39,0,2,55,15,0,57,48,48,63,72,120
0,0,7,47,0,5,49,15,0,54,54,54,69,69,123
1,0,8,43,1,3,46,19,0,50,51,52,70,69,121
0,0,9,43,0,1,54,13,0,55,52,52,65,68,120
1,0,7,44,0,3,54,12,0,58,51,51,63,70,121
1,0,9,44,0,3,52,13,0,56,53,53,66,69,122
1,0,11,37,0,4,55,12,0,60,48,48,60,72,120
1,0,9,42,1,3,50,16,0,54,51,52,67,70,122
1,0,11,43,0,0,51,14,0,52,54,54,68,66,120
1,0,8,45,1,3,51,13,0,55,53,54,66,68,122
2,0,7,41,1,3,53,15,0,58,48,49,63,73,122
1,0,9,42,0,2,46,21,0,49,51,51,72,70,121
1,0,8,45,1,4,50,13,0,55,53,54,66,68,122
2,0,9,42,1,6,49,15,0,57,51,52,66,72,124
1,0,9,42,1,4,53,14,0,58,51,52,65,72,124
0,0,9,36,0,3,54,20,0,57,45,45,65,77,122
1,0,10,43,0,3,49,17,0,53,53,53,70,70,123
1,0,8,45,1,4,52,13,0,57,53,54,66,70,124
1,0,7,44,1,5,50,17,0,56,51,52,68,73,125
0,0,9,38,1,4,56,14,0,60,47,48,61,74,122
0,0,10,43,0,2,53,13,0,55,53,53,66,68,121
1,0,7,43,1,3,55,12,0,59,50,51,62,71,122
0,0,9,41,1,2,53,15,0,55,50,51,65,70,121
0,0,7,44,1,4,53,13,0,57,51,52,64,70,122
0,0,9,42,0,3,53,15,0,56,51,51,66,71,122
1,0,7,43,1,3,55,11,0,59,50,51,61,70,121
1,0,8,48,1,3,50,13,0,54,56,57,69,67,124
1,0,7,47,1,2,49,15,0,52,54,55,69,67,122
1,0,9,39,1,2,55,13,0,58,48,49,61,71,120
1,0,7,40,0,2,59,12,0,62,47,47,59,74,121
1,0,8,47,0,3,51,12,0,55,55,55,67,67,122
1,0,7,45,1,3,51,13,0,55,52,53,65,68,121
1,0,7,42,1,4,53,13,0,58,49,50,62,71,121
0,0,12,37,1,3,53,16,0,56,49,50,65,72,122
1,0,7,43,0,4,55,12,0,60,50,50,62,72,122
0,0,8,47,0,3,49,14,0,52,55,55,69,66,121
0,0,7,47,1,2,54,11,0,56,54,55,65,67,122
1,0,8,46,1,2,53,12,0,56,54,55,66,68,123
1,0,9,41,1,4,49,19,0,54,50,51,69,73,124
1,0,10,47,1,4,48,14,0,53,57,58,71,67,125
1,0,7,44,1,4,49,18,0,54,51,52,69,72,124
1,0,6,46,1,4,53,14,0,58,52,53,66,72,125
1,0,7,49,0,2,51,12,0,54,56,56,68,66,122
1,0,11,40,0,3,54,12,0,58,51,51,63,70,121
1,0,0,50,1,5,58,10,0,64,50,51,60,74,125
1,0,0,45,1,2,53,20,0,56,45,46,65,76,122
1,0,10,40,1,2,51,17,0,54,50,51,67,71,122
1,0,9,45,0,2,50,14,0,53,54,54,68,67,121
1,0,0,48,1,2,56,13,0,59,48,49,61,72,121
1,0,8,48,1,5,52,11,0,58,56,57,67,69,126
0,0,7,42,1,3,56,14,0,59,49,50,63,73,123
1,0,9,40,1,2,52,17,0,55,49,50,66,72,122
1,0,7,45,0,1,54,12,0,56,52,52,64,68,120
8,0,7,38,1,3,54,11,0,65,45,46,56,76,122
1,0,7,46,1,3,51,13,0,55,53,54,66,68,122
1,0,10,41,0,4,50,17,0,55,51,51,68,72,123
2,0,12,39,0,5,53,12,0,60,51,51,63,72,123
2,0,8,39,0,2,51,18,0,55,47,47,65,73,120
0,0,9,43,0,3,54,13,0,57,52,52,65,70,122
1,0,7,43,0,4,57,9,0,62,50,50,59,71,121
1,0,0,48,0,5,59,12,0,65,48,48,60,77,125
1,0,7,44,0,4,55,12,0,60,51,51,63,72,123
1,0,10,40,0,2,56,13,0,59,50,50,63,72,122
2,0,9,41,0,3,49,16,0,54,50,50,66,70,120
1,0,10,38,0,3,58,13,0,62,48,48,61,75,123
1,0,8,42,0,2,51,16,0,54,50,50,66,70,120
1,0,7,43,0,3,51,17,0,55,50,50,67,72,122
0,0,8,43,0,3,58,10,0,61,51,51,61,71,122
1,0,8,41,0,1,54,16,0,56,49,49,65,72,121
1,0,9,38,0,2,56,15,0,59,47,47,62,74,121
1,0,9,43,0,4,51,13,0,56,52,52,65,69,121
1,0,7,51,0,2,48,12,0,51,58,58,70,63,121
1,0,7,42,0,3,51,17,0,55,49,49,66,72,121
2,0,7,43,1,3,53,14,0,58,50,51,64,72,123
0,0,8,38,0,0,55,19,0,55,46,46,65,74,120
1,0,9,44,1,5,50,15,0,56,53,54,68,71,125
1,0,11,43,1,6,43,17,0,50,54,55,71,67,122
1,0,7,41,1,4,57,14,0,62,48,49,62,76,125
1,0,8,40,0,2,55,15,0,58,48,48,63,73,121
0,0,8,46,0,3,53,10,0,56,54,54,64,66,120
1,0,6,46,0,3,54,11,0,58,52,52,63,69,121
0,0,10,37,1,3,59,13,0,62,47,48,60,75,123
1,0,7,41,1,3,55,16,0,59,48,49,64,75,124
1,0,0,47,1,5,57,15,0,63,47,48,62,78,126
1,0,8,40,0,3,53,15,0,57,48,48,63,72,120
0,0,7,41,1,4,55,15,0,59,48,49,63,74,123
1,0,7,46,1,4,49,14,0,54,53,54,67,68,122
1,0,8,44,1,3,52,13,0,56,52,53,65,69,122
1,0,11,38,0,2,55,13,0,58,49,49,62,71,120
0,0,7,43,1,3,56,12,0,59,50,51,62,71,122
1,0,7,48,1,3,48,14,0,52,55,56,69,66,122
1,0,0,48,1,0,60,12,0,61,48,49,60,73,122
0,0,8,40,0,4,54,14,0,58,48,48,62,72,120
0,0,7,39,1,4,58,14,0,62,46,47,60,76,123
1,0,7,43,1,3,56,11,0,60,50,51,61,71,122
1,0,11,40,1,3,48,17,0,52,51,52,68,69,121
0,0,7,45,1,0,52,16,0,52,52,53,68,68,121
1,0,13,36,0,3,53,14,0,57,49,49,63,71,120
1,0,11,37,1,8,48,16,0,57,48,49,64,73,122
1,0,7,40,1,2,57,14,0,60,47,48,61,74,122
1,0,7,48,0,3,51,12,0,55,55,55,67,67,122
1,0,11,41,1,2,51,15,0,54,52,53,67,69,122
1,0,8,47,1,3,52,10,0,56,55,56,65,66,122
1,0,9,38,1,3,55,15,0,59,47,48,62,74,122
1,0,9,40,0,2,54,14,0,57,49,49,63,71,120
2,0,9,39,1,2,53,14,0,57,48,49,62,71,120
1,0,8,44,0,5,52,14,0,58,52,52,66,72,124
1,0,15,33,1,3,56,13,0,60,48,49,61,73,122
1,0,0,47,0,2,60,12,0,63,47,47,59,75,122
1,0,6,44,0,2,50,18,0,53,50,50,68,71,121
0,0,7,43,0,2,50,18,0,52,50,50,68,70,120
1,0,7,43,0,2,54,14,0,57,50,50,64,71,121
1,0,9,42,1,5,49,18,0,55,51,52,69,73,125
1,0,0,52,0,3,52,15,0,56,52,52,67,71,123
1,0,8,42,0,3,56,12,0,60,50,50,62,72,122
1,0,7,44,1,3,54,13,0,58,51,52,64,71,123
1,0,6,44,1,3,54,12,0,58,50,51,62,70,121
1,0,11,40,0,4,54,14,0,59,51,51,65,73,124
0,0,7,43,0,5,58,11,0,63,50,50,61,74,124
1,0,12,41,0,3,52,13,0,56,53,53,66,69,122
1,0,7,46,0,3,52,13,0,56,53,53,66,69,122
2,0,9,44,1,5,48,14,0,55,53,54,67,69,123
1,0,7,41,0,5,58,12,0,64,48,48,60,76,124
2,0,10,43,1,3,53,10,0,58,53,54,63,68,122
2,0,8,41,1,4,55,12,0,61,49,50,61,73,123
1,0,7,46,1,3,54,10,0,58,53,54,63,68,122
0,0,8,48,1,3,50,12,0,53,56,57,68,65,122
0,0,6,44,0,3,54,14,0,57,50,50,64,71,121
0,0,10,40,1,5,53,15,0,58,50,51,65,73,124
1,0,7,45,0,1,51,16,0,53,52,52,68,69,121
0,0,0,48,0,3,57,12,0,60,48,48,60,72,120
1,0,7,41,0,3,58,12,0,62,48,48,60,74,122
0,0,9,42,0,3,50,16,0,53,51,51,67,69,120
0,0,0,46,1,4,59,13,0,63,46,47,59,76,123
3,0,0,49,0,1,55,12,0,59,49,49,61,71,120
1,0,7,43,1,2,49,17,0,52,50,51,67,69,120
0,0,10,41,0,3,51,15,0,54,51,51,66,69,120
1,0,7,40,0,3,60,12,0,64,47,47,59,76,123
1,0,0,49,1,3,53,15,0,57,49,50,64,72,122
0,0,8,43,1,4,52,16,0,56,51,52,67,72,124
0,0,7,41,0,2,57,13,0,59,48,48,61,72,120
1,0,9,39,1,4,55,16,0,60,48,49,64,76,125
1,0,12,36,1,2,54,15,0,57,48,49,63,72,121
0,0,9,42,0,3,57,11,0,60,51,51,62,71,122
1,0,9,39,1,3,55,14,0,59,48,49,62,73,122
1,0,10,35,1,3,56,16,0,60,45,46,61,76,122
1,0,7,45,0,4,52,13,0,57,52,52,65,70,122
0,0,7,46,0,3,52,14,0,55,53,53,67,69,122
1,0,8,40,1,3,58,13,0,62,48,49,61,75,124
1,0,7,47,1,3,54,11,0,58,54,55,65,69,124
3,0,8,39,1,3,51,16,0,57,47,48,63,73,121
1,0,10,40,0,3,48,18,0,52,50,50,68,70,120
0,0,10,38,0,0,56,16,0,56,48,48,64,72,120
2,0,7,44,1,3,54,10,0,59,51,52,61,69,121
1,0,10,42,0,1,51,15,0,53,52,52,67,68,120
5,0,11,35,0,4,52,14,0,61,46,46,60,75,121
1,0,10,39,0,4,57,11,0,62,49,49,60,73,122
1,0,8,41,1,5,52,17,0,58,49,50,66,75,125
0,0,9,41,0,4,53,15,0,57,50,50,65,72,122
1,0,0,49,1,3,55,13,0,59,49,50,62,72,122
1,0,6,39,1,3,56,17,0,60,45,46,62,77,123
1,0,8,40,1,2,53,16,0,56,48,49,64,72,121
1,0,12,37,0,4,52,17,0,57,49,49,66,74,123
1,0,7,46,1,5,52,13,0,58,53,54,66,71,125
1,0,6,50,0,5,46,17,0,52,56,56,73,69,125
1,0,10,37,0,3,58,13,0,62,47,47,60,75,122
1,0,9,39,1,3,56,15,0,60,48,49,63,75,124
1,0,8,40,0,2,56,13,0,59,48,48,61,72,120
1,0,9,41,0,2,59,9,0,62,50,50,59,71,121
1,0,8,40,0,3,59,11,0,63,48,48,59,74,122
1,0,7,43,0,4,56,12,0,61,50,50,62,73,123
0,0,8,41,0,3,52,17,0,55,49,49,66,72,121
2,0,6,47,0,1,51,13,0,54,53,53,66,67,120
1,0,6,47,0,2,50,14,0,53,53,53,67,67,120
0,0,13,36,0,4,55,15,0,59,49,49,64,74,123
1,0,8,42,0,3,54,14,0,58,50,50,64,72,122
0,0,9,43,1,3,54,12,0,57,52,53,64,69,122
1,0,7,44,0,3,53,15,0,57,51,51,66,72,123
1,0,7,43,1,3,52,16,0,56,50,51,66,72,123
1,0,8,44,1,3,48,18,0,52,52,53,70,70,123
1,0,8,41,0,2,56,13,0,59,49,49,62,72,121
1,0,6,44,1,3,54,13,0,58,50,51,63,71,122
0,0,8,44,0,2,55,12,0,57,52,52,64,69,121
0,0,8,40,1,3,56,13,0,59,48,49,61,72,121
1,0,9,42,1,4,54,13,0,59,51,52,64,72,124
1,0,6,44,0,1,55,13,0,57,50,50,63,70,120
1,0,11,39,0,4,55,12,0,60,50,50,62,72,122
1,0,0,49,1,3,54,15,0,58,49,50,64,73,123
2,0,10,39,0,2,50,18,0,54,49,49,67,72,121
1,0,9,40,1,2,54,14,0,57,49,50,63,71,121
1,0,9,46,0,3,53,10,0,57,55,55,65,67,122
1,0,7,43,1,3,53,14,0,57,50,51,64,71,122
1,0,9,40,0,3,53,16,0,57,49,49,65,73,122
0,0,8,50,0,5,48,12,0,53,58,58,70,65,123
1,0,10,41,1,2,54,14,0,57,51,52,65,71,123
1,0,10,45,0,4,53,10,0,58,55,55,65,68,123
1,0,6,48,0,2,51,12,0,54,54,54,66,66,120
0,0,6,48,1,4,51,12,0,55,54,55,66,67,122
0,0,7,45,0,4,50,16,0,54,52,52,68,70,122
1,0,8,39,1,2,57,13,0,60,47,48,60,73,121
4,0,13,36,1,3,53,13,0,60,49,50,62,73,123
1,0,8,48,1,3,49,13,0,53,56,57,69,66,123
1,0,8,44,1,5,49,15,0,55,52,53,67,70,123
1,0,6,50,0,2,48,15,0,51,56,56,71,66,122
0,0,7,42,1,2,59,11,0,61,49,50,60,72,122
0,0,7,45,1,2,50,16,0,52,52,53,68,68,121
0,0,8,45,1,5,49,17,0,54,53,54,70,71,125
0,0,9,39,1,2,57,13,0,59,48,49,61,72,121
0,0,8,40,1,4,59,12,0,63,48,49,60,75,124
1,0,10,42,0,3,50,15,0,54,52,52,67,69,121
0,0,8,42,1,2,53,15,0,55,50,51,65,70,121
1,0,9,42,0,5,49,15,0,55,51,51,66,70,121
2,0,10,43,0,3,49,14,0,54,53,53,67,68,121
1,0,9,43,0,3,53,12,0,57,52,52,64,69,121
1,0,7,42,1,3,55,13,0,59,49,50,62,72,122
1,0,6,44,1,3,55,14,0,59,50,51,64,73,124
1,0,7,43,0,3,56,11,0,60,50,50,61,71,121
1,0,8,41,0,4,57,13,0,62,49,49,62,75,124
1,0,7,43,1,2,56,12,0,59,50,51,62,71,122
0,0,0,51,0,3,54,14,0,57,51,51,65,71,122
1,0,8,46,1,6,54,10,0,61,54,55,64,71,126
1,0,0,48,1,3,57,12,0,61,48,49,60,73,122
1,0,7,42,0,2,59,10,0,62,49,49,59,72,121
1,0,9,44,1,4,53,12,0,58,53,54,65,70,124
1,0,0,52,1,3,50,16,0,54,52,53,68,70,123
1,0,0,50,0,2,56,13,0,59,50,50,63,72,122
0,0,9,46,1,4,51,13,0,55,55,56,68,68,124
0,0,11,42,1,4,50,13,0,54,53,54,66,67,121
0,0,0,50,1,3,50,19,0,53,50,51,69,72,123
1,0,7,45,0,2,55,12,0,58,52,52,64,70,122
1,0,10,42,1,2,51,16,0,54,52,53,68,70,123
0,0,7,41,1,3,54,16,0,57,48,49,64,73,122
1,0,9,38,1,3,57,13,0,61,47,48,60,74,122
1,0,7,41,1,3,58,12,0,62,48,49,60,74,123
1,0,10,43,1,3,51,14,0,55,53,54,67,69,123
1,0,8,41,1,2,57,11,0,60,49,50,60,71,121
1,0,8,42,1,4,52,14,0,57,50,51,64,71,122
2,0,8,40,0,4,56,12,0,62,48,48,60,74,122
1,0,7,44,1,4,51,17,0,56,51,52,68,73,125
1,0,7,48,1,5,52,9,0,58,55,56,64,67,123
0,0,9,40,0,5,55,12,0,60,49,49,61,72,121
1,0,8,42,0,2,52,15,0,55,50,50,65,70,120
1,0,0,43,1,4,59,14,0,64,43,44,57,78,122
1,0,10,40,1,2,55,12,0,58,50,51,62,70,121
1,0,7,44,0,2,52,14,0,55,51,51,65,69,120
0,0,7,42,1,1,53,17,0,54,49,50,66,71,121
0,0,0,46,0,2,56,17,0,58,46,46,63,75,121
3,0,6,48,1,4,47,12,0,54,54,55,66,66,121
2,0,9,41,0,2,51,15,0,55,50,50,65,70,120
3,0,9,43,0,4,51,13,0,58,52,52,65,71,123
1,0,7,44,1,3,55,13,0,59,51,52,64,72,124
1,0,8,39,1,3,58,12,0,62,47,48,59,74,122
1,0,0,43,1,3,59,14,0,63,43,44,57,77,121
0,0,9,45,0,4,52,11,0,56,54,54,65,67,121
1,0,8,40,1,4,55,13,0,60,48,49,61,73,122
1,0,0,49,0,2,54,16,0,57,49,49,65,73,122
0,0,7,50,0,4,50,11,0,54,57,57,68,65,122
4,0,12,31,0,5,59,12,0,68,43,43,55,80,123
1,0,7,42,1,4,54,14,0,59,49,50,63,73,123
0,0,8,45,1,2,55,10,0,57,53,54,63,67,121
0,0,6,44,1,2,54,14,0,56,50,51,64,70,121
1,0,10,36,0,4,56,15,0,61,46,46,61,76,122
1,0,10,40,0,3,53,14,0,57,50,50,64,71,121
0,0,7,45,1,2,56,11,0,58,52,53,63,69,122
1,0,0,45,1,2,59,14,0,62,45,46,59,76,122
2,0,0,49,1,2,55,12,0,59,49,50,61,71,121
2,0,9,36,1,4,57,15,0,63,45,46,60,78,124
1,0,7,44,0,1,53,14,0,55,51,51,65,69,120
1,0,0,49,1,4,53,15,0,58,49,50,64,73,123
1,0,0,53,0,3,52,12,0,56,53,53,65,68,121
1,0,8,41,0,2,57,12,0,60,49,49,61,72,121
1,0,11,42,1,3,45,19,0,49,53,54,72,68,122
1,0,9,40,0,3,50,19,0,54,49,49,68,73,122
2,0,9,37,0,4,55,13,0,61,46,46,59,74,120
1,0,8,42,0,3,56,13,0,60,50,50,63,73,123
1,0,10,40,1,2,50,18,0,53,50,51,68,71,122
1,0,8,44,1,3,53,13,0,57,52,53,65,70,123
1,0,9,42,0,4,58,9,0,63,51,51,60,72,123
0,0,7,44,1,4,51,16,0,55,51,52,67,71,123
1,0,6,46,0,3,52,14,0,56,52,52,66,70,122
1,0,7,44,0,3,55,11,0,59,51,51,62,70,121
0,0,8,45,1,4,49,15,0,53,53,54,68,68,122
1,0,8,44,1,2,53,13,0,56,52,53,65,69,122
1,0,9,44,0,3,50,15,0,54,53,53,68,69,122
1,0,8,40,0,3,56,15,0,60,48,48,63,75,123
1,0,7,40,1,3,59,13,0,63,47,48,60,76,124
0,0,8,45,1,5,50,16,0,55,53,54,69,71,125
1,0,9,40,0,3,57,11,0,61,49,49,60,72,121
0,0,10,41,1,3,52,15,0,55,51,52,66,70,122
1,0,7,45,0,3,50,15,0,54,52,52,67,69,121
1,0,6,46,1,3,54,13,0,58,52,53,65,71,124
0,0,10,42,1,3,53,14,0,56,52,53,66,70,123
1,0,11,41,0,3,53,13,0,57,52,52,65,70,122
1,0,7,46,0,2,49,15,0,52,53,53,68,67,120
0,0,9,39,0,2,55,16,0,57,48,48,64,73,121
0,0,11,41,0,3,53,13,0,56,52,52,65,69,121
1,0,8,43,1,3,53,15,0,57,51,52,66,72,124
1,0,9,43,0,3,53,13,0,57,52,52,65,70,122
1,0,10,46,1,3,49,13,0,53,56,57,69,66,123
3,0,0,47,0,4,56,10,0,63,47,47,57,73,120
1,0,0,46,0,3,53,19,0,57,46,46,65,76,122
1,0,6,44,1,4,53,15,0,58,50,51,65,73,124
1,0,8,41,1,3,53,14,0,57,49,50,63,71,121
1,0,7,40,1,3,60,11,0,64,47,48,58,75,123
1,0,14,36,1,3,55,13,0,59,50,51,63,72,123
1,0,0,46,1,2,56,16,0,59,46,47,62,75,122
1,0,7,47,0,3,55,9,0,59,54,54,63,68,122
1,0,7,42,0,3,53,16,0,57,49,49,65,73,122
1,0,11,43,0,2,50,13,0,53,54,54,67,66,120
1,0,9,38,1,2,56,15,0,59,47,48,62,74,122
0,0,7,44,1,2,54,13,0,56,51,52,64,69,121
0,0,7,47,0,3,50,13,0,53,54,54,67,66,120
1,0,9,45,1,2,51,13,0,54,54,55,67,67,122
2,0,0,43,0,3,60,12,0,65,43,43,55,77,120
1,0,7,41,0,3,55,14,0,59,48,48,62,73,121
1,0,7,42,1,2,53,17,0,56,49,50,66,73,123
1,0,8,39,1,3,56,14,0,60,47,48,61,74,122
1,0,7,47,0,2,49,15,0,52,54,54,69,67,121
1,0,8,43,1,5,56,12,0,62,51,52,63,74,126
1,0,9,43,0,3,53,12,0,57,52,52,64,69,121
1,0,9,41,0,5,54,13,0,60,50,50,63,73,123
1,0,10,39,0,4,57,12,0,62,49,49,61,74,123
0,0,8,38,0,2,61,11,0,63,46,46,57,74,120
1,0,7,45,0,2,49,16,0,52,52,52,68,68,120
0,0,6,42,1,5,57,14,0,62,48,49,62,76,125
0,0,10,42,1,4,48,18,0,52,52,53,70,70,123
1,0,7,42,1,4,57,10,0,62,49,50,59,72,122
1,0,8,42,1,2,53,15,0,56,50,51,65,71,122
1,0,7,42,1,4,55,13,0,60,49,50,62,73,123
1,0,7,47,0,2,50,14,0,53,54,54,68,67,121
2,0,7,46,0,2,50,14,0,54,53,53,67,68,121
1,0,6,46,0,2,57,9,0,60,52,52,61,69,121
1,0,10,37,1,5,57,12,0,63,47,48,59,75,123
1,0,7,46,0,2,54,10,0,57,53,53,63,67,120
0,0,6,41,1,4,53,19,0,57,47,48,66,76,124
1,0,0,47,0,4,57,12,0,62,47,47,59,74,121
1,0,10,38,0,5,56,14,0,62,48,48,62,76,124
1,0,6,50,0,3,54,9,0,58,56,56,65,67,123
1,0,11,38,0,3,55,15,0,59,49,49,64,74,123
0,0,7,45,1,4,50,16,0,54,52,53,68,70,123
1,0,7,45,1,3,52,14,0,56,52,53,66,70,123
1,0,6,46,0,2,53,13,0,56,52,52,65,69,121
1,0,12,42,1,3,51,12,0,55,54,55,66,67,122
1,0,6,47,1,2,54,11,0,57,53,54,64,68,122
1,0,0,49,1,3,53,16,0,57,49,50,65,73,123
0,0,8,42,0,4,59,10,0,63,50,50,60,73,123
1,0,7,45,0,3,53,13,0,57,52,52,65,70,122
2,0,7,40,0,3,55,14,0,60,47,47,61,74,121
1,0,9,50,1,3,49,10,0,53,59,60,69,63,123
1,0,7,46,1,4,52,14,0,57,53,54,67,71,125
1,0,7,44,1,2,55,12,0,58,51,52,63,70,122
0,0,10,43,1,3,54,11,0,57,53,54,64,68,122
1,0,0,46,1,2,58,14,0,61,46,47,60,75,122
1,0,0,44,0,3,53,20,0,57,44,44,64,77,121
1,0,0,49,1,4,56,14,0,61,49,50,63,75,125
1,0,9,39,1,3,54,15,0,58,48,49,63,73,122
1,0,6,46,0,2,55,12,0,58,52,52,64,70,122
1,0,9,39,0,5,56,14,0,62,48,48,62,76,124
1,0,10,44,1,3,51,13,0,55,54,55,67,68,123
1,0,9,41,0,2,55,13,0,58,50,50,63,71,121
0,0,9,45,1,2,46,19,0,48,54,55,73,67,122
2,0,0,48,0,3,57,12,0,62,48,48,60,74,122
1,0,7,43,1,3,54,13,0,58,50,51,63,71,122
1,0,0,51,0,4,49,15,0,54,51,51,66,69,120
0,0,9,48,1,3,49,12,0,52,57,58,69,64,122
8,0,8,36,0,2,58,9,0,68,44,44,53,77,121
1,0,8,42,1,6,52,11,0,59,50,51,61,70,121
1,0,6,46,1,4,49,15,0,54,52,53,67,69,122
0,0,9,44,1,3,53,12,0,56,53,54,65,68,122
1,0,9,41,1,4,54,13,0,59,50,51,63,72,123
1,0,8,45,1,3,49,15,0,53,53,54,68,68,122
1,0,0,48,1,3,59,12,0,63,48,49,60,75,124
1,0,6,45,1,3,52,15,0,56,51,52,66,71,123
1,0,7,45,1,2,54,12,0,57,52,53,64,69,122
1,0,8,46,1,3,52,12,0,56,54,55,66,68,123
2,0,9,41,1,4,56,11,0,62,50,51,61,73,124
1,0,8,43,0,2,54,14,0,57,51,51,65,71,122
0,0,6,44,0,2,56,13,0,58,50,50,63,71,121
1,0,7,42,1,3,54,16,0,58,49,50,65,74,124
1,0,8,45,0,3,51,13,0,55,53,53,66,68,121
1,0,9,41,0,4,55,12,0,60,50,50,62,72,122
1,0,8,41,0,4,53,13,0,58,49,49,62,71,120
1,0,7,44,1,2,55,12,0,58,51,52,63,70,122
0,0,12,35,1,2,59,12,0,61,47,48,59,73,121
1,0,11,40,1,5,52,13,0,58,51,52,64,71,123
0,0,9,43,1,2,53,14,0,55,52,53,66,69,122
1,0,8,42,0,6,55,13,0,62,50,50,63,75,125
3,0,9,43,1,4,46,17,0,53,52,53,69,70,123
0,0,11,43,0,2,49,15,0,51,54,54,69,66,120
1,0,7,42,1,2,54,14,0,57,49,50,63,71,121
1,0,8,42,0,2,50,17,0,53,50,50,67,70,120
2,0,8,40,0,3,52,17,0,57,48,48,65,74,122
1,0,10,40,0,2,52,16,0,55,50,50,66,71,121
1,0,0,51,1,3,54,11,0,58,51,52,62,69,121
1,0,10,38,1,3,55,16,0,59,48,49,64,75,124
0,0,7,45,1,2,50,16,0,52,52,53,68,68,121
0,0,12,38,0,2,51,18,0,53,50,50,68,71,121
0,0,7,45,0,2,54,12,0,56,52,52,64,68,120
1,0,0,48,0,2,55,15,0,58,48,48,63,73,121
1,0,0,53,1,4,56,10,0,61,53,54,63,71,125
0,0,7,46,1,4,52,13,0,56,53,54,66,69,123
1,0,9,41,1,2,55,13,0,58,50,51,63,71,122
1,0,9,46,0,3,53,11,0,57,55,55,66,68,123
0,0,9,41,0,2,56,13,0,58,50,50,63,71,121
0,0,9,44,0,3,55,11,0,58,53,53,64,69,122
1,0,9,38,0,4,54,15,0,59,47,47,62,74,121
1,0,9,45,1,2,47,16,0,50,54,55,70,66,121
1,0,8,43,0,3,51,16,0,55,51,51,67,71,122
1,0,6,45,0,3,49,17,0,53,51,51,68,70,121
1,0,10,39,0,4,56,12,0,61,49,49,61,73,122
1,0,0,47,0,3,53,17,0,57,47,47,64,74,121
1,0,7,46,0,4,52,14,0,57,53,53,67,71,124
1,0,9,41,1,1,55,13,0,57,50,51,63,70,121
4,0,8,37,0,3,53,15,0,60,45,45,60,75,120
1,0,8,38,0,2,53,18,0,56,46,46,64,74,120
2,0,10,43,1,2,49,14,0,53,53,54,67,67,121
1,0,8,41,1,3,55,13,0,59,49,50,62,72,122
1,0,8,41,0,1,55,15,0,57,49,49,64,72,121
1,0,11,40,1,4,53,13,0,58,51,52,64,71,123
1,0,8,42,1,3,52,16,0,56,50,51,66,72,123
1,0,0,53,0,2,54,11,0,57,53,53,64,68,121
1,0,7,43,1,4,57,10,0,62,50,51,60,72,123
1,0,9,39,1,2,50,19,0,53,48,49,67,72,121
0,0,9,43,0,5,49,17,0,54,52,52,69,71,123
0,0,11,41,1,1,49,18,0,50,52,53,70,68,121
1,0,7,49,0,3,50,13,0,54,56,56,69,67,123
1,0,7,40,1,4,53,17,0,58,47,48,64,75,123
2,0,6,42,0,3,53,15,0,58,48,48,63,73,121
1,0,10,43,0,3,50,14,0,54,53,53,67,68,121
1,0,9,46,0,2,52,12,0,55,55,55,67,67,122
0,0,9,39,1,3,55,14,0,58,48,49,62,72,121
0,0,10,36,1,3,55,17,0,58,46,47,63,75,122
0,0,7,45,1,4,51,13,0,55,52,53,65,68,121
1,0,10,41,0,4,52,13,0,57,51,51,64,70,121
0,0,8,44,1,6,55,12,0,61,52,53,64,73,126
1,0,8,42,1,3,58,10,0,62,50,51,60,72,123
1,0,11,39,1,4,51,13,0,56,50,51,63,69,120
1,0,9,41,1,5,55,14,0,61,50,51,64,75,126
1,0,8,40,1,4,57,13,0,62,48,49,61,75,124
1,0,8,39,1,4,56,13,0,61,47,48,60,74,122
0,0,9,44,0,4,49,14,0,53,53,53,67,67,120
1,0,0,52,0,2,52,14,0,55,52,52,66,69,121
0,0,7,42,1,3,50,18,0,53,49,50,67,71,121
0,0,7,41,1,2,57,14,0,59,48,49,62,73,122
1,0,9,41,0,3,54,14,0,58,50,50,64,72,122
1,0,0,50,1,2,54,14,0,57,50,51,64,71,122
1,0,7,45,1,4,50,17,0,55,52,53,69,72,125
1,0,8,44,1,3,49,15,0,53,52,53,67,68,121
1,0,7,47,0,2,49,14,0,52,54,54,68,66,120
1,0,8,42,1,4,54,14,0,59,50,51,64,73,124
0,0,8,39,1,4,56,15,0,60,47,48,62,75,123
1,0,0,46,1,2,55,16,0,58,46,47,62,74,121
1,0,8,49,1,3,45,14,0,49,57,58,71,63,121
1,0,7,45,0,1,55,12,0,57,52,52,64,69,121
1,0,9,42,1,2,57,10,0,60,51,52,61,70,122
0,0,10,42,0,4,53,11,0,57,52,52,63,68,120
1,0,0,52,0,3,55,11,0,59,52,52,63,70,122
1,0,10,41,1,3,53,12,0,57,51,52,63,69,121
1,0,11,39,1,2,54,13,0,57,50,51,63,70,121
1,0,8,43,1,3,55,13,0,59,51,52,64,72,124
1,0,8,40,0,3,57,11,0,61,48,48,59,72,120
1,0,9,40,0,3,54,15,0,58,49,49,64,73,122
1,0,9,47,0,4,47,13,0,52,56,56,69,65,121
0,0,9,40,1,3,54,15,0,57,49,50,64,72,122
1,0,7,44,0,2,55,12,0,58,51,51,63,70,121
0,0,9,41,1,1,53,16,0,54,50,51,66,70,121
1,0,12,39,0,4,52,15,0,57,51,51,66,72,123
1,0,8,40,0,2,55,15,0,58,48,48,63,73,121
0,0,8,45,0,5,55,10,0,60,53,53,63,70,123
1,0,8,44,1,3,54,12,0,58,52,53,64,70,123
1,0,9,43,1,1,51,15,0,53,52,53,67,68,121
0,0,0,53,0,3,51,14,0,54,53,53,67,68,121
0,0,8,45,1,5,48,14,0,53,53,54,67,67,121
1,0,8,44,1,3,54,12,0,58,52,53,64,70,123
1,0,8,39,1,3,57,14,0,61,47,48,61,75,123
0,0,8,37,1,6,57,12,0,63,45,46,57,75,121
1,0,8,43,0,2,56,11,0,59,51,51,62,70,121
1,0,8,44,1,1,57,10,0,59,52,53,62,69,122
1,0,7,48,0,5,45,16,0,51,55,55,71,67,122
1,0,9,42,1,4,51,14,0,56,51,52,65,70,122
1,0,6,48,1,3,51,13,0,55,54,55,67,68,123
2,0,10,40,1,4,52,14,0,58,50,51,64,72,123
1,0,9,37,0,3,52,18,0,56,46,46,64,74,120
1,0,10,41,0,3,54,13,0,58,51,51,64,71,122
1,0,11,39,1,4,54,13,0,59,50,51,63,72,123
1,0,8,42,0,6,52,12,0,59,50,50,62,71,121
1,0,6,46,1,2,52,13,0,55,52,53,65,68,121
1,0,7,47,1,2,52,12,0,55,54,55,66,67,122
2,0,10,39,1,3,53,13,0,58,49,50,62,71,121
1,0,9,44,1,4,48,16,0,53,53,54,69,69,123
2,0,0,48,0,2,57,12,0,61,48,48,60,73,121
1,0,8,41,0,2,59,9,0,62,49,49,58,71,120
1,0,8,41,1,3,56,12,0,60,49,50,61,72,122
0,0,8,43,0,2,56,12,0,58,51,51,63,70,121
4,0,8,39,1,2,56,11,0,62,47,48,58,73,121
1,0,7,42,1,3,54,15,0,58,49,50,64,73,123
1,0,7,47,1,2,48,17,0,51,54,55,71,68,123
1,0,9,41,0,5,52,13,0,58,50,50,63,71,121
1,0,10,46,0,3,49,13,0,53,56,56,69,66,122
1,0,14,36,0,1,56,12,0,58,50,50,62,70,120
1,0,8,44,0,2,50,17,0,53,52,52,69,70,122
1,0,0,55,1,3,51,11,0,55,55,56,66,66,122
1,0,8,41,1,4,54,14,0,59,49,50,63,73,123
1,0,0,44,0,4,56,17,0,61,44,44,61,78,122
1,0,7,43,1,4,56,13,0,61,50,51,63,74,125
1,0,8,46,1,1,54,11,0,56,54,55,65,67,122
2,0,7,41,0,3,58,10,0,63,48,48,58,73,121
1,0,11,39,1,2,48,19,0,51,50,51,69,70,121
1,0,11,41,0,5,53,11,0,59,52,52,63,70,122
1,0,6,44,1,3,52,17,0,56,50,51,67,73,124
1,0,8,46,1,0,48,18,0,49,54,55,72,67,122
1,0,7,47,1,3,53,12,0,57,54,55,66,69,124
0,0,8,40,1,3,54,17,0,57,48,49,65,74,123
1,0,7,45,0,5,50,15,0,56,52,52,67,71,123
1,0,10,42,0,4,53,13,0,58,52,52,65,71,123
0,0,9,39,0,3,58,13,0,61,48,48,61,74,122
1,0,11,40,1,5,53,14,0,59,51,52,65,73,125
1,0,10,43,1,2,53,12,0,56,53,54,65,68,122
1,0,8,42,1,3,51,17,0,55,50,51,67,72,123
1,0,9,45,1,3,52,10,0,56,54,55,64,66,121
0,0,7,43,1,4,56,11,0,60,50,51,61,71,122
1,0,8,44,0,3,53,13,0,57,52,52,65,70,122
1,0,7,42,0,2,53,16,0,56,49,49,65,72,121
1,0,6,47,1,3,52,12,0,56,53,54,65,68,122
1,0,9,43,0,2,55,11,0,58,52,52,63,69,121
1,0,8,47,0,3,51,12,0,55,55,55,67,67,122
1,0,9,37,0,2,60,12,0,63,46,46,58,75,121
1,0,10,43,0,3,52,14,0,56,53,53,67,70,123
3,0,9,45,1,2,52,10,0,57,54,55,64,67,122
1,0,6,39,0,3,58,15,0,62,45,45,60,77,122
1,0,10,43,0,1,52,13,0,54,53,53,66,67,120
1,0,7,48,1,5,52,12,0,58,55,56,67,70,126
0,0,6,41,1,4,57,14,0,61,47,48,61,75,123
4,0,9,39,1,3,54,12,0,61,48,49,60,73,122
0,0,8,46,1,3,50,14,0,53,54,55,68,67,122
0,0,7,47,0,4,49,16,0,53,54,54,70,69,123
1,0,0,44,1,7,53,15,0,61,44,45,59,76,121
2,0,14,38,1,3,53,12,0,58,52,53,64,70,123
1,0,8,45,0,4,53,12,0,58,53,53,65,70,123
0,0,8,43,1,2,55,13,0,57,51,52,64,70,122
0,0,8,44,0,3,51,15,0,54,52,52,67,69,121
1,0,7,43,1,4,54,14,0,59,50,51,64,73,124
1,0,11,37,0,4,52,17,0,57,48,48,65,74,122
1,0,7,42,0,4,51,18,0,56,49,49,67,74,123
1,0,6,46,0,2,50,17,0,53,52,52,69,70,122
1,0,10,47,1,3,50,11,0,54,57,58,68,65,123
0,0,8,43,1,2,53,14,0,55,51,52,65,69,121
1,0,9,40,0,2,56,13,0,59,49,49,62,72,121
2,0,8,42,0,5,51,14,0,58,50,50,64,72,122
1,0,8,42,0,4,52,16,0,57,50,50,66,73,123
1,0,9,45,0,6,48,15,0,55,54,54,69,70,124
2,0,9,38,1,4,56,13,0,62,47,48,60,75,123
1,0,12,40,1,3,49,16,0,53,52,53,68,69,122
1,0,8,44,0,2,48,17,0,51,52,52,69,68,120
1,0,0,54,0,2,53,12,0,56,54,54,66,68,122
1,0,8,45,1,3,53,13,0,57,53,54,66,70,124
1,0,9,42,1,5,48,19,0,54,51,52,70,73,125
1,0,11,37,1,2,52,18,0,55,48,49,66,73,122
1,0,7,40,0,4,57,11,0,62,47,47,58,73,120
1,0,9,38,0,4,56,13,0,61,47,47,60,74,121
0,0,7,46,0,3,52,12,0,55,53,53,65,67,120
1,0,9,38,1,1,55,16,0,57,47,48,63,73,121
0,0,0,46,0,4,58,15,0,62,46,46,61,77,123
1,0,0,47,0,4,56,16,0,61,47,47,63,77,124
1,0,7,40,1,5,56,15,0,62,47,48,62,77,125
0,0,7,43,1,3,55,14,0,58,50,51,64,72,123
0,0,0,49,1,4,52,16,0,56,49,50,65,72,122
2,0,0,48,0,5,56,11,0,63,48,48,59,74,122
2,0,12,39,0,2,53,12,0,57,51,51,63,69,120
1,0,9,43,1,4,46,19,0,51,52,53,71,70,123
0,0,10,44,1,2,51,14,0,53,54,55,68,67,122
1,0,0,45,0,4,61,12,0,66,45,45,57,78,123
2,0,8,48,0,3,50,11,0,55,56,56,67,66,122
0,0,11,37,1,2,55,16,0,57,48,49,64,73,122
1,0,6,43,0,2,52,16,0,55,49,49,65,71,120
1,0,8,41,1,3,50,18,0,54,49,50,67,72,122
1,0,9,39,0,2,56,13,0,59,48,48,61,72,120
0,0,10,44,0,5,51,14,0,56,54,54,68,70,124
1,0,0,49,1,4,54,13,0,59,49,50,62,72,122
1,0,9,42,0,2,54,12,0,57,51,51,63,69,120
1,0,8,42,1,5,52,16,0,58,50,51,66,74,125
1,0,7,42,0,2,55,14,0,58,49,49,63,72,121
1,0,7,46,1,4,54,12,0,59,53,54,65,71,125
1,0,10,40,1,3,50,18,0,54,50,51,68,72,123
0,0,10,40,0,3,49,18,0,52,50,50,68,70,120
1,0,8,43,1,4,52,14,0,57,51,52,65,71,123
0,0,8,44,0,3,53,14,0,56,52,52,66,70,122
1,0,7,41,0,3,52,18,0,56,48,48,66,74,122
1,0,6,42,1,1,56,14,0,58,48,49,62,72,121
0,0,8,43,0,2,52,15,0,54,51,51,66,69,120
1,0,12,40,0,5,49,17,0,55,52,52,69,72,124
1,0,0,44,0,3,58,14,0,62,44,44,58,76,120
1,0,9,46,1,2,50,12,0,53,55,56,67,65,121
1,0,8,40,1,4,54,16,0,59,48,49,64,75,124
1,0,7,43,1,3,53,15,0,57,50,51,65,72,123
0,0,7,46,0,3,50,16,0,53,53,53,69,69,122
1,0,7,47,1,3,53,12,0,57,54,55,66,69,124
1,0,10,41,1,3,52,14,0,56,51,52,65,70,122
1,0,0,49,0,3,55,13,0,59,49,49,62,72,121
1,0,6,47,0,3,53,12,0,57,53,53,65,69,122
1,0,8,40,1,4,53,17,0,58,48,49,65,75,124
1,0,9,37,0,3,56,17,0,60,46,46,63,77,123
1,0,9,40,0,4,52,16,0,57,49,49,65,73,122
1,0,11,40,1,4,51,13,0,56,51,52,64,69,121
1,0,6,42,0,5,57,12,0,63,48,48,60,75,123
1,0,7,42,1,3,57,11,0,61,49,50,60,72,122
1,0,0,42,1,4,62,13,0,67,42,43,55,80,123
1,0,9,44,0,3,48,17,0,52,53,53,70,69,122
1,0,8,38,1,2,55,16,0,58,46,47,62,74,121
1,0,9,45,0,3,46,19,0,50,54,54,73,69,123
1,0,6,41,0,1,59,13,0,61,47,47,60,74,121
1,0,0,50,1,2,51,18,0,54,50,51,68,72,123
1,0,8,43,0,5,53,15,0,59,51,51,66,74,125
1,0,7,44,1,4,54,14,0,59,51,52,65,73,125
1,0,7,39,1,4,56,16,0,61,46,47,62,77,124
2,0,0,48,1,2,54,14,0,58,48,49,62,72,121
2,0,9,40,1,3,56,12,0,61,49,50,61,73,123
1,0,6,46,0,4,50,14,0,55,52,52,66,69,121
1,0,8,46,0,6,50,14,0,57,54,54,68,71,125
0,0,11,40,1,3,51,15,0,54,51,52,66,69,121
3,0,8,43,0,4,51,14,0,58,51,51,65,72,123
1,0,0,47,1,2,57,15,0,60,47,48,62,75,123
1,0,9,40,0,2,57,11,0,60,49,49,60,71,120
1,0,6,46,1,1,54,13,0,56,52,53,65,69,122
0,0,9,38,0,1,61,11,0,62,47,47,58,73,120
1,0,0,53,1,4,50,12,0,55,53,54,65,67,121
1,0,0,51,0,5,52,13,0,58,51,51,64,71,122
1,0,8,41,0,2,56,13,0,59,49,49,62,72,121
1,0,0,45,0,3,62,11,0,66,45,45,56,77,122
1,0,7,42,0,5,55,14,0,61,49,49,63,75,124
2,0,11,36,0,3,55,13,0,60,47,47,60,73,120
1,0,8,42,0,2,55,14,0,58,50,50,64,72,122
1,0,10,41,0,3,54,12,0,58,51,51,63,70,121
0,0,8,43,1,1,56,12,0,57,51,52,63,69,121
1,0,8,47,0,2,47,15,0,50,55,55,70,65,120
1,0,8,47,1,4,47,14,0,52,55,56,69,66,122
1,0,7,44,1,2,51,16,0,54,51,52,67,70,122
0,0,8,42,0,4,52,17,0,56,50,50,67,73,123
1,0,0,52,0,4,55,11,0,60,52,52,63,71,123
1,0,9,38,0,3,55,14,0,59,47,47,61,73,120
1,0,9,42,1,3,58,10,0,62,51,52,61,72,124
1,0,8,41,0,3,58,12,0,62,49,49,61,74,123
1,0,7,46,0,3,50,16,0,54,53,53,69,70,123
1,0,10,43,0,3,50,14,0,54,53,53,67,68,121
1,0,7,44,1,4,53,14,0,58,51,52,65,72,124
0,0,10,37,0,3,56,16,0,59,47,47,63,75,122
1,0,8,44,0,2,52,14,0,55,52,52,66,69,121
1,0,8,41,0,5,51,17,0,57,49,49,66,74,123
1,0,6,46,1,2,55,11,0,58,52,53,63,69,122
1,0,6,49,1,1,50,14,0,52,55,56,69,66,122
1,0,7,48,0,5,45,15,0,51,55,55,70,66,121
1,0,7,46,0,3,48,16,0,52,53,53,69,68,121
4,0,8,36,0,4,57,14,0,65,44,44,58,79,123
1,0,10,40,1,5,49,16,0,55,50,51,66,71,122
2,0,11,38,0,3,52,15,0,57,49,49,64,72,121
2,0,9,41,1,4,52,15,0,58,50,51,65,73,124
1,0,6,45,0,4,54,11,0,59,51,51,62,70,121
1,0,9,40,1,3,53,17,0,57,49,50,66,74,124
1,0,9,41,1,3,56,13,0,60,50,51,63,73,124
1,0,11,35,1,2,59,12,0,62,46,47,58,74,121
1,0,0,50,1,3,55,12,0,59,50,51,62,71,122
1,0,7,47,1,2,52,11,0,55,54,55,65,66,121
1,0,0,49,0,4,51,15,0,56,49,49,64,71,120
1,0,6,46,0,1,53,14,0,55,52,52,66,69,121
1,0,8,45,0,2,52,12,0,55,53,53,65,67,120
1,0,0,48,0,3,55,14,0,59,48,48,62,73,121
1,0,7,47,0,2,54,10,0,57,54,54,64,67,121
1,0,9,40,0,3,53,17,0,57,49,49,66,74,123
1,0,8,43,1,2,56,12,0,59,51,52,63,71,123
0,0,7,50,0,4,49,12,0,53,57,57,69,65,122
1,0,8,43,1,2,55,12,0,58,51,52,63,70,122
1,0,7,45,0,2,51,14,0,54,52,52,66,68,120
1,0,6,42,1,3,51,17,0,55,48,49,65,72,121
1,0,6,49,1,5,51,12,0,57,55,56,67,69,125
0,0,8,40,1,3,55,15,0,58,48,49,63,73,122
1,0,6,40,0,3,57,15,0,61,46,46,61,76,122
0,0,6,44,0,2,57,12,0,59,50,50,62,71,121
0,0,8,41,1,0,57,14,0,57,49,50,63,71,121
0,0,8,42,1,4,55,13,0,59,50,51,63,72,123
1,0,8,44,0,2,55,12,0,58,52,52,64,70,122
3,0,6,45,0,3,53,10,0,59,51,51,61,69,120
1,0,0,50,0,1,55,13,0,57,50,50,63,70,120
1,0,0,49,0,4,50,17,0,55,49,49,66,72,121
0,0,8,42,0,4,51,18,0,55,50,50,68,73,123
1,0,0,49,0,4,53,14,0,58,49,49,63,72,121
0,0,7,43,1,3,56,12,0,59,50,51,62,71,122
1,0,8,40,0,5,54,15,0,60,48,48,63,75,123
0,0,9,45,0,3,52,13,0,55,54,54,67,68,122
0,0,8,44,1,4,53,13,0,57,52,53,65,70,123
1,0,10,42,0,6,51,16,0,58,52,52,68,74,126
1,0,6,44,0,4,56,12,0,61,50,50,62,73,123
1,0,7,41,1,4,60,10,0,65,48,49,58,75,124
1,0,9,39,1,3,56,13,0,60,48,49,61,73,122
1,0,8,46,1,5,55,10,0,61,54,55,64,71,126
1,0,10,43,0,0,53,13,0,54,53,53,66,67,120
1,0,11,40,0,3,51,15,0,55,51,51,66,70,121
1,0,0,52,0,1,52,15,0,54,52,52,67,69,121
1,0,8,43,1,3,53,12,0,57,51,52,63,69,121
0,0,8,41,0,3,57,12,0,60,49,49,61,72,121
1,0,10,43,1,2,54,12,0,57,53,54,65,69,123
1,0,9,43,0,2,53,14,0,56,52,52,66,70,122
0,0,10,38,0,4,59,11,0,63,48,48,59,74,122
1,0,0,49,1,2,55,13,0,58,49,50,62,71,121
1,0,10,42,0,4,50,17,0,55,52,52,69,72,124
1,0,6,43,0,3,52,18,0,56,49,49,67,74,123
1,0,9,44,0,2,51,15,0,54,53,53,68,69,122
1,0,6,44,0,4,54,15,0,59,50,50,65,74,124
1,0,9,40,1,2,56,13,0,59,49,50,62,72,122
0,0,7,43,0,1,55,14,0,56,50,50,64,70,120
0,0,10,38,1,2,58,12,0,60,48,49,60,72,121
1,0,10,45,0,3,51,12,0,55,55,55,67,67,122
1,0,7,38,0,6,56,16,0,63,45,45,61,79,124
0,0,10,42,0,3,53,12,0,56,52,52,64,68,120
1,0,9,42,0,3,56,10,0,60,51,51,61,70,121
2,0,8,36,1,3,58,15,0,63,44,45,59,78,123
1,0,6,44,0,3,49,17,0,53,50,50,67,70,120
1,0,7,45,1,2,51,16,0,54,52,53,68,70,123
1,0,6,46,1,4,52,15,0,57,52,53,67,72,125
2,0,9,37,1,2,56,14,0,60,46,47,60,74,121
1,0,0,45,0,3,55,18,0,59,45,45,63,77,122
1,0,7,49,0,4,49,13,0,54,56,56,69,67,123
1,0,8,42,0,3,53,15,0,57,50,50,65,72,122
3,0,7,42,1,3,53,13,0,59,49,50,62,72,122
1,0,0,47,1,2,55,15,0,58,47,48,62,73,121
0,0,7,45,1,1,52,15,0,53,52,53,67,68,121
1,0,10,43,0,5,52,12,0,58,53,53,65,70,123
1,0,6,45,1,3,52,14,0,56,51,52,65,70,122
1,0,8,42,1,1,57,11,0,59,50,51,61,70,121
1,0,6,47,0,2,54,11,0,57,53,53,64,68,121
1,0,8,45,0,3,49,15,0,53,53,53,68,68,121
1,0,0,50,0,3,54,13,0,58,50,50,63,71,121
0,0,0,46,1,3,57,14,0,60,46,47,60,74,121
1,0,7,41,0,4,59,10,0,64,48,48,58,74,122
1,0,0,52,1,3,52,13,0,56,52,53,65,69,122
1,0,0,47,0,3,56,14,0,60,47,47,61,74,121
1,0,8,43,0,3,54,12,0,58,51,51,63,70,121
1,0,7,46,0,2,53,11,0,56,53,53,64,67,120
1,0,0,49,0,5,55,13,0,61,49,49,62,74,123
1,0,9,43,1,5,51,16,0,57,52,53,68,73,126
2,0,10,40,1,4,52,12,0,58,50,51,62,70,121
0,0,6,45,1,3,54,11,0,57,51,52,62,68,120
1,0,10,40,0,3,53,15,0,57,50,50,65,72,122
1,0,9,41,1,4,54,14,0,59,50,51,64,73,124
1,0,11,36,1,3,58,14,0,62,47,48,61,76,124
0,0,6,53,1,3,46,14,0,49,59,60,73,63,123
1,0,11,38,1,3,50,17,0,54,49,50,66,71,121
1,0,8,40,0,4,60,11,0,65,48,48,59,76,124
1,0,8,44,1,3,53,11,0,57,52,53,63,68,121
1,0,7,43,1,5,56,11,0,62,50,51,61,73,124
2,0,8,43,1,4,52,13,0,58,51,52,64,71,123
1,0,0,48,1,8,50,14,0,59,48,49,62,73,122
1,0,8,39,0,6,58,12,0,65,47,47,59,77,124
1,0,7,48,1,2,50,12,0,53,55,56,67,65,121
1,0,7,42,1,1,57,13,0,59,49,50,62,72,122
1,0,8,41,1,4,53,15,0,58,49,50,64,73,123
1,0,11,39,1,1,52,17,0,54,50,51,67,71,122
2,0,7,40,1,2,58,11,0,62,47,48,58,73,121
3,0,9,44,1,3,50,12,0,56,53,54,65,68,122
1,0,8,44,0,5,52,14,0,58,52,52,66,72,124
1,0,9,44,0,5,53,13,0,59,53,53,66,72,125
2,0,6,44,1,3,57,10,0,62,50,51,60,72,123
1,0,9,40,0,5,55,15,0,61,49,49,64,76,125
2,0,8,44,1,2,51,14,0,55,52,53,66,69,122
1,0,8,39,0,4,60,11,0,65,47,47,58,76,123
1,0,6,46,0,4,50,16,0,55,52,52,68,71,123
2,0,8,42,0,3,53,12,0,58,50,50,62,70,120
2,0,6,45,0,3,49,16,0,54,51,51,67,70,121
3,0,8,41,1,3,52,15,0,58,49,50,64,73,123
1,0,6,46,0,3,51,14,0,55,52,52,66,69,121
1,0,8,43,0,4,58,9,0,63,51,51,60,72,123
2,0,8,42,1,3,55,11,0,60,50,51,61,71,122
1,0,9,39,0,4,55,13,0,60,48,48,61,73,121
1,0,10,45,1,4,52,11,0,57,55,56,66,68,124
0,0,0,55,0,2,49,14,0,51,55,55,69,65,120
1,0,8,42,1,3,58,11,0,62,50,51,61,73,124
1,0,7,41,1,2,56,14,0,59,48,49,62,73,122
0,0,9,40,1,4,55,13,0,59,49,50,62,72,122
1,0,0,49,0,3,55,14,0,59,49,49,63,73,122
0,0,11,38,1,4,54,14,0,58,49,50,63,72,122
1,0,7,46,1,5,49,15,0,55,53,54,68,70,124
1,0,9,39,1,4,58,13,0,63,48,49,61,76,125
1,0,7,43,0,4,52,15,0,57,50,50,65,72,122
0,0,7,45,0,3,53,13,0,56,52,52,65,69,121
0,0,0,50,1,3,55,14,0,58,50,51,64,72,123
1,0,8,45,1,3,47,17,0,51,53,54,70,68,122
1,0,6,44,0,3,53,14,0,57,50,50,64,71,121
1,0,7,42,0,4,55,13,0,60,49,49,62,73,122
1,0,7,47,1,2,47,17,0,50,54,55,71,67,122
1,0,8,43,1,2,49,16,0,52,51,52,67,68,120
1,0,0,46,1,3,56,16,0,60,46,47,62,76,123
1,0,9,43,1,3,54,11,0,58,52,53,63,69,122
1,0,10,41,1,2,53,14,0,56,51,52,65,70,122
1,0,7,43,1,5,53,12,0,59,50,51,62,71,122
0,0,9,44,1,2,53,12,0,55,53,54,65,67,121
1,0,8,47,1,4,45,18,0,50,55,56,73,68,124
0,0,9,38,1,3,58,13,0,61,47,48,60,74,122
1,0,8,42,1,2,55,13,0,58,50,51,63,71,122
1,0,8,46,1,3,55,10,0,59,54,55,64,69,124
2,0,7,39,0,3,54,16,0,59,46,46,62,75,121
1,0,8,42,0,4,52,13,0,57,50,50,63,70,120
0,0,8,41,0,3,53,17,0,56,49,49,66,73,122
1,0,0,47,1,0,57,16,0,58,47,48,63,74,122
0,0,8,44,1,3,50,16,0,53,52,53,68,69,122
0,0,0,48,0,4,53,17,0,57,48,48,65,74,122
1,0,7,45,0,3,50,16,0,54,52,52,68,70,122
2,0,10,44,0,3,50,13,0,55,54,54,67,68,122
1,0,7,44,0,3,51,17,0,55,51,51,68,72,123
1,0,7,44,0,2,57,9,0,60,51,51,60,69,120
1,0,10,38,1,4,56,14,0,61,48,49,62,75,124
0,0,10,37,1,2,60,12,0,62,47,48,59,74,122
1,0,9,39,0,5,54,16,0,60,48,48,64,76,124
1,0,6,47,0,4,56,9,0,61,53,53,62,70,123
0,0,10,41,1,4,54,13,0,58,51,52,64,71,123
1,0,9,41,0,2,52,16,0,55,50,50,66,71,121
1,0,9,43,0,3,53,12,0,57,52,52,64,69,121
0,0,9,40,1,3,55,14,0,58,49,50,63,72,122
1,0,8,40,0,3,58,12,0,62,48,48,60,74,122
1,0,0,47,1,3,59,12,0,63,47,48,59,75,123
1,0,9,42,1,4,53,14,0,58,51,52,65,72,124
0,0,0,43,1,2,61,15,0,63,43,44,58,78,122
1,0,8,44,1,3,54,13,0,58,52,53,65,71,124
0,0,9,49,1,4,51,10,0,55,58,59,68,65,124
1,0,11,42,1,5,50,15,0,56,53,54,68,71,125
1,0,7,41,1,4,56,14,0,61,48,49,62,75,124
0,0,7,46,0,2,51,15,0,53,53,53,68,68,121
1,0,10,36,0,4,55,15,0,60,46,46,61,75,121
1,0,7,44,0,5,51,15,0,57,51,51,66,72,123
0,0,0,48,1,4,55,16,0,59,48,49,64,75,124
1,0,10,43,1,3,51,13,0,55,53,54,66,68,122
0,0,15,35,1,4,54,13,0,58,50,51,63,71,122
0,0,7,42,1,1,57,13,0,58,49,50,62,71,121
0,0,7,42,1,4,56,14,0,60,49,50,63,74,124
1,0,7,46,1,2,50,13,0,53,53,54,66,66,120
1,0,6,42,0,3,55,14,0,59,48,48,62,73,121
1,0,9,38,0,4,57,14,0,62,47,47,61,76,123
1,0,12,37,0,2,54,15,0,57,49,49,64,72,121
1,0,8,40,1,4,58,10,0,63,48,49,58,73,122
0,0,11,43,1,5,49,16,0,54,54,55,70,70,125
1,0,9,44,0,2,50,15,0,53,53,53,68,68,121
0,0,7,37,0,2,62,12,0,64,44,44,56,76,120
1,0,8,41,0,3,54,14,0,58,49,49,63,72,121
1,0,10,42,0,3,51,14,0,55,52,52,66,69,121
1,0,9,43,1,5,54,12,0,60,52,53,64,72,125
0,0,8,48,0,2,51,11,0,53,56,56,67,64,120
1,0,8,43,1,2,55,12,0,58,51,52,63,70,122
1,0,9,42,1,2,49,18,0,52,51,52,69,70,122
0,0,0,49,0,3,57,11,0,60,49,49,60,71,120
0,0,10,40,1,5,54,14,0,59,50,51,64,73,124
1,0,8,41,0,4,56,13,0,61,49,49,62,74,123
1,0,7,43,1,3,54,14,0,58,50,51,64,72,123
1,0,8,40,1,4,56,14,0,61,48,49,62,75,124
1,0,7,39,0,5,59,13,0,65,46,46,59,78,124
1,0,8,45,1,3,48,17,0,52,53,54,70,69,123
0,0,8,46,1,5,49,15,0,54,54,55,69,69,124
2,0,8,41,1,3,53,13,0,58,49,50,62,71,121
1,0,7,41,0,4,53,16,0,58,48,48,64,74,122
1,0,7,42,0,4,54,15,0,59,49,49,64,74,123
1,0,7,48,0,4,54,9,0,59,55,55,64,68,123
1,0,8,42,1,2,50,18,0,53,50,51,68,71,122
1,0,9,40,1,3,52,18,0,56,49,50,67,74,124
1,0,8,40,1,2,57,13,0,60,48,49,61,73,122
1,0,0,44,1,4,55,18,0,60,44,45,62,78,123
1,0,6,45,0,2,53,13,0,56,51,51,64,69,120
0,0,7,46,0,3,55,11,0,58,53,53,64,69,122
1,0,9,45,0,4,51,12,0,56,54,54,66,68,122
2,0,0,46,0,3,57,12,0,62,46,46,58,74,120
1,0,7,43,0,3,54,13,0,58,50,50,63,71,121
1,0,8,44,1,4,52,13,0,57,52,53,65,70,123
1,0,7,45,0,3,52,13,0,56,52,52,65,69,121
2,0,9,42,0,4,52,14,0,58,51,51,65,72,123
0,0,0,48,1,3,56,15,0,59,48,49,63,74,123
1,0,8,42,1,3,52,15,0,56,50,51,65,71,122
0,0,9,41,0,3,55,13,0,58,50,50,63,71,121
1,0,8,37,1,0,61,14,0,62,45,46,59,76,122
1,0,7,41,1,4,52,17,0,57,48,49,65,74,123
1,0,9,43,1,3,52,13,0,56,52,53,65,69,122
1,0,8,45,0,3,54,11,0,58,53,53,64,69,122
1,0,7,48,0,3,51,11,0,55,55,55,66,66,121
1,0,6,42,1,2,55,15,0,58,48,49,63,73,122
1,0,7,45,0,1,49,18,0,51,52,52,70,69,121
1,0,7,47,0,3,53,10,0,57,54,54,64,67,121
1,0,11,37,0,2,50,20,0,53,48,48,68,73,121
1,0,9,44,0,2,54,10,0,57,53,53,63,67,120
1,0,8,41,1,3,53,14,0,57,49,50,63,71,121
1,0,7,41,0,3,57,13,0,61,48,48,61,74,122
1,0,8,42,0,2,55,13,0,58,50,50,63,71,121
1,0,0,47,1,0,62,11,0,63,47,48,58,74,122
1,0,9,43,1,3,54,13,0,58,52,53,65,71,124
1,0,9,43,0,2,47,18,0,50,52,52,70,68,120
1,0,0,50,0,3,51,15,0,55,50,50,65,70,120
1,0,7,47,0,2,50,13,0,53,54,54,67,66,120
1,0,8,45,0,5,49,16,0,55,53,53,69,71,124
2,0,8,43,0,2,53,12,0,57,51,51,63,69,120
1,0,10,35,1,1,60,13,0,62,45,46,58,75,121
1,0,9,39,1,3,53,16,0,57,48,49,64,73,122
1,0,11,41,1,3,52,13,0,56,52,53,65,69,122
1,0,8,45,0,4,50,12,0,55,53,53,65,67,120
0,0,12,36,1,5,54,14,0,59,48,49,62,73,122
1,0,9,47,1,3,45,18,0,49,56,57,74,67,124
1,0,8,39,3,3,56,11,0,60,47,50,58,71,121
1,0,7,44,0,3,48,19,0,52,51,51,70,71,122
1,0,7,44,0,3,53,15,0,57,51,51,66,72,123
1,0,0,44,0,0,61,14,0,62,44,44,58,76,120
0,0,7,44,1,3,58,9,0,61,51,52,60,70,122
1,0,9,41,0,2,55,13,0,58,50,50,63,71,121
1,0,9,40,0,3,54,15,0,58,49,49,64,73,122
1,0,8,48,0,3,46,15,0,50,56,56,71,65,121
1,0,7,43,1,3,55,12,0,59,50,51,62,71,122
0,0,8,42,1,4,49,18,0,53,50,51,68,71,122
1,0,8,42,1,2,56,11,0,59,50,51,61,70,121
1,0,9,42,0,2,55,12,0,58,51,51,63,70,121
1,0,6,46,1,3,50,15,0,54,52,53,67,69,122
1,0,8,43,1,4,50,10,8,63,51,52,61,73,125
2,0,10,37,0,3,53,15,0,58,47,47,62,73,120
1,0,9,39,0,3,58,13,0,62,48,48,61,75,123
1,0,8,44,0,2,48,17,0,51,52,52,69,68,120
2,0,0,51,0,3,52,12,0,57,51,51,63,69,120
1,0,8,48,1,3,49,13,0,53,56,57,69,66,123
1,0,6,40,1,2,60,12,0,63,46,47,58,75,122
1,0,6,47,1,3,53,11,0,57,53,54,64,68,122
1,0,8,39,0,4,54,17,0,59,47,47,64,76,123
1,0,8,42,0,2,52,15,0,55,50,50,65,70,120
1,0,8,37,1,3,56,16,0,60,45,46,61,76,122
1,0,7,47,0,4,51,12,0,56,54,54,66,68,122
1,0,8,48,1,2,48,15,0,51,56,57,71,66,123
0,0,11,44,1,5,49,15,0,54,55,56,70,69,125
3,0,7,43,0,2,53,13,0,58,50,50,63,71,121
1,0,8,45,1,3,52,12,0,56,53,54,65,68,122
1,0,11,41,0,2,53,14,0,56,52,52,66,70,122
1,0,7,43,1,2,54,13,0,57,50,51,63,70,121
1,0,0,44,0,2,61,13,0,64,44,44,57,77,121
0,0,8,43,1,3,52,15,0,55,51,52,66,70,122
0,0,11,41,1,2,56,11,0,58,52,53,63,69,122
0,0,8,42,0,5,51,17,0,56,50,50,67,73,123
1,0,7,44,0,0,54,14,0,55,51,51,65,69,120
1,0,11,39,1,3,53,16,0,57,50,51,66,73,124
1,0,0,45,1,4,56,15,0,61,45,46,60,76,122
1,0,9,40,1,3,54,16,0,58,49,50,65,74,124
1,0,9,42,1,4,54,12,0,59,51,52,63,71,123
1,0,8,40,1,3,55,15,0,59,48,49,63,74,123
0,0,7,44,0,3,56,12,0,59,51,51,63,71,122
1,0,0,47,1,3,58,14,0,62,47,48,61,76,124
1,0,9,40,0,3,51,17,0,55,49,49,66,72,121
0,0,8,43,1,2,53,14,0,55,51,52,65,69,121
0,0,11,45,1,3,49,14,0,52,56,57,70,66,123
1,0,8,38,0,6,57,15,0,64,46,46,61,79,125
1,0,10,41,1,4,53,13,0,58,51,52,64,71,123
1,0,7,42,0,2,55,14,0,58,49,49,63,72,121
1,0,9,42,1,4,54,14,0,59,51,52,65,73,125
0,0,6,45,1,4,52,15,0,56,51,52,66,71,123
1,0,8,43,1,5,50,16,0,56,51,52,67,72,124
1,0,11,43,0,4,52,12,0,57,54,54,66,69,123
1,0,12,34,0,5,55,16,0,61,46,46,62,77,123
0,0,11,40,0,3,52,16,0,55,51,51,67,71,122
1,0,7,43,0,4,54,15,0,59,50,50,65,74,124
1,0,9,37,1,2,57,16,0,60,46,47,62,76,123
1,0,9,41,0,4,56,11,0,61,50,50,61,72,122
1,0,8,39,0,4,54,17,0,59,47,47,64,76,123
0,0,9,44,0,5,51,11,0,56,53,53,64,67,120
1,0,7,45,1,5,49,15,0,55,52,53,67,70,123
1,0,9,36,0,3,52,19,0,56,45,45,64,75,120
1,0,9,40,1,6,56,12,0,63,49,50,61,75,125
0,0,8,42,1,3,56,11,0,59,50,51,61,70,121
1,0,9,43,1,4,47,18,0,52,52,53,70,70,123
3,0,0,47,1,5,56,13,0,64,47,48,60,77,125
1,0,9,40,1,4,55,13,0,60,49,50,62,73,123
1,0,7,43,1,3,56,12,0,60,50,51,62,72,123
1,0,6,47,0,5,52,13,0,58,53,53,66,71,124
3,0,8,43,0,2,53,11,0,58,51,51,62,69,120
1,0,8,38,1,3,61,11,0,65,46,47,57,76,123
1,0,10,41,1,5,52,12,0,58,51,52,63,70,122
1,0,11,39,0,3,53,13,0,57,50,50,63,70,120
1,0,6,47,1,3,51,15,0,55,53,54,68,70,124
1,0,7,45,1,2,55,11,0,58,52,53,63,69,122
1,0,7,43,0,5,54,12,0,60,50,50,62,72,122
1,0,8,40,0,4,53,16,0,58,48,48,64,74,122
0,0,6,43,1,3,57,13,0,60,49,50,62,73,123
1,0,10,43,1,5,54,12,0,60,53,54,65,72,126
1,0,0,45,1,2,59,15,0,62,45,46,60,77,123
1,0,16,35,0,3,53,13,0,57,51,51,64,70,121
1,0,8,47,1,3,49,13,0,53,55,56,68,66,122
2,0,10,39,0,2,55,13,0,59,49,49,62,72,121
1,0,8,40,0,3,55,14,0,59,48,48,62,73,121
1,0,8,43,0,4,57,10,0,62,51,51,61,72,123
1,0,7,39,1,2,52,19,0,55,46,47,65,74,121
1,0,0,49,0,5,58,11,0,64,49,49,60,75,124
1,0,8,46,1,3,53,11,0,57,54,55,65,68,123
1,0,0,45,1,2,57,15,0,60,45,46,60,75,121
2,0,9,41,0,2,55,12,0,59,50,50,62,71,121
1,0,7,47,1,2,48,15,0,51,54,55,69,66,121
1,0,9,38,1,2,56,14,0,59,47,48,61,73,121
1,0,6,46,0,2,51,15,0,54,52,52,67,69,121
1,0,8,39,1,5,57,14,0,63,47,48,61,77,125
0,0,7,42,1,5,50,18,0,55,49,50,67,73,123
1,0,7,43,1,5,51,14,0,57,50,51,64,71,122
0,0,7,46,1,2,54,11,0,56,53,54,64,67,121
1,0,9,46,1,2,48,16,0,51,55,56,71,67,123
1,0,0,48,0,4,56,12,0,61,48,48,60,73,121
1,0,6,46,0,4,53,12,0,58,52,52,64,70,122
1,0,12,45,1,3,47,14,0,51,57,58,71,65,123
1,0,9,39,0,4,55,12,0,60,48,48,60,72,120
1,0,9,42,0,3,51,16,0,55,51,51,67,71,122
0,0,8,43,1,5,54,14,0,59,51,52,65,73,125
0,0,6,44,0,2,56,13,0,58,50,50,63,71,121
1,0,8,43,1,1,55,12,0,57,51,52,63,69,121
2,0,8,41,1,2,52,15,0,56,49,50,64,71,121
1,0,9,41,1,2,50,16,0,53,50,51,66,69,120
4,0,10,37,0,4,54,14,0,62,47,47,61,76,123
1,0,8,43,0,4,52,13,0,57,51,51,64,70,121
1,0,8,40,0,3,58,12,0,62,48,48,60,74,122
0,0,8,43,1,2,57,10,0,59,51,52,61,69,121
0,0,9,40,1,3,51,19,0,54,49,50,68,73,123
1,0,8,44,1,4,56,11,0,61,52,53,63,72,125
1,0,8,39,1,3,56,15,0,60,47,48,62,75,123
1,0,7,42,1,4,52,16,0,57,49,50,65,73,123
0,0,11,39,1,4,54,14,0,58,50,51,64,72,123
1,0,8,36,0,5,57,13,0,63,44,44,57,76,120
2,0,7,45,0,3,51,13,0,56,52,52,65,69,121
1,0,11,34,1,4,58,15,0,63,45,46,60,78,124
1,0,8,42,0,3,53,15,0,57,50,50,65,72,122
1,0,9,40,1,2,56,13,0,59,49,50,62,72,122
1,0,7,41,1,3,59,11,0,63,48,49,59,74,123
2,0,7,45,0,2,47,17,0,51,52,52,69,68,120
0,0,7,44,0,2,55,13,0,57,51,51,64,70,121
1,0,12,39,1,3,55,11,0,59,51,52,62,70,122
1,0,10,44,0,3,52,13,0,56,54,54,67,69,123
3,0,10,40,1,3,53,12,0,59,50,51,62,71,122
0,0,8,42,0,3,56,12,0,59,50,50,62,71,121
0,0,6,47,1,4,53,12,0,57,53,54,65,69,123
1,0,6,43,1,3,54,13,0,58,49,50,62,71,121
0,0,9,43,1,3,52,14,0,55,52,53,66,69,122
0,0,9,43,0,3,51,15,0,54,52,52,67,69,121
0,0,6,45,0,3,53,15,0,56,51,51,66,71,122
0,0,0,46,1,3,58,14,0,61,46,47,60,75,122
1,0,0,46,0,5,54,18,0,60,46,46,64,78,124
1,0,7,45,0,2,53,12,0,56,52,52,64,68,120
2,0,8,42,0,4,52,14,0,58,50,50,64,72,122
1,0,7,40,1,3,57,12,0,61,47,48,59,73,121
1,0,6,44,0,2,54,14,0,57,50,50,64,71,121
0,0,8,42,0,2,55,13,0,57,50,50,63,70,120
1,0,7,47,0,2,52,11,0,55,54,54,65,66,120
1,0,10,43,0,5,51,15,0,57,53,53,68,72,125
0,0,7,47,1,5,47,14,0,52,54,55,68,66,121
1,0,6,45,1,2,53,15,0,56,51,52,66,71,123
1,0,9,41,1,4,53,12,0,58,50,51,62,70,121
1,0,0,46,1,4,57,14,0,62,46,47,60,76,123
1,0,8,44,0,1,53,14,0,55,52,52,66,69,121
0,0,9,43,1,3,48,19,0,51,52,53,71,70,123
0,0,10,41,2,3,50,14,0,53,51,53,65,67,120
0,0,9,49,1,5,49,11,0,54,58,59,69,65,124
0,0,11,41,0,4,53,13,0,57,52,52,65,70,122
1,0,9,43,1,3,53,11,0,57,52,53,63,68,121
1,0,7,42,1,4,58,9,0,63,49,50,58,72,122
0,0,11,40,1,0,53,16,0,53,51,52,67,69,121
1,0,0,50,0,3,54,15,0,58,50,50,65,73,123
1,0,11,44,0,3,49,14,0,53,55,55,69,67,122
1,0,9,43,0,3,52,13,0,56,52,52,65,69,121
1,0,7,40,0,3,54,16,0,58,47,47,63,74,121
1,0,9,43,0,3,54,11,0,58,52,52,63,69,121
2,0,7,42,1,4,54,14,0,60,49,50,63,74,124
2,0,0,47,0,4,59,11,0,65,47,47,58,76,123
1,0,9,42,1,0,54,14,0,55,51,52,65,69,121
1,0,7,46,1,3,52,14,0,56,53,54,67,70,124
1,0,6,44,1,2,52,15,0,55,50,51,65,70,121
1,0,8,46,1,3,52,13,0,56,54,55,67,69,124
1,0,9,40,0,4,48,22,0,53,49,49,71,75,124
1,0,0,46,0,3,53,19,0,57,46,46,65,76,122
0,0,9,42,1,2,53,15,0,55,51,52,66,70,122
0,0,7,40,1,2,56,16,0,58,47,48,63,74,122
1,0,7,42,1,3,52,15,0,56,49,50,64,71,121
1,0,7,46,0,4,52,12,0,57,53,53,65,69,122
0,0,8,43,0,2,54,13,0,56,51,51,64,69,120
1,0,7,43,0,3,53,15,0,57,50,50,65,72,122
1,0,7,43,0,3,51,15,0,55,50,50,65,70,120
1,0,7,41,1,4,55,15,0,60,48,49,63,75,124
1,0,9,41,0,1,53,15,0,55,50,50,65,70,120
0,0,12,41,0,4,51,15,0,55,53,53,68,70,123
0,0,9,40,0,2,52,17,0,54,49,49,66,71,120
1,0,6,46,0,2,55,11,0,58,52,52,63,69,121
1,0,7,43,1,2,53,15,0,56,50,51,65,71,122
1,0,9,42,0,3,54,13,0,58,51,51,64,71,122
1,0,8,43,1,4,53,12,0,58,51,52,63,70,122
1,0,8,42,0,3,54,13,0,58,50,50,63,71,121
1,0,9,40,0,3,52,16,0,56,49,49,65,72,121
1,0,6,45,1,3,54,14,0,58,51,52,65,72,124
1,0,8,43,1,3,51,15,0,55,51,52,66,70,122
1,0,10,44,1,3,49,14,0,53,54,55,68,67,122
1,0,7,50,1,3,49,11,0,53,57,58,68,64,122
0,0,11,39,0,2,55,13,0,57,50,50,63,70,120
0,0,8,44,1,6,50,16,0,56,52,53,68,72,125
1,0,7,42,1,3,55,12,0,59,49,50,61,71,121
1,0,11,40,0,4,54,14,0,59,51,51,65,73,124
1,0,10,41,0,4,52,14,0,57,51,51,65,71,122
1,0,0,48,0,1,55,15,0,57,48,48,63,72,120
1,0,0,48,0,3,54,16,0,58,48,48,64,74,122
1,0,7,45,1,4,52,15,0,57,52,53,67,72,125
2,0,6,41,0,4,57,13,0,63,47,47,60,76,123
0,0,10,40,1,5,53,14,0,58,50,51,64,72,123
1,0,7,41,1,3,49,22,0,53,48,49,70,75,124
1,0,7,47,1,3,52,11,0,56,54,55,65,67,122
1,0,7,41,1,4,53,17,0,58,48,49,65,75,124
1,0,0,44,0,4,57,15,0,62,44,44,59,77,121
1,0,9,36,1,3,57,16,0,61,45,46,61,77,123
1,0,8,42,0,2,53,15,0,56,50,50,65,71,121
1,0,7,40,1,0,58,14,0,59,47,48,61,73,121
0,0,11,41,0,2,54,12,0,56,52,52,64,68,120
1,0,8,43,0,3,51,15,0,55,51,51,66,70,121
3,0,10,40,0,2,51,14,0,56,50,50,64,70,120
1,0,7,41,0,2,55,14,0,58,48,48,62,72,120
1,0,7,44,1,2,53,13,0,56,51,52,64,69,121
0,0,11,41,0,2,54,12,0,56,52,52,64,68,120
0,0,8,44,0,3,53,13,0,56,52,52,65,69,121
0,0,0,50,0,2,55,13,0,57,50,50,63,70,120
3,0,0,47,1,3,58,10,0,64,47,48,57,74,122
1,0,8,47,0,5,48,13,0,54,55,55,68,67,122
1,0,8,43,0,4,54,13,0,59,51,51,64,72,123
0,0,9,43,1,3,52,14,0,55,52,53,66,69,122
1,0,0,49,0,5,54,12,0,60,49,49,61,72,121
1,0,8,44,0,4,50,14,0,55,52,52,66,69,121
1,0,9,42,0,3,52,15,0,56,51,51,66,71,122
0,0,9,45,0,3,55,9,0,58,54,54,63,67,121
1,0,7,42,1,3,55,15,0,59,49,50,64,74,124
2,0,7,45,0,2,50,14,0,54,52,52,66,68,120
1,0,6,47,0,3,52,14,0,56,53,53,67,70,123
0,0,7,43,0,3,56,12,0,59,50,50,62,71,121
1,0,9,38,1,1,56,15,0,58,47,48,62,73,121
1,0,8,42,1,2,55,12,0,58,50,51,62,70,121
1,0,9,45,1,3,50,13,0,54,54,55,67,67,122
1,0,8,44,1,5,52,13,0,58,52,53,65,71,124
1,0,8,47,1,5,45,18,0,51,55,56,73,69,125
1,0,0,46,1,4,60,12,0,65,46,47,58,77,124
1,0,0,51,0,3,52,13,0,56,51,51,64,69,120
0,0,8,41,1,3,55,14,0,58,49,50,63,72,122
1,0,9,43,1,3,54,12,0,58,52,53,64,70,123
0,0,0,48,1,5,53,18,0,58,48,49,66,76,125
1,0,11,38,1,1,57,12,0,59,49,50,61,71,121
1,0,7,42,0,4,53,17,0,58,49,49,66,75,124
1,0,10,41,0,3,52,14,0,56,51,51,65,70,121
1,0,8,37,0,4,57,14,0,62,45,45,59,76,121
0,0,7,47,1,5,53,12,0,58,54,55,66,70,125
0,0,7,40,1,2,57,15,0,59,47,48,62,74,122
1,0,11,43,1,3,48,15,0,52,54,55,69,67,122
0,0,7,42,1,3,53,16,0,56,49,50,65,72,122
1,0,7,44,1,2,54,14,0,57,51,52,65,71,123
1,0,10,40,1,2,51,16,0,54,50,51,66,70,121
1,0,0,49,0,3,55,14,0,59,49,49,63,73,122
0,0,9,46,0,3,47,16,0,50,55,55,71,66,121
1,0,7,48,0,2,48,15,0,51,55,55,70,66,121
1,0,8,40,1,2,57,14,0,60,48,49,62,74,123
1,0,6,41,0,2,54,16,0,57,47,47,63,73,120
1,0,10,41,1,5,55,11,0,61,51,52,62,72,124
1,0,0,49,1,4,57,12,0,62,49,50,61,74,124
1,0,0,47,1,4,55,16,0,60,47,48,63,76,124
1,0,7,48,0,3,51,12,0,55,55,55,67,67,122
1,0,8,44,0,2,53,13,0,56,52,52,65,69,121
1,0,9,42,0,3,55,12,0,59,51,51,63,71,122
1,0,8,38,0,2,56,15,0,59,46,46,61,74,120
1,0,10,39,1,2,55,12,0,58,49,50,61,70,120
4,0,8,45,0,3,49,13,0,56,53,53,66,69,122
1,0,8,38,0,4,57,15,0,62,46,46,61,77,123
1,0,7,40,0,4,58,11,0,63,47,47,58,74,121
0,0,0,47,0,3,57,14,0,60,47,47,61,74,121
1,0,9,42,1,3,52,15,0,56,51,52,66,71,123
1,0,8,44,0,4,51,14,0,56,52,52,66,70,122
1,0,8,46,0,6,54,11,0,61,54,54,65,72,126
0,0,7,44,0,3,50,16,0,53,51,51,67,69,120
1,0,8,43,0,2,51,16,0,54,51,51,67,70,121
0,0,8,46,1,2,52,13,0,54,54,55,67,67,122
1,0,8,41,1,4,53,15,0,58,49,50,64,73,123
1,0,9,45,1,3,52,13,0,56,54,55,67,69,124
1,0,7,45,1,3,50,16,0,54,52,53,68,70,123
1,0,8,42,1,3,54,12,0,58,50,51,62,70,121
3,0,7,44,0,1,54,11,0,58,51,51,62,69,120
1,0,10,42,1,1,51,16,0,53,52,53,68,69,122
1,0,8,43,0,5,54,12,0,60,51,51,63,72,123
1,0,9,41,1,3,56,11,0,60,50,51,61,71,122
1,0,8,47,1,3,49,12,0,53,55,56,67,65,121
1,0,7,44,1,5,50,18,0,56,51,52,69,74,126
0,0,9,46,0,2,53,11,0,55,55,55,66,66,121
1,0,10,38,0,4,58,12,0,63,48,48,60,75,123
1,0,9,39,1,2,49,21,0,52,48,49,69,73,122
0,0,10,42,0,3,52,13,0,55,52,52,65,68,120
1,0,8,45,0,2,52,14,0,55,53,53,67,69,122
1,0,9,42,1,3,55,12,0,59,51,52,63,71,123
1,0,11,36,1,3,52,19,0,56,47,48,66,75,123
1,0,10,37,1,4,55,15,0,60,47,48,62,75,123
1,0,6,44,0,3,53,14,0,57,50,50,64,71,121
1,0,7,45,0,6,53,13,0,60,52,52,65,73,125
1,0,10,40,1,4,52,15,0,57,50,51,65,72,123
1,0,7,44,0,5,53,11,0,59,51,51,62,70,121
0,0,7,45,1,3,51,14,0,54,52,53,66,68,121
1,0,7,45,1,5,55,12,0,61,52,53,64,73,126
1,0,8,39,0,4,56,12,0,61,47,47,59,73,120
1,0,8,45,1,2,48,15,0,51,53,54,68,66,120
0,0,0,40,0,4,61,17,0,65,40,40,57,82,122
1,0,8,45,0,4,48,16,0,53,53,53,69,69,122
1,0,8,43,1,4,51,14,0,56,51,52,65,70,122
1,0,10,43,0,5,48,18,0,54,53,53,71,72,125
1,0,7,42,0,5,57,13,0,63,49,49,62,76,125
1,0,0,45,1,5,62,11,0,68,45,46,56,79,125
4,0,8,41,1,3,56,10,0,63,49,50,59,73,123
1,0,0,48,1,3,58,13,0,62,48,49,61,75,124
1,0,10,35,0,3,58,14,0,62,45,45,59,76,121
1,0,0,43,0,8,55,13,0,64,43,43,56,77,120
1,0,10,39,0,1,58,12,0,60,49,49,61,72,121
0,0,9,43,1,3,55,11,0,58,52,53,63,69,122
1,0,8,47,1,2,48,14,0,51,55,56,69,65,121
1,0,11,34,1,2,59,14,0,62,45,46,59,76,122
1,0,7,40,0,5,55,14,0,61,47,47,61,75,122
2,0,6,41,1,4,54,14,0,60,47,48,61,74,122
0,0,7,45,1,2,53,13,0,55,52,53,65,68,121
1,0,6,51,1,4,49,11,0,54,57,58,68,65,123
0,0,8,43,1,2,50,18,0,52,51,52,69,70,122
2,0,8,41,1,2,53,13,0,57,49,50,62,70,120
1,0,11,43,1,5,54,11,0,60,54,55,65,71,126
0,0,10,39,0,3,58,11,0,61,49,49,60,72,121
1,0,10,43,0,3,50,14,0,54,53,53,67,68,121
1,0,8,45,1,4,50,13,0,55,53,54,66,68,122
1,0,7,41,0,3,53,16,0,57,48,48,64,73,121
1,0,7,44,1,3,54,13,0,58,51,52,64,71,123
1,0,8,40,0,4,54,14,0,59,48,48,62,73,121
1,0,8,45,0,2,52,14,0,55,53,53,67,69,122
3,0,9,41,1,3,53,13,0,59,50,51,63,72,123
0,0,8,43,1,4,54,13,0,58,51,52,64,71,123
1,0,8,44,0,3,50,14,0,54,52,52,66,68,120
2,0,0,47,1,2,54,15,0,58,47,48,62,73,121
1,0,10,41,1,3,53,13,0,57,51,52,64,70,122
1,0,0,49,1,2,52,16,0,55,49,50,65,71,121
0,0,7,42,1,1,57,13,0,58,49,50,62,71,121
1,0,6,45,1,3,52,13,0,56,51,52,64,69,121
1,0,8,44,0,3,54,12,0,58,52,52,64,70,122
1,0,8,45,1,3,52,13,0,56,53,54,66,69,123
1,0,7,46,0,2,51,14,0,54,53,53,67,68,121
1,0,10,42,0,5,49,16,0,55,52,52,68,71,123
1,0,8,42,1,3,53,14,0,57,50,51,64,71,122
2,0,9,37,1,3,56,14,0,61,46,47,60,75,122
1,0,6,48,0,3,49,14,0,53,54,54,68,67,121
1,0,8,42,0,2,54,14,0,57,50,50,64,71,121
3,0,8,39,1,3,54,15,0,60,47,48,62,75,123
1,0,10,36,1,4,57,15,0,62,46,47,61,77,124
0,0,7,46,1,3,54,12,0,57,53,54,65,69,123
1,0,10,40,0,1,55,14,0,57,50,50,64,71,121
1,0,7,42,1,4,53,14,0,58,49,50,63,72,122
1,0,7,43,0,3,53,14,0,57,50,50,64,71,121
3,0,8,40,1,2,58,9,0,63,48,49,57,72,121
1,0,8,46,0,5,54,11,0,60,54,54,65,71,125
1,0,10,41,1,5,54,13,0,60,51,52,64,73,125
2,0,0,46,1,4,56,13,0,62,46,47,59,75,122
1,0,11,39,1,4,52,15,0,57,50,51,65,72,123
1,0,13,39,1,5,52,14,0,58,52,53,66,72,125
1,0,7,49,0,2,46,16,0,49,56,56,72,65,121
1,0,8,39,1,1,52,19,0,54,47,48,66,73,121
0,0,0,47,1,2,56,16,0,58,47,48,63,74,122
1,0,9,46,1,2,49,14,0,52,55,56,69,66,122
1,0,7,40,0,3,58,13,0,62,47,47,60,75,122
1,0,11,40,0,4,56,10,0,61,51,51,61,71,122
2,0,8,43,1,5,51,14,0,58,51,52,65,72,124
1,0,8,38,0,6,57,15,0,64,46,46,61,79,125
0,0,6,44,1,3,55,13,0,58,50,51,63,71,122
1,0,6,43,0,2,55,14,0,58,49,49,63,72,121
1,0,0,48,1,3,57,11,0,61,48,49,59,72,121
3,0,8,38,1,3,57,13,0,63,46,47,59,76,123
1,0,8,42,1,2,50,17,0,53,50,51,67,70,121
1,0,7,43,0,3,53,14,0,57,50,50,64,71,121
1,0,11,38,1,4,52,17,0,57,49,50,66,74,124
1,0,9,40,1,3,55,15,0,59,49,50,64,74,124
1,0,8,42,1,2,52,15,0,55,50,51,65,70,121
1,0,6,43,0,4,51,15,0,56,49,49,64,71,120
1,0,7,42,0,2,57,11,0,60,49,49,60,71,120
1,0,10,42,1,5,51,14,0,57,52,53,66,71,124
1,0,11,42,1,3,54,12,0,58,53,54,65,70,124
0,0,7,43,0,4,53,15,0,57,50,50,65,72,122
1,0,9,40,1,2,50,18,0,53,49,50,67,71,121
2,0,10,39,0,3,52,16,0,57,49,49,65,73,122
1,0,8,41,0,4,53,16,0,58,49,49,65,74,123
1,0,8,41,0,2,54,15,0,57,49,49,64,72,121
1,0,9,45,0,0,51,15,0,52,54,54,69,67,121
2,0,11,38,0,3,52,14,0,57,49,49,63,71,120
2,0,10,41,0,4,53,13,0,59,51,51,64,72,123
2,0,8,46,1,3,48,15,0,53,54,55,69,68,123
1,0,8,42,1,3,55,13,0,59,50,51,63,72,123
3,0,6,43,1,3,53,14,0,59,49,50,63,73,123
0,0,9,38,0,4,53,19,0,57,47,47,66,76,123
1,0,7,40,0,3,61,10,0,65,47,47,57,75,122
1,0,7,48,1,2,51,13,0,54,55,56,68,67,123
0,0,7,44,1,3,51,17,0,54,51,52,68,71,123
1,0,7,44,1,2,53,14,0,56,51,52,65,70,122
1,0,6,44,1,5,57,11,0,63,50,51,61,74,125
1,0,10,37,0,5,58,11,0,64,47,47,58,75,122
0,0,0,48,0,2,56,15,0,58,48,48,63,73,121
1,0,8,43,0,5,53,13,0,59,51,51,64,72,123
1,0,7,46,0,2,51,13,0,54,53,53,66,67,120
2,0,6,42,0,4,56,12,0,62,48,48,60,74,122
1,0,7,48,0,3,50,12,0,54,55,55,67,66,121
0,0,9,38,1,4,57,14,0,61,47,48,61,75,123
1,0,9,43,1,3,47,20,0,51,52,53,72,71,124
1,0,6,44,1,2,54,14,0,57,50,51,64,71,122
1,0,10,39,0,2,59,10,0,62,49,49,59,72,121
1,0,7,42,1,3,53,15,0,57,49,50,64,72,122
1,0,7,45,0,4,55,12,0,60,52,52,64,72,124
2,0,8,39,1,5,54,15,0,61,47,48,62,76,124
1,0,7,46,1,2,51,14,0,54,53,54,67,68,122
1,0,9,45,1,4,53,11,0,58,54,55,65,69,124
1,0,11,41,0,3,51,14,0,55,52,52,66,69,121
2,0,7,37,1,3,58,14,0,63,44,45,58,77,122
1,0,9,39,1,3,55,15,0,59,48,49,63,74,123
1,0,7,41,0,2,54,15,0,57,48,48,63,72,120
0,0,11,41,0,4,47,18,0,51,52,52,70,69,121
1,0,0,42,0,2,63,13,0,66,42,42,55,79,121
1,0,9,34,1,3,57,17,0,61,43,44,60,78,122
1,0,0,53,0,2,53,12,0,56,53,53,65,68,121
1,0,7,48,1,4,48,14,0,53,55,56,69,67,123
1,0,7,46,0,2,51,13,0,54,53,53,66,67,120
1,0,8,43,0,3,55,11,0,59,51,51,62,70,121
1,0,0,45,1,2,58,14,0,61,45,46,59,75,121
1,0,7,41,0,4,56,14,0,61,48,48,62,75,123
1,0,0,47,1,6,54,16,0,61,47,48,63,77,125
1,0,9,40,0,4,57,12,0,62,49,49,61,74,123
1,0,10,44,1,4,49,15,0,54,54,55,69,69,124
1,0,9,42,0,3,53,15,0,57,51,51,66,72,123
2,0,0,50,0,4,55,11,0,61,50,50,61,72,122
1,0,7,44,0,3,54,13,0,58,51,51,64,71,122
1,0,7,45,0,4,52,14,0,57,52,52,66,71,123
1,0,0,47,1,4,57,14,0,62,47,48,61,76,124
1,0,8,41,0,4,51,17,0,56,49,49,66,73,122
2,0,9,38,1,1,57,13,0,60,47,48,60,73,121
0,0,11,38,0,3,53,17,0,56,49,49,66,73,122
1,0,7,48,1,4,49,14,0,54,55,56,69,68,124
1,0,0,46,1,3,59,12,0,63,46,47,58,75,122
1,0,7,43,1,4,57,11,0,62,50,51,61,73,124
1,0,6,48,1,2,53,11,0,56,54,55,65,67,122
1,0,9,45,1,3,50,12,0,54,54,55,66,66,121
0,0,0,50,1,3,59,9,0,62,50,51,59,71,122
1,0,10,39,1,4,60,9,0,65,49,50,58,74,124
1,0,9,44,1,2,52,12,0,55,53,54,65,67,121
0,0,11,42,0,3,52,14,0,55,53,53,67,69,122
1,0,7,47,1,2,50,13,0,53,54,55,67,66,121
1,0,11,40,1,3,51,15,0,55,51,52,66,70,122
1,0,9,46,0,3,54,8,0,58,55,55,63,66,121
1,0,9,41,1,3,55,13,0,59,50,51,63,72,123
1,0,7,42,1,2,54,16,0,57,49,50,65,73,123
1,0,8,45,1,3,51,15,0,55,53,54,68,70,124
2,0,12,34,0,4,50,19,0,56,46,46,65,75,121
1,0,7,44,1,6,52,14,0,59,51,52,65,73,125
1,0,9,40,1,4,60,7,0,65,49,50,56,72,122
0,0,10,44,1,5,49,16,0,54,54,55,70,70,125
1,0,8,42,0,4,56,12,0,61,50,50,62,73,123
0,0,8,46,0,3,52,12,0,55,54,54,66,67,121
1,0,6,40,0,5,56,14,0,62,46,46,60,76,122
0,0,8,43,0,4,55,13,0,59,51,51,64,72,123
2,0,7,39,0,3,55,16,0,60,46,46,62,76,122
1,0,11,41,0,3,51,16,0,55,52,52,68,71,123
1,0,8,45,1,3,53,12,0,57,53,54,65,69,123
1,0,0,45,0,4,60,10,0,65,45,45,55,75,120
1,0,7,41,1,4,56,12,0,61,48,49,60,73,122
1,0,8,45,1,2,53,12,0,56,53,54,65,68,122
0,0,10,41,0,5,53,11,0,58,51,51,62,69,120
1,0,7,41,1,4,58,11,0,63,48,49,59,74,123
1,0,11,35,0,4,54,15,0,59,46,46,61,74,120
1,0,7,44,1,2,55,12,0,58,51,52,63,70,122
3,0,7,43,2,3,53,10,0,59,50,52,60,69,121
2,0,7,43,0,3,56,10,0,61,50,50,60,71,121
2,0,7,46,0,3,54,8,0,59,53,53,61,67,120
1,0,9,42,1,5,51,13,0,57,51,52,64,70,122
2,0,9,41,0,3,55,11,0,60,50,50,61,71,121
0,0,7,46,1,3,51,14,0,54,53,54,67,68,122
1,0,8,43,0,4,49,18,0,54,51,51,69,72,123
1,0,0,44,1,4,60,12,0,65,44,45,56,77,122
1,0,0,43,1,4,58,14,0,63,43,44,57,77,121
1,0,10,45,0,4,50,12,0,55,55,55,67,67,122
1,0,10,43,1,5,49,16,0,55,53,54,69,71,125
1,0,8,45,1,3,52,13,0,56,53,54,66,69,123
4,0,0,46,0,3,50,17,0,57,46,46,63,74,120
0,0,8,43,0,2,54,14,0,56,51,51,65,70,121
1,0,9,36,0,3,56,16,0,60,45,45,61,76,121
1,0,10,39,1,4,58,11,0,63,49,50,60,74,124
1,0,7,42,0,3,54,15,0,58,49,49,64,73,122
1,0,6,42,1,4,60,10,0,65,48,49,58,75,124
0,0,8,41,0,3,53,17,0,56,49,49,66,73,122
1,0,8,43,0,5,54,11,0,60,51,51,62,71,122
1,0,7,42,0,4,53,15,0,58,49,49,64,73,122
1,0,8,39,0,2,56,16,0,59,47,47,63,75,122
1,0,9,40,0,6,52,13,0,59,49,49,62,72,121
0,0,7,49,1,2,47,16,0,49,56,57,72,65,122
3,0,7,43,1,4,49,14,0,56,50,51,64,70,121
0,0,7,43,0,2,52,16,0,54,50,50,66,70,120
0,0,7,40,1,3,52,19,0,55,47,48,66,74,122
1,0,7,49,1,3,50,12,0,54,56,57,68,66,123
0,0,9,40,0,3,52,17,0,55,49,49,66,72,121
0,0,0,49,1,4,60,10,0,64,49,50,59,74,124
1,0,6,49,0,2,49,13,0,52,55,55,68,65,120
1,0,8,42,0,4,55,13,0,60,50,50,63,73,123
0,0,9,43,0,4,51,14,0,55,52,52,66,69,121
1,0,7,49,0,4,46,16,0,51,56,56,72,67,123
1,0,9,40,1,4,56,12,0,61,49,50,61,73,123
0,0,11,39,0,3,53,15,0,56,50,50,65,71,121
1,0,10,43,0,3,52,13,0,56,53,53,66,69,122
1,0,8,43,1,4,50,16,0,55,51,52,67,71,123
1,0,6,43,1,4,54,12,0,59,49,50,61,71,121
1,0,8,47,0,0,53,12,0,54,55,55,67,66,121
0,0,9,44,1,4,51,13,0,55,53,54,66,68,122
1,0,11,43,1,2,55,9,0,58,54,55,63,67,122
0,0,8,38,0,3,57,15,0,60,46,46,61,75,121
1,0,8,44,1,3,52,14,0,56,52,53,66,70,123
1,0,11,40,0,4,50,14,0,55,51,51,65,69,120
1,0,7,44,0,3,53,14,0,57,51,51,65,71,122
1,0,8,41,1,4,60,10,0,65,49,50,59,75,125
2,0,10,41,0,4,55,11,0,61,51,51,62,72,123
0,0,6,49,0,2,52,11,0,54,55,55,66,65,120
1,0,12,40,0,5,51,13,0,57,52,52,65,70,122
1,0,9,43,1,3,56,10,0,60,52,53,62,70,123
1,0,0,45,1,3,61,11,0,65,45,46,56,76,122
0,0,11,40,0,5,53,13,0,58,51,51,64,71,122
1,0,0,49,0,4,56,11,0,61,49,49,60,72,121
1,0,0,48,1,4,56,14,0,61,48,49,62,75,124
4,0,8,47,1,3,47,11,0,54,55,56,66,65,121
1,0,9,39,0,2,54,16,0,57,48,48,64,73,121
1,0,8,40,1,4,54,15,0,59,48,49,63,74,123
1,0,7,44,0,4,55,11,0,60,51,51,62,71,122
1,0,8,43,0,3,53,13,0,57,51,51,64,70,121
1,0,7,43,0,3,53,13,0,57,50,50,63,70,120
1,0,9,43,1,3,52,12,0,56,52,53,64,68,121
2,0,12,42,0,2,48,14,0,52,54,54,68,66,120
3,0,6,44,0,3,49,16,0,55,50,50,66,71,121
1,0,8,43,0,4,51,14,0,56,51,51,65,70,121
0,0,7,39,0,2,59,14,0,61,46,46,60,75,121
1,0,10,41,1,2,53,15,0,56,51,52,66,71,123
1,0,7,43,1,3,55,12,0,59,50,51,62,71,122
1,0,6,47,0,2,51,14,0,54,53,53,67,68,121
2,0,9,44,1,2,50,14,0,54,53,54,67,68,122
1,0,7,43,1,5,53,12,0,59,50,51,62,71,122
1,0,0,49,0,3,55,12,0,59,49,49,61,71,120
1,0,9,43,1,0,54,13,0,55,52,53,65,68,121
2,0,9,40,0,3,55,12,0,60,49,49,61,72,121
0,0,7,42,1,2,59,10,0,61,49,50,59,71,121
1,0,7,41,0,4,54,15,0,59,48,48,63,74,122
0,0,6,42,0,3,58,11,0,61,48,48,59,72,120
1,0,6,45,1,0,51,18,0,52,51,52,69,70,122
1,0,9,40,0,4,55,13,0,60,49,49,62,73,122
1,0,9,43,0,4,56,10,0,61,52,52,62,71,123
1,0,0,52,0,2,52,13,0,55,52,52,65,68,120
1,0,9,40,0,4,53,15,0,58,49,49,64,73,122
1,0,9,42,1,3,52,14,0,56,51,52,65,70,122
1,0,8,40,0,2,50,19,0,53,48,48,67,72,120
1,0,12,41,1,2,52,13,0,55,53,54,66,68,122
1,0,8,38,0,2,62,12,0,65,46,46,58,77,123
2,0,9,42,0,3,50,16,0,55,51,51,67,71,122
1,0,8,44,1,3,50,14,0,54,52,53,66,68,121
2,0,8,44,0,5,51,14,0,58,52,52,66,72,124
1,0,0,47,0,4,56,16,0,61,47,47,63,77,124
1,0,11,37,1,5,54,11,0,60,48,49,59,71,120
1,0,6,44,1,4,54,11,0,59,50,51,61,70,121
1,0,8,38,0,3,57,13,0,61,46,46,59,74,120
1,0,0,51,0,5,49,16,0,55,51,51,67,71,122
1,0,8,42,1,3,54,14,0,58,50,51,64,72,123
1,0,6,46,0,2,50,16,0,53,52,52,68,69,121
1,0,12,40,0,4,53,13,0,58,52,52,65,71,123
1,0,0,55,0,3,54,10,0,58,55,55,65,68,123
1,0,6,42,0,3,53,16,0,57,48,48,64,73,121
1,0,9,47,1,3,48,14,0,52,56,57,70,66,123
1,0,9,45,1,2,48,15,0,51,54,55,69,66,121
1,0,6,40,1,1,58,14,0,60,46,47,60,74,121
1,0,10,42,0,2,51,15,0,54,52,52,67,69,121
2,0,8,42,1,3,49,16,0,54,50,51,66,70,121
1,0,10,44,0,2,45,20,0,48,54,54,74,68,122
1,0,10,42,0,3,51,13,0,55,52,52,65,68,120
0,0,10,41,1,4,53,13,0,57,51,52,64,70,122
1,0,8,43,0,3,54,13,0,58,51,51,64,71,122
1,0,6,47,0,2,53,11,0,56,53,53,64,67,120
3,0,9,39,1,3,55,12,0,61,48,49,60,73,122
1,0,7,40,0,4,57,13,0,62,47,47,60,75,122
0,0,8,43,1,2,55,12,0,57,51,52,63,69,121
1,0,7,45,0,3,55,12,0,59,52,52,64,71,123
1,0,8,43,1,4,51,15,0,56,51,52,66,71,123
1,0,9,38,1,3,60,11,0,64,47,48,58,75,123
1,0,10,39,0,3,56,13,0,60,49,49,62,73,122
0,0,7,46,1,3,53,13,0,56,53,54,66,69,123
1,0,10,46,1,2,44,17,0,47,56,57,73,64,121
1,0,7,48,0,2,50,13,0,53,55,55,68,66,121
0,0,9,40,0,2,50,20,0,52,49,49,69,72,121
1,0,8,41,0,4,57,12,0,62,49,49,61,74,123
1,0,6,46,0,2,51,15,0,54,52,52,67,69,121
1,0,9,44,1,2,46,18,0,49,53,54,71,67,121
1,0,9,43,0,5,55,11,0,61,52,52,63,72,124
1,0,6,44,1,3,51,16,0,55,50,51,66,71,122
1,0,7,39,1,3,57,15,0,61,46,47,61,76,123
1,0,8,39,0,3,54,16,0,58,47,47,63,74,121
1,0,0,46,1,3,52,18,0,56,46,47,64,74,121
2,0,7,43,0,3,58,9,0,63,50,50,59,72,122
1,0,10,43,0,3,51,14,0,55,53,53,67,69,122
1,0,8,39,0,0,58,14,0,59,47,47,61,73,120
0,0,0,52,1,0,53,15,0,53,52,53,67,68,121
1,0,0,49,0,2,57,12,0,60,49,49,61,72,121
1,0,6,48,0,4,48,15,0,53,54,54,69,68,122
1,0,0,46,1,3,61,10,0,65,46,47,56,75,122
1,0,11,43,0,4,49,15,0,54,54,54,69,69,123
1,0,7,45,1,4,48,16,0,53,52,53,68,69,122
1,0,10,42,0,3,52,13,0,56,52,52,65,69,121
3,0,9,37,1,4,58,12,0,65,46,47,58,77,124
0,0,7,46,1,3,51,13,0,54,53,54,66,67,121
0,0,8,42,1,3,53,15,0,56,50,51,65,71,122
0,0,7,41,1,2,56,15,0,58,48,49,63,73,122
1,0,10,40,1,3,55,13,0,59,50,51,63,72,123
1,0,9,41,1,4,54,11,0,59,50,51,61,70,121
1,0,14,40,1,2,51,13,0,54,54,55,67,67,122
5,0,10,38,1,3,53,11,0,61,48,49,59,72,121
1,0,7,42,0,6,54,14,0,61,49,49,63,75,124
0,0,0,46,0,2,58,14,0,60,46,46,60,74,120
1,0,10,40,0,4,53,14,0,58,50,50,64,72,122
1,0,8,39,1,2,57,13,0,60,47,48,60,73,121
1,0,9,40,1,3,56,13,0,60,49,50,62,73,123
1,0,11,41,1,2,52,14,0,55,52,53,66,69,122
1,0,7,42,1,4,54,14,0,59,49,50,63,73,123
1,0,8,46,1,4,51,13,0,56,54,55,67,69,124
0,0,7,45,0,2,53,13,0,55,52,52,65,68,120
1,0,8,40,1,3,50,17,0,54,48,49,65,71,120
1,0,0,47,1,2,59,12,0,62,47,48,59,74,122
1,0,6,43,0,2,53,16,0,56,49,49,65,72,121
1,0,9,43,1,5,50,16,0,56,52,53,68,72,125
1,0,0,48,0,3,56,14,0,60,48,48,62,74,122
0,0,6,44,0,4,53,13,0,57,50,50,63,70,120
0,0,6,41,1,3,59,12,0,62,47,48,59,74,122
0,0,8,43,0,3,53,15,0,56,51,51,66,71,122
1,0,0,52,1,3,51,13,0,55,52,53,65,68,121
1,0,9,47,0,3,47,14,0,51,56,56,70,65,121
1,0,9,46,1,3,50,14,0,54,55,56,69,68,124
0,0,0,46,1,3,62,11,0,65,46,47,57,76,123
1,0,11,38,1,3,55,14,0,59,49,50,63,73,123
1,0,8,43,1,2,50,16,0,53,51,52,67,69,121
1,0,10,40,0,3,55,12,0,59,50,50,62,71,121
0,0,7,47,1,2,53,12,0,55,54,55,66,67,122
0,0,7,45,1,1,54,13,0,55,52,53,65,68,121
1,0,0,50,1,2,56,11,0,59,50,51,61,70,121
0,0,7,42,1,3,50,20,0,53,49,50,69,73,123
1,0,10,40,0,3,56,11,0,60,50,50,61,71,121
1,0,12,40,1,2,51,15,0,54,52,53,67,69,122
1,0,0,50,0,3,54,13,0,58,50,50,63,71,121
1,0,7,44,0,3,54,13,0,58,51,51,64,71,122
1,0,8,44,0,3,52,13,0,56,52,52,65,69,121
0,0,6,51,1,3,46,14,0,49,57,58,71,63,121
0,0,8,43,1,2,55,13,0,57,51,52,64,70,122
1,0,8,43,1,2,56,12,0,59,51,52,63,71,123
2,0,9,38,0,2,57,13,0,61,47,47,60,74,121
1,0,9,42,0,2,55,11,0,58,51,51,62,69,120
1,0,8,44,1,3,51,13,0,55,52,53,65,68,121
1,0,7,43,0,2,58,10,0,61,50,50,60,71,121
0,0,9,41,1,2,55,13,0,57,50,51,63,70,121
1,0,8,44,1,3,52,12,0,56,52,53,64,68,121
1,0,0,49,1,4,55,14,0,60,49,50,63,74,124
2,0,8,38,0,4,52,18,0,58,46,46,64,76,122
1,0,10,39,0,4,56,13,0,61,49,49,62,74,123
1,0,7,43,0,2,57,10,0,60,50,50,60,70,120
1,0,9,47,1,5,46,13,0,52,56,57,69,65,122
1,0,7,45,1,2,52,14,0,55,52,53,66,69,122
1,0,0,47,0,3,56,15,0,60,47,47,62,75,122
1,0,0,51,0,3,53,14,0,57,51,51,65,71,122
0,0,7,52,0,4,48,12,0,52,59,59,71,64,123
0,0,11,41,1,2,56,11,0,58,52,53,63,69,122
1,0,8,48,0,4,45,15,0,50,56,56,71,65,121
1,0,0,52,0,3,56,10,0,60,52,52,62,70,122
1,0,7,48,0,3,53,10,0,57,55,55,65,67,122
1,0,10,41,1,5,50,17,0,56,51,52,68,73,125
1,0,7,41,1,3,53,16,0,57,48,49,64,73,122
1,0,8,46,1,2,50,12,0,53,54,55,66,65,120
4,0,9,41,0,2,52,12,0,58,50,50,62,70,120
1,0,9,43,0,4,55,12,0,60,52,52,64,72,124
1,0,7,43,1,4,54,14,0,59,50,51,64,73,124
1,0,6,46,1,4,54,13,0,59,52,53,65,72,125
1,0,9,40,1,3,51,16,0,55,49,50,65,71,121
0,0,8,46,0,3,48,17,0,51,54,54,71,68,122
0,0,9,43,0,3,58,9,0,61,52,52,61,70,122
1,0,10,41,0,3,51,17,0,55,51,51,68,72,123
1,0,0,51,0,5,50,13,0,56,51,51,64,69,120
0,0,7,46,1,4,56,10,0,60,53,54,63,70,124
3,0,9,38,0,4,55,14,0,62,47,47,61,76,123
1,0,8,43,0,3,53,15,0,57,51,51,66,72,123
1,0,0,44,0,5,60,10,0,66,44,44,54,76,120
1,0,10,42,1,3,52,15,0,56,52,53,67,71,124
0,0,11,39,1,4,54,13,0,58,50,51,63,71,122
1,0,11,41,0,3,51,14,0,55,52,52,66,69,121
1,0,8,43,1,3,52,14,0,56,51,52,65,70,122
1,0,8,40,0,5,52,15,0,58,48,48,63,73,121
0,0,7,42,1,2,53,16,0,55,49,50,65,71,121
1,0,8,48,1,4,46,15,0,51,56,57,71,66,123
1,0,7,43,0,3,57,11,0,61,50,50,61,72,122
2,0,14,35,1,4,53,15,0,59,49,50,64,74,124
1,0,8,47,0,3,50,13,0,54,55,55,68,67,122
1,0,8,41,1,5,56,12,0,62,49,50,61,74,124
1,0,12,41,0,5,51,15,0,57,53,53,68,72,125
1,0,7,44,1,2,56,11,0,59,51,52,62,70,122
0,0,10,38,1,2,53,17,0,55,48,49,65,72,121
1,0,7,49,1,2,51,11,0,54,56,57,67,65,122
1,0,7,42,1,3,57,12,0,61,49,50,61,73,123
1,0,9,48,1,3,49,10,0,53,57,58,67,63,121
1,0,9,41,1,4,57,12,0,62,50,51,62,74,125
1,0,8,42,1,4,53,13,0,58,50,51,63,71,122
0,0,8,40,1,3,57,14,0,60,48,49,62,74,123
1,0,7,46,0,3,53,10,0,57,53,53,63,67,120
1,0,7,43,0,3,49,17,0,53,50,50,67,70,120
1,0,8,43,1,3,52,14,0,56,51,52,65,70,122
1,0,9,41,0,2,55,12,0,58,50,50,62,70,120
1,0,10,40,1,4,59,9,0,64,50,51,59,73,124
2,0,9,41,0,2,55,11,0,59,50,50,61,70,120
0,0,8,46,1,3,51,13,0,54,54,55,67,67,122
1,0,8,41,0,3,58,11,0,62,49,49,60,73,122
1,0,7,43,1,5,56,11,0,62,50,51,61,73,124
2,0,18,36,2,3,50,11,0,55,54,56,65,66,122
1,0,7,42,0,3,50,19,0,54,49,49,68,73,122
1,0,7,45,1,3,50,16,0,54,52,53,68,70,123
1,0,9,44,0,5,53,13,0,59,53,53,66,72,125
1,0,8,42,0,3,52,14,0,56,50,50,64,70,120
0,0,10,43,1,3,50,14,0,53,53,54,67,67,121
1,0,0,54,0,2,52,12,0,55,54,54,66,67,121
0,0,6,42,1,4,55,13,0,59,48,49,61,72,121
0,0,9,38,0,3,54,17,0,57,47,47,64,74,121
1,0,7,40,1,2,57,13,0,60,47,48,60,73,121
1,0,7,43,0,3,53,13,0,57,50,50,63,70,120
1,0,8,43,0,3,48,18,0,52,51,51,69,70,121
1,0,0,42,0,5,61,15,0,67,42,42,57,82,124
1,0,7,44,1,2,55,12,0,58,51,52,63,70,122
1,0,11,42,1,2,53,11,0,56,53,54,64,67,121
1,0,6,46,0,3,52,15,0,56,52,52,67,71,123
1,0,9,41,0,3,55,12,0,59,50,50,62,71,121
1,0,7,43,1,5,54,14,0,60,50,51,64,74,125
1,0,7,49,1,4,46,14,0,51,56,57,70,65,122
0,0,0,50,0,4,55,13,0,59,50,50,63,72,122
1,0,8,38,1,3,58,12,0,62,46,47,58,74,121
3,0,6,41,1,6,54,15,0,63,47,48,62,78,126
1,0,0,49,0,4,55,15,0,60,49,49,64,75,124
1,0,0,49,0,4,55,13,0,60,49,49,62,73,122
0,0,7,46,1,2,51,15,0,53,53,54,68,68,122
1,0,0,52,0,2,52,13,0,55,52,52,65,68,120
0,0,8,43,0,4,56,12,0,60,51,51,63,72,123
1,0,7,49,0,2,50,11,0,53,56,56,67,64,120
1,0,8,41,0,5,54,14,0,60,49,49,63,74,123
1,0,9,38,1,3,61,10,0,65,47,48,57,75,123
2,0,11,40,0,4,54,12,0,60,51,51,63,72,123
1,0,10,41,0,2,55,12,0,58,51,51,63,70,121
1,0,14,39,1,3,55,10,0,59,53,54,63,69,123
1,0,9,42,0,5,50,16,0,56,51,51,67,72,123
0,0,7,48,0,3,48,14,0,51,55,55,69,65,120
0,0,7,42,0,3,54,15,0,57,49,49,64,72,121
1,0,8,41,1,0,54,16,0,55,49,50,65,71,121
1,0,7,46,1,4,54,10,0,59,53,54,63,69,123
1,0,6,46,0,4,52,13,0,57,52,52,65,70,122
0,0,7,45,1,3,51,16,0,54,52,53,68,70,123
1,0,8,45,1,5,54,11,0,60,53,54,64,71,125
1,0,6,46,1,2,53,13,0,56,52,53,65,69,122
0,0,8,40,1,3,57,13,0,60,48,49,61,73,122
2,0,7,42,0,2,55,12,0,59,49,49,61,71,120
1,0,9,41,1,3,53,14,0,57,50,51,64,71,122
1,0,0,49,1,2,57,11,0,60,49,50,60,71,121
1,0,0,51,1,3,53,13,0,57,51,52,64,70,122
0,0,0,48,1,6,56,14,0,62,48,49,62,76,125
1,0,9,43,1,4,49,15,0,54,52,53,67,69,122
1,0,11,41,1,3,50,14,0,54,52,53,66,68,121
1,0,10,45,0,4,49,14,0,54,55,55,69,68,123
0,0,7,44,0,3,52,14,0,55,51,51,65,69,120
1,0,7,43,0,4,54,13,0,59,50,50,63,72,122
1,0,8,43,0,4,53,11,0,58,51,51,62,69,120
1,0,7,44,0,3,53,13,0,57,51,51,64,70,121
0,0,9,45,0,4,50,13,0,54,54,54,67,67,121
1,0,8,42,1,4,54,15,0,59,50,51,65,74,125
1,0,12,34,1,2,52,18,0,55,46,47,64,73,120
0,0,9,38,1,3,57,14,0,60,47,48,61,74,122
1,0,7,44,1,3,54,12,0,58,51,52,63,70,122
1,0,8,44,1,2,54,12,0,57,52,53,64,69,122
1,0,10,39,1,3,55,13,0,59,49,50,62,72,122
0,0,7,45,0,3,54,13,0,57,52,52,65,70,122
1,0,10,38,1,4,59,11,0,64,48,49,59,75,124
3,0,10,42,1,4,45,17,0,52,52,53,69,69,122
1,0,10,38,1,3,56,15,0,60,48,49,63,75,124
1,0,8,45,1,3,53,12,0,57,53,54,65,69,123
0,0,11,42,1,2,52,12,0,54,53,54,65,66,120
1,0,8,47,1,3,50,12,0,54,55,56,67,66,122
1,0,7,39,1,4,55,16,0,60,46,47,62,76,123
0,0,6,42,1,3,59,12,0,62,48,49,60,74,123
2,0,9,42,1,5,50,14,0,57,51,52,65,71,123
1,0,10,41,1,2,55,12,0,58,51,52,63,70,122
1,0,9,44,0,4,49,16,0,54,53,53,69,70,123
1,0,0,43,0,3,60,15,0,64,43,43,58,79,122
1,0,7,44,0,3,54,14,0,58,51,51,65,72,123
0,0,9,41,1,2,54,14,0,56,50,51,64,70,121
1,0,10,41,1,5,57,11,0,63,51,52,62,74,126
0,0,10,44,0,4,41,24,0,45,54,54,78,69,123
1,0,10,46,0,2,48,14,0,51,56,56,70,65,121
1,0,9,42,1,4,52,14,0,57,51,52,65,71,123
0,0,10,39,1,4,57,13,0,61,49,50,62,74,124
0,0,8,42,1,2,53,16,0,55,50,51,66,71,122
1,0,8,39,0,4,56,15,0,61,47,47,62,76,123
0,0,8,45,1,3,48,16,0,51,53,54,69,67,121
0,0,0,42,0,3,63,12,0,66,42,42,54,78,120
2,0,7,42,1,3,56,12,0,61,49,50,61,73,123
1,0,7,41,0,4,49,20,0,54,48,48,68,74,122
0,0,0,50,0,4,58,11,0,62,50,50,61,73,123
1,0,8,49,0,4,44,16,0,49,57,57,73,65,122
0,0,8,44,0,0,54,14,0,54,52,52,66,68,120
1,0,6,45,1,4,54,14,0,59,51,52,65,73,125
1,0,9,46,0,2,50,13,0,53,55,55,68,66,121
1,0,12,40,1,4,54,13,0,59,52,53,65,72,125
1,0,8,48,0,2,51,12,0,54,56,56,68,66,122
1,0,6,45,0,4,53,15,0,58,51,51,66,73,124
0,0,10,42,0,2,54,13,0,56,52,52,65,69,121
0,0,11,41,1,4,54,12,0,58,52,53,64,70,123
0,0,6,47,1,2,54,12,0,56,53,54,65,68,122
1,0,8,44,0,2,47,19,0,50,52,52,71,69,121
1,0,9,45,0,3,54,10,0,58,54,54,64,68,122
1,0,10,42,0,3,55,11,0,59,52,52,63,70,122
0,0,11,38,1,2,55,14,0,57,49,50,63,71,121
1,0,9,41,0,4,54,15,0,59,50,50,65,74,124
1,0,6,47,1,3,51,13,0,55,53,54,66,68,122
1,0,8,41,0,4,53,14,0,58,49,49,63,72,121
1,0,8,39,1,4,54,16,0,59,47,48,63,75,123
1,0,7,44,1,3,49,16,0,53,51,52,67,69,121
1,0,10,43,0,2,52,14,0,55,53,53,67,69,122
0,0,8,43,0,2,56,11,0,58,51,51,62,69,120
1,0,7,44,1,3,54,14,0,58,51,52,65,72,124
1,0,7,48,0,3,48,16,0,52,55,55,71,68,123
1,0,9,39,0,3,56,13,0,60,48,48,61,73,121
4,0,8,40,1,4,53,13,0,61,48,49,61,74,123
1,0,12,37,0,4,54,15,0,59,49,49,64,74,123
1,0,8,39,0,3,59,11,0,63,47,47,58,74,121
2,0,8,39,0,3,55,15,0,60,47,47,62,75,122
3,0,9,41,1,5,52,13,0,60,50,51,63,73,124
1,0,11,37,1,4,54,13,0,59,48,49,61,72,121
1,0,9,42,1,2,51,15,0,54,51,52,66,69,121
0,0,7,44,0,0,53,16,0,53,51,51,67,69,120
1,0,7,46,0,4,54,12,0,59,53,53,65,71,124
1,0,8,42,0,2,55,12,0,58,50,50,62,70,120
1,0,9,42,0,5,50,16,0,56,51,51,67,72,123
1,0,11,43,0,3,49,14,0,53,54,54,68,67,121
4,0,8,39,1,3,55,13,0,62,47,48,60,75,123
1,0,7,44,1,3,54,13,0,58,51,52,64,71,123
1,0,8,42,0,2,52,15,0,55,50,50,65,70,120
1,0,8,45,0,2,52,14,0,55,53,53,67,69,122
1,0,0,46,0,2,57,15,0,60,46,46,61,75,121
1,0,8,42,0,2,56,11,0,59,50,50,61,70,120
1,0,7,46,0,4,51,15,0,56,53,53,68,71,124
1,0,7,42,0,3,58,11,0,62,49,49,60,73,122
0,0,9,38,1,3,56,16,0,59,47,48,63,75,123
1,0,8,44,0,3,51,15,0,55,52,52,67,70,122
1,0,7,48,0,3,48,14,0,52,55,55,69,66,121
1,0,14,39,1,3,52,13,0,56,53,54,66,69,123
1,0,10,43,1,5,45,18,0,51,53,54,71,69,123
1,0,9,44,0,5,54,11,0,60,53,53,64,71,124
0,0,8,47,0,3,49,15,0,52,55,55,70,67,122
1,0,8,44,1,4,52,13,0,57,52,53,65,70,123
1,0,7,40,0,4,58,13,0,63,47,47,60,76,123
1,0,6,42,0,4,57,13,0,62,48,48,61,75,123
1,0,10,39,1,2,52,17,0,55,49,50,66,72,122
0,0,7,47,1,3,49,15,0,52,54,55,69,67,122
1,0,9,39,0,6,51,14,0,58,48,48,62,72,120
1,0,7,44,1,3,53,12,0,57,51,52,63,69,121
1,0,9,45,0,3,50,12,0,54,54,54,66,66,120
0,0,0,47,0,3,61,11,0,64,47,47,58,75,122
1,0,0,48,1,2,58,11,0,61,48,49,59,72,121
1,0,8,43,0,2,52,15,0,55,51,51,66,70,121
2,0,0,46,0,3,56,13,0,61,46,46,59,74,120
1,0,6,47,1,3,52,13,0,56,53,54,66,69,123
1,0,8,39,1,4,55,13,0,60,47,48,60,73,121
1,0,0,50,1,3,53,13,0,57,50,51,63,70,121
1,0,7,44,1,2,52,16,0,55,51,52,67,71,123
1,0,7,45,0,5,54,12,0,60,52,52,64,72,124
1,0,9,47,1,5,51,12,0,57,56,57,68,69,126
2,0,8,39,1,5,56,14,0,63,47,48,61,77,125
1,0,8,44,1,4,49,16,0,54,52,53,68,70,123
1,0,11,42,0,4,52,13,0,57,53,53,66,70,123
0,0,0,47,1,4,58,14,0,62,47,48,61,76,124
1,0,7,39,1,2,59,14,0,62,46,47,60,76,123
1,0,8,43,0,2,58,10,0,61,51,51,61,71,122
1,0,10,41,0,2,51,17,0,54,51,51,68,71,122
1,0,9,42,0,2,53,14,0,56,51,51,65,70,121
1,0,7,46,1,3,52,11,0,56,53,54,64,67,121
1,0,7,44,1,3,55,12,0,59,51,52,63,71,123
0,0,8,43,1,3,56,11,0,59,51,52,62,70,122
0,0,0,45,1,4,59,14,0,63,45,46,59,77,123
0,0,9,45,1,3,49,15,0,52,54,55,69,67,122
1,0,7,44,1,3,53,14,0,57,51,52,65,71,123
0,0,7,43,0,2,55,13,0,57,50,50,63,70,120
2,0,9,42,1,2,50,15,0,54,51,52,66,69,121
2,0,7,42,1,5,51,16,0,58,49,50,65,74,124
1,0,0,50,0,3,53,13,0,57,50,50,63,70,120
1,0,8,46,1,3,47,16,0,51,54,55,70,67,122
1,0,8,44,1,2,49,16,0,52,52,53,68,68,121
0,0,7,47,0,2,51,13,0,53,54,54,67,66,120
2,0,7,46,1,3,48,14,0,53,53,54,67,67,121
1,0,8,44,1,3,53,12,0,57,52,53,64,69,122
1,0,0,50,0,5,56,13,0,62,50,50,63,75,125
1,0,9,43,1,3,49,18,0,53,52,53,70,71,124
0,0,10,40,0,2,55,13,0,57,50,50,63,70,120
1,0,9,41,0,2,51,18,0,54,50,50,68,72,122
1,0,6,44,1,3,53,13,0,57,50,51,63,70,121
1,0,7,47,1,3,49,14,0,53,54,55,68,67,122
1,0,0,45,0,3,62,10,0,66,45,45,55,76,121
2,0,7,43,1,2,54,13,0,58,50,51,63,71,122
1,0,8,45,0,2,48,17,0,51,53,53,70,68,121
1,0,7,43,1,3,53,14,0,57,50,51,64,71,122
1,0,0,52,1,5,50,12,0,56,52,53,64,68,121
1,0,8,43,0,4,55,12,0,60,51,51,63,72,123
1,0,9,46,0,5,50,13,0,56,55,55,68,69,124
0,0,9,41,0,4,53,15,0,57,50,50,65,72,122
0,0,7,45,1,2,55,11,0,57,52,53,63,68,121
1,0,7,42,0,3,56,12,0,60,49,49,61,72,121
2,0,0,50,1,3,52,14,0,57,50,51,64,71,122
1,0,8,46,1,3,54,11,0,58,54,55,65,69,124
1,0,10,38,0,3,59,11,0,63,48,48,59,74,122
2,0,8,42,0,3,51,15,0,56,50,50,65,71,121
0,0,0,50,0,3,54,14,0,57,50,50,64,71,121
1,0,10,42,1,3,49,16,0,53,52,53,68,69,122
1,0,6,47,0,3,54,12,0,58,53,53,65,70,123
1,0,11,39,0,3,56,13,0,60,50,50,63,73,123
2,0,0,45,0,3,60,11,0,65,45,45,56,76,121
0,0,6,43,1,2,55,15,0,57,49,50,64,72,122
1,0,7,41,0,5,54,16,0,60,48,48,64,76,124
1,0,7,44,1,5,54,14,0,60,51,52,65,74,126
1,0,7,44,0,3,52,15,0,56,51,51,66,71,122
1,0,9,47,1,4,49,13,0,54,56,57,69,67,124
1,0,7,44,0,4,52,14,0,57,51,51,65,71,122
0,0,9,42,1,3,52,14,0,55,51,52,65,69,121
0,0,7,44,1,3,57,10,0,60,51,52,61,70,122
1,0,8,40,1,4,53,16,0,58,48,49,64,74,123
2,0,9,41,1,4,53,13,0,59,50,51,63,72,123
1,0,8,39,0,3,60,9,0,64,47,47,56,73,120
1,0,8,43,0,3,51,14,0,55,51,51,65,69,120
2,0,8,38,0,5,55,13,0,62,46,46,59,75,121
1,0,7,45,0,3,51,14,0,55,52,52,66,69,121
1,0,7,45,0,3,55,11,0,59,52,52,63,70,122
1,0,8,41,1,4,55,12,0,60,49,50,61,72,122
5,0,7,41,1,4,54,12,0,63,48,49,60,75,124
1,0,10,42,1,3,52,14,0,56,52,53,66,70,123
1,0,0,47,1,4,55,13,0,60,47,48,60,73,121
0,0,8,44,0,4,53,14,0,57,52,52,66,71,123
0,0,9,39,0,5,54,17,0,59,48,48,65,76,124
1,0,8,44,0,5,52,13,0,58,52,52,65,71,123
1,0,9,43,1,1,52,14,0,54,52,53,66,68,121
1,0,7,38,0,3,60,12,0,64,45,45,57,76,121
1,0,0,47,1,3,55,16,0,59,47,48,63,75,123
0,0,8,43,1,2,55,12,0,57,51,52,63,69,121
1,0,8,40,0,3,57,12,0,61,48,48,60,73,121
1,0,9,40,0,2,53,15,0,56,49,49,64,71,120
1,0,8,40,1,5,55,14,0,61,48,49,62,75,124
1,0,11,41,1,2,56,9,0,59,52,53,61,68,121
1,0,7,45,1,4,49,14,0,54,52,53,66,68,121
1,0,9,43,1,2,54,12,0,57,52,53,64,69,122
1,0,0,46,0,4,62,11,0,67,46,46,57,78,124
0,0,8,47,1,5,47,15,0,52,55,56,70,67,123
1,0,9,42,1,2,54,13,0,57,51,52,64,70,122
2,0,0,52,0,4,50,12,0,56,52,52,64,68,120
0,0,8,43,0,4,51,15,0,55,51,51,66,70,121
3,0,7,42,0,3,52,14,0,58,49,49,63,72,121
1,0,7,44,1,4,53,13,0,58,51,52,64,71,123
1,0,8,43,0,6,54,13,0,61,51,51,64,74,125
1,0,9,42,0,2,55,12,0,58,51,51,63,70,121
1,0,7,41,0,3,57,14,0,61,48,48,62,75,123
1,0,9,43,0,3,52,15,0,56,52,52,67,71,123
1,0,7,44,0,2,54,13,0,57,51,51,64,70,121
0,0,8,46,1,3,50,14,0,53,54,55,68,67,122
1,0,8,45,1,4,53,12,0,58,53,54,65,70,124
1,0,7,43,0,3,54,13,0,58,50,50,63,71,121
0,0,0,52,1,3,54,12,0,57,52,53,64,69,122
1,0,9,43,0,3,51,15,0,55,52,52,67,70,122
0,0,9,38,1,4,55,16,0,59,47,48,63,75,123
0,0,0,50,1,2,57,11,0,59,50,51,61,70,121
1,0,8,39,1,3,57,12,0,61,47,48,59,73,121
1,0,11,39,1,4,55,13,0,60,50,51,63,73,124
1,0,8,43,1,2,49,18,0,52,51,52,69,70,122
1,0,8,40,2,4,55,13,0,60,48,50,61,73,123
0,0,6,45,0,3,50,18,0,53,51,51,69,71,122
1,0,8,42,1,4,51,17,0,56,50,51,67,73,124
1,0,7,49,1,3,45,17,0,49,56,57,73,66,123
1,0,0,46,0,4,57,14,0,62,46,46,60,76,122
2,0,8,42,1,3,53,13,0,58,50,51,63,71,122
0,0,7,42,0,2,56,13,0,58,49,49,62,71,120
1,0,7,42,1,5,55,14,0,61,49,50,63,75,125
1,0,8,39,0,3,56,16,0,60,47,47,63,76,123
1,0,6,47,1,3,52,13,0,56,53,54,66,69,123
0,0,7,45,1,2,53,13,0,55,52,53,65,68,121
1,0,8,42,0,2,54,14,0,57,50,50,64,71,121
1,0,10,39,0,5,54,15,0,60,49,49,64,75,124
1,0,6,44,1,2,55,13,0,58,50,51,63,71,122
1,0,10,41,0,4,52,16,0,57,51,51,67,73,124
0,0,7,42,0,3,56,13,0,59,49,49,62,72,121
1,0,7,46,1,2,51,13,0,54,53,54,66,67,121
1,0,7,49,1,2,51,12,0,54,56,57,68,66,123
1,0,8,47,0,3,48,14,0,52,55,55,69,66,121
0,0,9,45,0,5,54,11,0,59,54,54,65,70,124
1,0,8,42,1,4,53,16,0,58,50,51,66,74,125
2,0,9,40,0,3,59,9,0,64,49,49,58,73,122
1,0,9,43,0,2,50,16,0,53,52,52,68,69,121
1,0,9,45,1,4,50,13,0,55,54,55,67,68,123
1,0,7,45,1,3,54,12,0,58,52,53,64,70,123
0,0,8,44,1,3,52,13,0,55,52,53,65,68,121
1,0,8,47,0,0,48,17,0,49,55,55,72,66,121
1,0,8,41,0,3,55,14,0,59,49,49,63,73,122
1,0,7,44,0,5,50,17,0,56,51,51,68,73,124
1,0,0,49,0,4,56,13,0,61,49,49,62,74,123
1,0,9,42,0,2,54,13,0,57,51,51,64,70,121
1,0,10,41,0,4,51,16,0,56,51,51,67,72,123
1,0,7,42,1,2,56,13,0,59,49,50,62,72,122
1,0,8,42,0,2,58,10,0,61,50,50,60,71,121
0,0,8,43,0,3,54,12,0,57,51,51,63,69,120
1,0,9,43,0,3,53,11,0,57,52,52,63,68,120
1,0,8,44,1,4,51,16,0,56,52,53,68,72,125
1,0,8,43,1,1,50,18,0,52,51,52,69,70,122
1,0,7,44,1,2,55,13,0,58,51,52,64,71,123
1,0,0,46,1,3,56,17,0,60,46,47,63,77,124
2,0,7,43,1,3,51,15,0,56,50,51,65,71,122
0,0,8,43,1,2,49,18,0,51,51,52,69,69,121
2,0,11,38,1,2,54,13,0,58,49,50,62,71,121
1,0,0,47,1,2,59,13,0,62,47,48,60,75,123
1,0,7,43,1,4,52,15,0,57,50,51,65,72,123
1,0,9,38,0,4,58,13,0,63,47,47,60,76,123
1,0,10,37,0,4,61,10,0,66,47,47,57,76,123
1,0,10,42,1,1,52,15,0,54,52,53,67,69,122
1,0,7,49,1,3,45,16,0,49,56,57,72,65,122
1,0,9,43,0,3,51,15,0,55,52,52,67,70,122
1,0,8,41,0,3,57,11,0,61,49,49,60,72,121
1,0,9,38,1,2,59,12,0,62,47,48,59,74,122
1,0,0,45,1,3,58,16,0,62,45,46,61,78,124
0,0,6,45,1,2,55,13,0,57,51,52,64,70,122
0,0,7,43,0,4,54,15,0,58,50,50,65,73,123
0,0,8,45,1,0,53,13,0,53,53,54,66,66,120
0,0,8,43,0,2,55,12,0,57,51,51,63,69,120
1,0,9,42,1,3,54,14,0,58,51,52,65,72,124
1,0,8,40,0,4,59,11,0,64,48,48,59,75,123
1,0,9,43,0,3,53,13,0,57,52,52,65,70,122
1,0,7,44,0,3,51,14,0,55,51,51,65,69,120
1,0,11,38,0,4,51,18,0,56,49,49,67,74,123
1,0,0,43,0,4,59,14,0,64,43,43,57,78,121
0,0,9,44,1,5,50,12,0,55,53,54,65,67,121
1,0,8,45,0,2,56,10,0,59,53,53,63,69,122
0,0,12,37,1,2,52,18,0,54,49,50,67,72,122
1,0,10,38,0,4,50,20,0,55,48,48,68,75,123
1,0,0,50,1,4,56,12,0,61,50,51,62,73,124
1,0,0,46,1,2,57,14,0,60,46,47,60,74,121
1,0,6,48,1,2,51,13,0,54,54,55,67,67,122
1,0,9,43,0,3,51,14,0,55,52,52,66,69,121
1,0,9,42,0,3,55,12,0,59,51,51,63,71,122
0,0,8,43,1,2,52,15,0,54,51,52,66,69,121
0,0,9,40,0,3,51,17,0,54,49,49,66,71,120
1,0,9,42,1,5,52,11,0,58,51,52,62,69,121
2,0,7,41,1,3,57,12,0,62,48,49,60,74,123
1,0,6,44,1,3,55,13,0,59,50,51,63,72,123
1,0,8,43,1,1,58,10,0,60,51,52,61,70,122
1,0,9,41,0,3,54,13,0,58,50,50,63,71,121
1,0,10,40,1,3,50,17,0,54,50,51,67,71,122
1,0,8,47,1,3,52,12,0,56,55,56,67,68,124
1,0,8,40,1,3,55,13,0,59,48,49,61,72,121
0,0,15,40,1,4,54,10,0,58,55,56,65,68,124
0,0,7,45,0,3,53,12,0,56,52,52,64,68,120
1,0,7,46,1,3,49,15,0,53,53,54,68,68,122
0,0,8,43,1,3,52,15,0,55,51,52,66,70,122
1,0,10,42,1,3,48,15,0,52,52,53,67,67,120
1,0,6,41,0,4,54,17,0,59,47,47,64,76,123
1,0,6,48,1,0,53,13,0,54,54,55,67,67,122
1,0,8,45,1,3,51,14,0,55,53,54,67,69,123
1,0,10,39,1,4,54,13,0,59,49,50,62,72,122
0,0,8,45,1,3,49,16,0,52,53,54,69,68,122
1,0,9,40,1,3,57,13,0,61,49,50,62,74,124
2,0,10,39,1,3,57,11,0,62,49,50,60,73,123
1,0,7,42,0,4,52,16,0,57,49,49,65,73,122
1,0,6,46,0,0,54,14,0,55,52,52,66,69,121
1,0,9,42,1,3,49,16,0,53,51,52,67,69,121
0,0,7,44,1,2,56,12,0,58,51,52,63,70,122
1,0,9,44,0,3,48,17,0,52,53,53,70,69,122
1,0,7,42,1,3,56,12,0,60,49,50,61,72,122
4,0,10,39,0,2,53,13,0,59,49,49,62,72,121
2,0,8,38,1,2,56,15,0,60,46,47,61,75,122
2,0,11,35,0,2,51,19,0,55,46,46,65,74,120
1,0,11,42,1,3,51,14,0,55,53,54,67,69,123
0,0,9,45,0,3,51,14,0,54,54,54,68,68,122
1,0,8,45,0,3,48,17,0,52,53,53,70,69,122
1,0,8,46,0,2,51,14,0,54,54,54,68,68,122
1,0,8,44,1,3,53,12,0,57,52,53,64,69,122
1,0,9,45,1,5,51,14,0,57,54,55,68,71,126
1,0,8,41,0,3,52,17,0,56,49,49,66,73,122
1,0,8,40,1,4,56,11,0,61,48,49,59,72,121
1,0,0,46,1,1,58,14,0,60,46,47,60,74,121
1,0,9,44,0,3,51,13,0,55,53,53,66,68,121
0,0,8,43,1,5,49,18,0,54,51,52,69,72,124
1,0,8,46,0,4,53,10,0,58,54,54,64,68,122
1,0,7,44,0,3,54,13,0,58,51,51,64,71,122
0,0,12,37,1,4,56,14,0,60,49,50,63,74,124
1,0,6,42,1,2,58,12,0,61,48,49,60,73,122
1,0,8,46,0,3,45,17,0,49,54,54,71,66,120
1,0,8,44,1,4,52,14,0,57,52,53,66,71,124
2,0,9,39,0,1,56,13,0,59,48,48,61,72,120
0,0,8,43,1,5,55,12,0,60,51,52,63,72,124
1,0,8,44,0,2,55,11,0,58,52,52,63,69,121
1,0,9,41,0,3,53,15,0,57,50,50,65,72,122
0,0,8,50,0,2,50,10,0,52,58,58,68,62,120
1,0,0,49,0,2,59,11,0,62,49,49,60,73,122
0,0,8,42,0,4,51,15,0,55,50,50,65,70,120
1,0,7,42,1,4,52,16,0,57,49,50,65,73,123
0,0,7,41,0,2,59,12,0,61,48,48,60,73,121
1,0,10,43,0,6,46,14,0,53,53,53,67,67,120
2,0,9,41,1,4,54,12,0,60,50,51,62,72,123
1,0,7,42,0,2,54,15,0,57,49,49,64,72,121
0,0,0,43,0,4,59,15,0,63,43,43,58,78,121
3,0,10,39,0,4,55,11,0,62,49,49,60,73,122
1,0,9,43,1,3,53,11,0,57,52,53,63,68,121
1,0,8,44,0,3,54,12,0,58,52,52,64,70,122
2,0,8,42,0,5,52,14,0,59,50,50,64,73,123
1,0,12,39,1,3,51,14,0,55,51,52,65,69,121
1,0,8,43,1,4,52,15,0,57,51,52,66,72,124
0,0,10,37,1,4,52,18,0,56,47,48,65,74,122
1,0,10,38,1,3,57,12,0,61,48,49,60,73,122
1,0,12,36,1,3,57,11,0,61,48,49,59,72,121
1,0,11,40,1,3,46,20,0,50,51,52,71,70,122
1,0,11,40,0,2,52,16,0,55,51,51,67,71,122
1,0,7,50,1,4,47,14,0,52,57,58,71,66,124
1,0,7,42,1,3,55,14,0,59,49,50,63,73,123
1,0,7,46,1,5,49,14,0,55,53,54,67,69,123
0,0,8,41,1,4,60,8,0,64,49,50,57,72,122
1,0,6,44,0,1,54,15,0,56,50,50,65,71,121
2,0,0,43,1,3,57,14,0,62,43,44,57,76,120
1,0,7,44,1,4,53,13,0,58,51,52,64,71,123
1,0,12,39,1,2,53,13,0,56,51,52,64,69,121
1,0,9,39,1,3,53,16,0,57,48,49,64,73,122
1,0,7,48,0,1,50,14,0,52,55,55,69,66,121
1,0,8,47,0,5,47,15,0,53,55,55,70,68,123
1,0,8,43,1,2,57,11,0,60,51,52,62,71,123
1,0,0,43,0,4,59,14,0,64,43,43,57,78,121
1,0,7,45,1,5,48,15,0,54,52,53,67,69,122
1,0,8,43,0,3,57,10,0,61,51,51,61,71,122
1,0,10,38,1,3,50,18,0,54,48,49,66,72,121
1,0,7,44,0,5,51,17,0,57,51,51,68,74,125
1,0,12,40,1,2,49,17,0,52,52,53,69,69,122
1,0,8,40,1,3,59,10,0,63,48,49,58,73,122
1,0,12,33,0,2,56,16,0,59,45,45,61,75,120
1,0,11,42,1,4,51,14,0,56,53,54,67,70,124
1,0,7,45,1,2,50,16,0,53,52,53,68,69,122
1,0,8,43,0,4,51,16,0,56,51,51,67,72,123
1,0,7,45,1,4,48,17,0,53,52,53,69,70,123
0,0,7,46,0,5,53,13,0,58,53,53,66,71,124
1,0,9,41,1,2,57,12,0,60,50,51,62,72,123
1,0,9,41,0,2,54,13,0,57,50,50,63,70,120
0,0,8,42,1,4,55,13,0,59,50,51,63,72,123
1,0,7,42,1,2,54,15,0,57,49,50,64,72,122
1,0,8,39,0,3,59,12,0,63,47,47,59,75,122
0,0,8,44,1,3,52,15,0,55,52,53,67,70,123
1,0,0,52,0,2,54,12,0,57,52,52,64,69,121
1,0,7,43,0,3,54,14,0,58,50,50,64,72,122
1,0,8,43,1,2,53,15,0,56,51,52,66,71,123
1,0,9,42,1,6,50,15,0,57,51,52,66,72,124
1,0,9,40,0,5,51,14,0,57,49,49,63,71,120
6,0,8,38,0,1,53,14,0,60,46,46,60,74,120
1,0,6,47,1,2,50,14,0,53,53,54,67,67,121
1,0,10,37,1,3,53,17,0,57,47,48,64,74,122
1,0,9,38,3,2,53,15,0,56,47,50,62,71,121
0,0,7,45,1,4,53,13,0,57,52,53,65,70,123
0,0,7,39,1,4,53,19,0,57,46,47,65,76,123
0,0,9,40,0,3,59,10,0,62,49,49,59,72,121
1,0,8,45,1,3,49,15,0,53,53,54,68,68,122
2,0,11,39,1,3,54,12,0,59,50,51,62,71,122
0,0,8,44,0,3,51,14,0,54,52,52,66,68,120
1,0,8,42,0,3,53,14,0,57,50,50,64,71,121
1,0,7,46,1,1,49,16,0,51,53,54,69,67,121
2,0,7,43,1,3,54,11,0,59,50,51,61,70,121
0,0,6,47,1,3,54,11,0,57,53,54,64,68,122
0,0,9,44,1,2,52,13,0,54,53,54,66,67,121
1,0,9,38,0,3,56,15,0,60,47,47,62,75,122
0,0,0,55,0,4,51,11,0,55,55,55,66,66,121
2,0,8,40,0,4,55,14,0,61,48,48,62,75,123
0,0,11,44,1,4,49,14,0,53,55,56,69,67,123
0,0,8,41,1,3,54,14,0,57,49,50,63,71,121
1,0,7,46,0,2,52,13,0,55,53,53,66,68,121
1,0,8,41,1,5,53,13,0,59,49,50,62,72,122
0,0,8,42,1,4,58,10,0,62,50,51,60,72,123
1,0,9,40,0,1,55,14,0,57,49,49,63,71,120
1,0,6,46,0,4,56,11,0,61,52,52,63,72,124
0,0,8,42,1,3,54,15,0,57,50,51,65,72,123
0,0,9,42,1,2,52,15,0,54,51,52,66,69,121
1,0,8,42,0,4,51,14,0,56,50,50,64,70,120
1,0,7,47,1,4,51,12,0,56,54,55,66,68,123
2,0,9,41,1,3,53,14,0,58,50,51,64,72,123
1,0,10,41,0,2,51,15,0,54,51,51,66,69,120
1,0,6,42,1,3,55,14,0,59,48,49,62,73,122
0,0,11,41,0,6,52,14,0,58,52,52,66,72,124
1,0,8,38,0,2,58,13,0,61,46,46,59,74,120
1,0,6,43,1,2,56,14,0,59,49,50,63,73,123
1,0,0,45,0,4,60,12,0,65,45,45,57,77,122
0,0,8,42,0,1,58,11,0,59,50,50,61,70,120
1,0,8,47,0,3,48,16,0,52,55,55,71,68,123
4,0,9,38,0,3,53,13,0,60,47,47,60,73,120
1,0,7,45,0,3,51,16,0,55,52,52,68,71,123
1,0,7,43,0,4,52,14,0,57,50,50,64,71,121
1,0,9,40,1,2,51,18,0,54,49,50,67,72,122
1,0,9,40,1,3,58,10,0,62,49,50,59,72,122
1,0,8,43,0,4,56,11,0,61,51,51,62,72,123
1,0,7,46,1,4,51,14,0,56,53,54,67,70,124
1,0,6,46,1,5,51,15,0,57,52,53,67,72,125
1,0,0,50,1,4,57,9,0,62,50,51,59,71,122
2,0,8,36,0,3,57,15,0,62,44,44,59,77,121
0,0,10,39,1,5,54,13,0,59,49,50,62,72,122
1,0,9,41,0,4,51,17,0,56,50,50,67,73,123
1,0,8,42,0,5,55,14,0,61,50,50,64,75,125
9,0,9,38,1,4,51,12,0,64,47,48,59,76,124
1,0,8,39,0,5,56,14,0,62,47,47,61,76,123
1,0,9,42,0,0,57,12,0,58,51,51,63,70,121
0,0,8,39,1,3,56,16,0,59,47,48,63,75,123
1,0,10,40,0,2,54,13,0,57,50,50,63,70,120
0,0,0,52,0,3,50,15,0,53,52,52,67,68,120
1,0,8,43,1,6,52,14,0,59,51,52,65,73,125
1,0,9,46,0,4,50,13,0,55,55,55,68,68,123
1,0,8,45,1,4,51,13,0,56,53,54,66,69,123
1,0,9,38,1,3,55,16,0,59,47,48,63,75,123
1,0,8,41,1,4,53,13,0,58,49,50,62,71,121
1,0,0,48,1,2,57,12,0,60,48,49,60,72,121
1,0,7,50,0,4,47,14,0,52,57,57,71,66,123
1,0,7,44,0,5,54,14,0,60,51,51,65,74,125
1,0,9,38,0,3,57,12,0,61,47,47,59,73,120
1,0,8,45,0,4,52,13,0,57,53,53,66,70,123
0,0,8,42,1,3,49,18,0,52,50,51,68,70,121
1,0,6,50,1,2,50,12,0,53,56,57,68,65,122
1,0,8,39,0,2,56,14,0,59,47,47,61,73,120
1,0,7,41,1,4,54,14,0,59,48,49,62,73,122
0,0,8,45,1,3,54,11,0,57,53,54,64,68,122
1,0,8,44,0,2,51,15,0,54,52,52,67,69,121
1,0,0,44,0,3,58,16,0,62,44,44,60,78,122
0,0,8,45,1,6,51,15,0,57,53,54,68,72,126
1,0,0,52,0,2,52,13,0,55,52,52,65,68,120
1,0,11,41,1,2,52,13,0,55,52,53,65,68,121
1,0,0,48,1,4,54,14,0,59,48,49,62,73,122
0,0,7,48,1,4,48,16,0,52,55,56,71,68,124
2,0,11,39,1,4,54,12,0,60,50,51,62,72,123
1,0,6,48,1,3,50,14,0,54,54,55,68,68,123
1,0,7,42,1,2,54,14,0,57,49,50,63,71,121
2,0,9,44,0,3,52,12,0,57,53,53,65,69,122
2,0,9,45,0,3,52,10,0,57,54,54,64,67,121
1,0,6,49,0,4,50,12,0,55,55,55,67,67,122
0,0,9,39,1,5,55,12,0,60,48,49,60,72,121
3,0,7,40,1,4,52,15,0,59,47,48,62,74,122
1,0,6,47,0,3,53,13,0,57,53,53,66,70,123
1,0,8,39,0,5,58,11,0,64,47,47,58,75,122
1,0,7,42,0,3,51,16,0,55,49,49,65,71,120
0,0,7,45,0,5,52,15,0,57,52,52,67,72,124
1,0,0,43,1,4,57,17,0,62,43,44,60,79,123
1,0,11,37,0,3,56,12,0,60,48,48,60,72,120
3,0,8,40,0,4,53,15,0,60,48,48,63,75,123
3,0,6,44,0,2,52,13,0,57,50,50,63,70,120
1,0,9,42,1,5,52,16,0,58,51,52,67,74,126
1,0,9,48,0,4,46,12,0,51,57,57,69,63,120
1,0,0,47,0,4,55,15,0,60,47,47,62,75,122
1,0,9,40,0,4,57,12,0,62,49,49,61,74,123
1,0,8,46,1,3,54,9,0,58,54,55,63,67,122
1,0,11,42,0,3,55,8,0,59,53,53,61,67,120
1,0,7,41,1,3,57,12,0,61,48,49,60,73,122
2,0,12,36,0,2,56,13,0,60,48,48,61,73,121
0,0,8,39,0,3,58,14,0,61,47,47,61,75,122
1,0,7,43,1,4,57,11,0,62,50,51,61,73,124
1,0,0,43,1,4,59,17,0,64,43,44,60,81,125
1,0,8,46,1,3,48,14,0,52,54,55,68,66,121
1,0,9,43,1,3,53,13,0,57,52,53,65,70,123
1,0,6,41,0,4,57,13,0,62,47,47,60,75,122
1,0,6,40,0,4,52,17,0,57,46,46,63,74,120
1,0,6,45,1,4,52,13,0,57,51,52,64,70,122
0,0,8,44,0,3,53,14,0,56,52,52,66,70,122
1,0,8,40,0,3,52,17,0,56,48,48,65,73,121
1,0,0,52,0,4,52,15,0,57,52,52,67,72,124
0,0,9,40,0,2,56,13,0,58,49,49,62,71,120
1,0,8,46,0,2,54,10,0,57,54,54,64,67,121
1,0,13,35,0,4,55,15,0,60,48,48,63,75,123
1,0,7,40,0,4,54,15,0,59,47,47,62,74,121
1,0,10,44,1,2,51,13,0,54,54,55,67,67,122
1,0,8,42,0,4,55,13,0,60,50,50,63,73,123
1,0,9,43,0,6,52,13,0,59,52,52,65,72,124
1,0,8,49,1,2,49,13,0,52,57,58,70,65,123
1,0,11,37,1,0,54,17,0,55,48,49,65,72,121
1,0,0,55,0,4,51,11,0,56,55,55,66,67,122
2,0,8,42,1,4,49,16,0,55,50,51,66,71,122
1,0,7,46,0,3,56,8,0,60,53,53,61,68,121
1,0,9,43,1,4,51,16,0,56,52,53,68,72,125
1,0,7,47,0,6,50,15,0,57,54,54,69,72,126
1,0,10,41,1,4,57,10,0,62,51,52,61,72,124
1,0,11,41,1,4,46,18,0,51,52,53,70,69,122
2,0,6,42,0,3,58,11,0,63,48,48,59,74,122
1,0,9,42,0,4,54,12,0,59,51,51,63,71,122
1,0,6,46,0,3,50,16,0,54,52,52,68,70,122
1,0,7,49,0,4,49,11,0,54,56,56,67,65,121
1,0,8,47,1,1,51,13,0,53,55,56,68,66,122
1,0,6,49,1,3,48,14,0,52,55,56,69,66,122
0,0,8,46,0,4,51,13,0,55,54,54,67,68,122
1,0,8,44,0,2,53,12,0,56,52,52,64,68,120
1,0,8,42,1,2,56,13,0,59,50,51,63,72,123
1,0,7,43,0,5,54,14,0,60,50,50,64,74,124
2,0,9,41,0,5,55,12,0,62,50,50,62,74,124
1,0,8,46,1,2,51,12,0,54,54,55,66,66,121
1,0,10,40,1,3,56,12,0,60,50,51,62,72,123
0,0,6,43,0,6,54,12,0,60,49,49,61,72,121
0,0,8,41,0,3,56,14,0,59,49,49,63,73,122
3,0,11,43,2,5,44,15,0,52,54,56,69,67,123
1,0,0,43,1,3,62,14,0,66,43,44,57,80,124
4,0,8,39,0,2,57,10,0,63,47,47,57,73,120
1,0,10,41,0,5,49,14,0,55,51,51,65,69,120
1,0,0,49,0,6,50,14,0,57,49,49,63,71,120
1,0,9,43,1,3,54,13,0,58,52,53,65,71,124
6,0,8,39,0,4,54,11,0,64,47,47,58,75,122
1,0,10,42,1,2,51,15,0,54,52,53,67,69,122
0,0,0,54,1,2,52,12,0,54,54,55,66,66,121
0,0,8,47,0,2,49,14,0,51,55,55,69,65,120
1,0,7,46,0,4,52,13,0,57,53,53,66,70,123
2,0,12,37,0,3,49,18,0,54,49,49,67,72,121
0,0,6,44,1,3,55,12,0,58,50,51,62,70,121
1,0,11,39,0,3,55,13,0,59,50,50,63,72,122
1,0,10,45,0,3,50,13,0,54,55,55,68,67,122
1,0,8,43,1,2,56,11,0,59,51,52,62,70,122
1,0,7,44,1,2,56,11,0,59,51,52,62,70,122
1,0,6,45,1,2,54,12,0,57,51,52,63,69,121
1,0,10,39,1,2,53,15,0,56,49,50,64,71,121
1,0,9,41,1,3,52,15,0,56,50,51,65,71,122
1,0,11,45,0,0,49,15,0,50,56,56,71,65,121
2,0,0,44,1,3,59,14,0,64,44,45,58,78,123
1,0,0,45,0,4,60,13,0,65,45,45,58,78,123
1,0,7,45,0,4,52,14,0,57,52,52,66,71,123
2,0,8,41,1,2,53,15,0,57,49,50,64,72,122
0,0,6,43,1,4,55,14,0,59,49,50,63,73,123
2,0,7,44,1,1,52,14,0,55,51,52,65,69,121
2,0,7,41,1,2,61,8,0,65,48,49,56,73,122
0,0,9,44,1,2,55,11,0,57,53,54,64,68,122
1,0,9,41,1,3,52,16,0,56,50,51,66,72,123
1,0,7,43,0,4,56,11,0,61,50,50,61,72,122
0,0,10,35,1,3,58,14,0,61,45,46,59,75,121
1,0,8,44,1,2,52,14,0,55,52,53,66,69,122
1,0,9,44,1,4,53,11,0,58,53,54,64,69,123
1,0,12,40,0,4,52,14,0,57,52,52,66,71,123
1,0,7,49,0,3,54,10,0,58,56,56,66,68,124
1,0,0,48,0,4,58,12,0,63,48,48,60,75,123
1,0,7,39,0,2,59,13,0,62,46,46,59,75,121
1,0,10,39,1,2,58,10,0,61,49,50,59,71,121
0,0,8,47,0,5,48,13,0,53,55,55,68,66,121
1,0,7,42,1,2,53,15,0,56,49,50,64,71,121
1,0,0,49,1,4,50,16,0,55,49,50,65,71,121
1,0,9,43,1,4,54,9,0,59,52,53,61,68,121
0,0,0,48,1,4,53,17,0,57,48,49,65,74,123
1,0,6,46,1,3,55,12,0,59,52,53,64,71,124
4,0,11,37,0,1,57,10,0,62,48,48,58,72,120
1,0,7,44,1,2,57,9,0,60,51,52,60,69,121
2,0,7,47,1,4,51,11,0,57,54,55,65,68,123
1,0,7,46,1,3,50,15,0,54,53,54,68,69,123
1,0,11,42,0,2,50,15,0,53,53,53,68,68,121
1,0,9,41,1,0,53,16,0,54,50,51,66,70,121
1,0,7,45,0,3,52,13,0,56,52,52,65,69,121
1,0,6,49,0,3,49,14,0,53,55,55,69,67,122
1,0,8,45,0,3,53,12,0,57,53,53,65,69,122
0,0,6,48,1,3,51,14,0,54,54,55,68,68,123
1,0,7,46,0,3,53,12,0,57,53,53,65,69,122
1,0,0,47,0,2,58,12,0,61,47,47,59,73,120
1,0,9,42,0,3,51,17,0,55,51,51,68,72,123
0,0,8,44,0,4,53,13,0,57,52,52,65,70,122
1,0,8,43,0,6,54,14,0,61,51,51,65,75,126
0,0,10,42,1,3,52,15,0,55,52,53,67,70,123
1,0,6,48,1,2,50,13,0,53,54,55,67,66,121
2,0,7,44,0,3,54,12,0,59,51,51,63,71,122
1,0,7,46,1,3,54,10,0,58,53,54,63,68,122
0,0,7,39,1,5,60,12,0,65,46,47,58,77,124
1,0,9,42,0,3,51,15,0,55,51,51,66,70,121
1,0,10,44,1,2,54,10,0,57,54,55,64,67,122
1,0,10,43,0,2,53,13,0,56,53,53,66,69,122
1,0,11,43,1,5,50,13,0,56,54,55,67,69,124
1,0,6,46,0,3,55,11,0,59,52,52,63,70,122
1,0,9,44,0,2,51,13,0,54,53,53,66,67,120
0,0,8,42,1,1,53,16,0,54,50,51,66,70,121
1,0,8,45,0,2,52,13,0,55,53,53,66,68,121
1,0,6,41,0,4,61,11,0,66,47,47,58,77,124
1,0,7,48,0,4,49,14,0,54,55,55,69,68,123
1,0,7,48,1,3,52,11,0,56,55,56,66,67,123
1,0,0,48,1,0,55,17,0,56,48,49,65,73,122
1,0,9,42,0,3,54,14,0,58,51,51,65,72,123
5,0,6,41,1,4,55,11,0,64,47,48,58,75,123
0,0,10,41,1,3,53,15,0,56,51,52,66,71,123
0,0,10,40,0,0,56,14,0,56,50,50,64,70,120
1,0,7,42,0,3,56,11,0,60,49,49,60,71,120
1,0,8,42,1,2,57,10,0,60,50,51,60,70,121
1,0,6,48,0,3,54,10,0,58,54,54,64,68,122
1,0,8,40,0,4,55,14,0,60,48,48,62,74,122
1,0,7,44,1,2,52,14,0,55,51,52,65,69,121
1,0,9,38,1,3,53,16,0,57,47,48,63,73,121
1,0,0,50,1,2,56,10,0,59,50,51,60,69,120
1,0,8,38,0,5,57,15,0,63,46,46,61,78,124
1,0,8,39,0,4,52,17,0,57,47,47,64,74,121
1,0,9,43,0,5,54,12,0,60,52,52,64,72,124
2,0,7,44,0,3,55,11,0,60,51,51,62,71,122
0,0,7,47,0,5,48,16,0,53,54,54,70,69,123
1,0,9,40,1,3,55,14,0,59,49,50,63,73,123
1,0,6,47,0,2,52,13,0,55,53,53,66,68,121
1,0,8,44,0,3,54,13,0,58,52,52,65,71,123
1,0,7,45,1,4,53,14,0,58,52,53,66,72,125
1,0,11,37,0,3,55,13,0,59,48,48,61,72,120
0,0,10,40,1,3,56,12,0,59,50,51,62,71,122
2,0,12,36,1,4,57,11,0,63,48,49,59,74,123
1,0,8,41,1,4,54,12,0,59,49,50,61,71,121
1,0,9,42,1,5,52,15,0,58,51,52,66,73,125
1,0,8,41,1,3,57,12,0,61,49,50,61,73,123
1,0,9,41,1,3,51,18,0,55,50,51,68,73,124
0,0,8,45,0,2,53,12,0,55,53,53,65,67,120
2,0,11,43,1,3,47,14,0,52,54,55,68,66,121
1,0,7,44,1,2,55,13,0,58,51,52,64,71,123
1,0,8,42,1,3,54,13,0,58,50,51,63,71,122
1,0,8,42,1,1,53,16,0,55,50,51,66,71,122
1,0,9,43,0,4,52,15,0,57,52,52,67,72,124
1,0,7,46,1,4,51,13,0,56,53,54,66,69,123
2,0,11,35,1,2,57,14,0,61,46,47,60,75,122
1,0,7,44,0,2,55,11,0,58,51,51,62,69,120
1,0,10,42,1,3,50,16,0,54,52,53,68,70,123
1,0,9,43,1,3,54,11,0,58,52,53,63,69,122
1,0,8,44,1,2,47,20,0,50,52,53,72,70,123
1,0,8,43,1,2,51,15,0,54,51,52,66,69,121
1,0,7,47,1,2,51,13,0,54,54,55,67,67,122
1,0,7,44,1,1,53,15,0,55,51,52,66,70,122
0,0,6,42,0,5,53,16,0,58,48,48,64,74,122
1,0,10,43,1,3,47,18,0,51,53,54,71,69,123
0,0,11,36,0,3,58,13,0,61,47,47,60,74,121
1,0,7,42,0,2,56,12,0,59,49,49,61,71,120
0,0,10,39,1,3,53,15,0,56,49,50,64,71,121
4,0,12,38,0,4,53,11,0,61,50,50,61,72,122
1,0,8,43,1,3,53,15,0,57,51,52,66,72,124
1,0,7,43,1,3,53,15,0,57,50,51,65,72,123
1,0,10,41,1,2,52,14,0,55,51,52,65,69,121
1,0,7,45,0,2,52,13,0,55,52,52,65,68,120
1,0,0,53,1,4,53,12,0,58,53,54,65,70,124
3,0,0,46,1,5,59,10,0,67,46,47,56,77,124
1,0,10,41,2,2,50,15,0,53,51,53,66,68,121
1,0,7,41,0,3,55,15,0,59,48,48,63,74,122
1,0,10,44,0,3,51,14,0,55,54,54,68,69,123
1,0,7,47,1,4,53,11,0,58,54,55,65,69,124
1,0,0,44,0,2,55,19,0,58,44,44,63,77,121
0,0,8,45,1,4,53,10,0,57,53,54,63,67,121
1,0,0,51,0,4,53,11,0,58,51,51,62,69,120
1,0,0,48,0,3,57,13,0,61,48,48,61,74,122
1,0,7,47,0,2,53,11,0,56,54,54,65,67,121
1,0,8,39,0,5,56,15,0,62,47,47,62,77,124
2,0,9,39,1,3,52,15,0,57,48,49,63,72,121
1,0,11,43,1,3,52,12,0,56,54,55,66,68,123
0,0,6,45,0,2,54,13,0,56,51,51,64,69,120
1,0,8,39,1,5,56,16,0,62,47,48,63,78,126
1,0,8,43,1,3,53,14,0,57,51,52,65,71,123
1,0,8,41,1,2,56,13,0,59,49,50,62,72,122
1,0,8,43,0,3,53,14,0,57,51,51,65,71,122
1,0,7,47,0,3,50,14,0,54,54,54,68,68,122
1,0,9,39,1,3,52,18,0,56,48,49,66,74,123
1,0,9,39,1,5,57,12,0,63,48,49,60,75,124
1,0,7,46,1,0,52,14,0,53,53,54,67,67,121
0,0,10,44,1,3,51,13,0,54,54,55,67,67,122
0,0,0,50,1,2,52,16,0,54,50,51,66,70,121
1,0,9,43,0,2,50,15,0,53,52,52,67,68,120
2,0,11,36,0,3,59,10,0,64,47,47,57,74,121
1,0,0,49,1,4,53,14,0,58,49,50,63,72,122
1,0,0,48,1,4,59,11,0,64,48,49,59,75,124
1,0,8,44,0,0,53,15,0,54,52,52,67,69,121
4,0,10,36,1,3,55,12,0,62,46,47,58,74,121
1,0,8,43,0,4,49,17,0,54,51,51,68,71,122
1,0,8,41,1,2,50,20,0,53,49,50,69,73,123
0,0,8,43,0,3,53,16,0,56,51,51,67,72,123
1,0,10,40,1,2,55,13,0,58,50,51,63,71,122
0,0,8,41,0,3,56,12,0,59,49,49,61,71,120
1,0,8,44,1,2,52,13,0,55,52,53,65,68,121
0,0,10,44,0,2,54,10,0,56,54,54,64,66,120
0,0,7,40,1,3,61,10,0,64,47,48,57,74,122
1,0,0,52,1,3,50,15,0,54,52,53,67,69,122
1,0,11,41,1,2,54,12,0,57,52,53,64,69,122
0,0,7,47,0,3,52,13,0,55,54,54,67,68,122
1,0,7,46,1,2,49,17,0,52,53,54,70,69,123
1,0,8,43,1,3,55,13,0,59,51,52,64,72,124
1,0,7,45,0,4,53,12,0,58,52,52,64,70,122
2,0,10,38,0,4,51,18,0,57,48,48,66,75,123
2,0,8,41,1,5,54,13,0,61,49,50,62,74,124
1,0,10,41,0,4,56,12,0,61,51,51,63,73,124
2,0,8,41,0,2,50,18,0,54,49,49,67,72,121
0,0,10,39,0,4,54,16,0,58,49,49,65,74,123
0,0,7,38,1,3,61,12,0,64,45,46,57,76,122
1,0,7,45,1,5,44,18,0,50,52,53,70,68,121
1,0,8,47,0,2,51,11,0,54,55,55,66,65,120
1,0,9,41,0,2,58,10,0,61,50,50,60,71,121
1,0,6,46,0,4,53,11,0,58,52,52,63,69,121
1,0,7,46,0,5,50,13,0,56,53,53,66,69,122
1,0,10,42,0,6,54,12,0,61,52,52,64,73,125
1,0,8,48,0,4,45,17,0,50,56,56,73,67,123
3,0,7,38,1,4,56,14,0,63,45,46,59,77,123
1,0,9,41,0,2,56,12,0,59,50,50,62,71,121
1,0,9,44,0,2,53,13,0,56,53,53,66,69,122
1,0,8,44,1,5,53,13,0,59,52,53,65,72,125
3,0,7,41,0,3,56,11,0,62,48,48,59,73,121
1,0,9,46,1,3,50,11,0,54,55,56,66,65,121
1,0,8,41,0,3,52,16,0,56,49,49,65,72,121
1,0,7,40,0,3,55,15,0,59,47,47,62,74,121
0,0,10,36,0,4,54,19,0,58,46,46,65,77,123
0,0,7,42,0,3,56,13,0,59,49,49,62,72,121
0,0,0,48,1,2,57,14,0,59,48,49,62,73,122
1,0,7,49,0,4,49,11,0,54,56,56,67,65,121
1,0,8,41,0,3,56,11,0,60,49,49,60,71,120
1,0,10,40,0,4,54,14,0,59,50,50,64,73,123
1,0,8,43,1,2,50,16,0,53,51,52,67,69,121
1,0,11,39,0,2,53,15,0,56,50,50,65,71,121
1,0,6,44,0,4,55,11,0,60,50,50,61,71,121
2,0,8,44,1,3,50,14,0,55,52,53,66,69,122
0,0,8,46,0,3,54,11,0,57,54,54,65,68,122
1,0,12,41,0,4,54,11,0,59,53,53,64,70,123
0,0,0,43,1,3,59,16,0,62,43,44,59,78,122
0,0,7,44,1,3,52,15,0,55,51,52,66,70,122
0,0,9,43,1,5,52,14,0,57,52,53,66,71,124
1,0,0,47,1,3,57,14,0,61,47,48,61,75,123
1,0,8,49,0,2,48,13,0,51,57,57,70,64,121
1,0,6,41,0,3,56,14,0,60,47,47,61,74,121
1,0,7,41,1,4,53,17,0,58,48,49,65,75,124
1,0,10,38,1,2,57,12,0,60,48,49,60,72,121
1,0,8,39,0,4,58,13,0,63,47,47,60,76,123
1,0,0,50,0,2,54,14,0,57,50,50,64,71,121
0,0,0,47,0,3,56,16,0,59,47,47,63,75,122
0,0,8,50,0,2,49,11,0,51,58,58,69,62,120
1,0,11,41,1,4,52,13,0,57,52,53,65,70,123
0,0,8,44,0,5,56,10,0,61,52,52,62,71,123
1,0,8,46,0,4,51,13,0,56,54,54,67,69,123
1,0,0,52,1,2,54,12,0,57,52,53,64,69,122
1,0,9,43,0,2,53,13,0,56,52,52,65,69,121
1,0,10,41,0,3,54,12,0,58,51,51,63,70,121
1,0,12,40,0,3,53,14,0,57,52,52,66,71,123
1,0,0,54,0,3,51,12,0,55,54,54,66,67,121
1,0,9,39,0,2,56,14,0,59,48,48,62,73,121
0,0,8,43,0,4,55,12,0,59,51,51,63,71,122
1,0,7,44,1,2,56,11,0,59,51,52,62,70,122
1,0,8,39,1,4,55,14,0,60,47,48,61,74,122
1,0,9,43,0,3,52,14,0,56,52,52,66,70,122
1,0,9,44,1,2,52,13,0,55,53,54,66,68,122
0,0,8,42,1,4,51,18,0,55,50,51,68,73,124
1,0,7,48,1,4,49,15,0,54,55,56,70,69,125
1,0,6,47,1,4,53,11,0,58,53,54,64,69,123
2,0,8,41,1,2,56,12,0,60,49,50,61,72,122
1,0,9,44,1,3,52,12,0,56,53,54,65,68,122
1,0,10,46,0,4,49,14,0,54,56,56,70,68,124
3,0,9,41,0,3,51,15,0,57,50,50,65,72,122
0,0,7,46,0,3,54,10,0,57,53,53,63,67,120
1,0,8,43,0,3,52,15,0,56,51,51,66,71,122
3,0,9,40,1,2,56,10,0,61,49,50,59,71,121
0,0,7,46,0,6,51,13,0,57,53,53,66,70,123
1,0,10,40,1,3,50,19,0,54,50,51,69,73,124
1,0,7,42,0,1,59,11,0,61,49,49,60,72,121
1,0,0,45,0,2,59,14,0,62,45,45,59,76,121
1,0,10,39,1,3,53,14,0,57,49,50,63,71,121
1,0,7,39,1,3,55,16,0,59,46,47,62,75,122
1,0,7,39,1,3,55,16,0,59,46,47,62,75,122
1,0,11,43,1,2,50,14,0,53,54,55,68,67,122
1,0,0,48,0,4,58,12,0,63,48,48,60,75,123
1,0,8,43,1,3,54,13,0,58,51,52,64,71,123
1,0,10,39,1,2,50,20,0,53,49,50,69,73,123
1,0,13,37,1,4,52,16,0,57,50,51,66,73,124
1,0,6,42,1,3,55,14,0,59,48,49,62,73,122
0,0,9,43,1,4,52,14,0,56,52,53,66,70,123
1,0,7,45,1,2,54,11,0,57,52,53,63,68,121
0,0,7,45,0,2,56,11,0,58,52,52,63,69,121
1,0,7,39,1,3,55,15,0,59,46,47,61,74,121
1,0,6,47,1,5,53,11,0,59,53,54,64,70,124
1,0,7,44,1,4,58,9,0,63,51,52,60,72,124
1,0,8,41,0,3,57,12,0,61,49,49,61,73,122
1,0,7,48,0,4,51,11,0,56,55,55,66,67,122
0,0,10,38,0,1,56,15,0,57,48,48,63,72,120
1,0,10,40,0,2,52,16,0,55,50,50,66,71,121
1,0,7,39,1,5,56,17,0,62,46,47,63,79,126
0,0,12,40,1,3,49,16,0,52,52,53,68,68,121
0,0,8,43,0,3,54,14,0,57,51,51,65,71,122
1,0,7,45,1,5,50,15,0,56,52,53,67,71,124
1,0,8,43,0,2,52,15,0,55,51,51,66,70,121
1,0,0,46,1,6,57,15,0,64,46,47,61,79,126
0,0,9,42,1,3,51,17,0,54,51,52,68,71,123
3,0,7,46,1,3,53,9,0,59,53,54,62,68,122
1,0,0,45,1,1,59,13,0,61,45,46,58,74,120
1,0,11,39,0,3,45,22,0,49,50,50,72,71,121
0,0,8,42,0,3,54,14,0,57,50,50,64,71,121
1,0,9,40,0,4,55,14,0,60,49,49,63,74,123
0,0,11,44,0,3,49,15,0,52,55,55,70,67,122
2,0,13,37,0,2,53,13,0,57,50,50,63,70,120
1,0,0,48,1,4,56,14,0,61,48,49,62,75,124
1,0,10,42,1,2,51,15,0,54,52,53,67,69,122
2,0,10,41,1,4,50,16,0,56,51,52,67,72,124
1,0,7,43,1,2,55,12,0,58,50,51,62,70,121
1,0,7,48,0,3,52,11,0,56,55,55,66,67,122
1,0,10,39,0,3,53,15,0,57,49,49,64,72,121
2,0,9,39,1,4,56,13,0,62,48,49,61,75,124
3,0,7,45,1,4,49,15,0,56,52,53,67,71,124
1,0,9,39,1,3,57,12,0,61,48,49,60,73,122
1,0,7,48,1,2,50,13,0,53,55,56,68,66,122
2,0,10,38,0,4,52,14,0,58,48,48,62,72,120
1,0,8,42,0,2,53,16,0,56,50,50,66,72,122
1,0,9,42,0,2,51,17,0,54,51,51,68,71,122
0,0,10,41,0,2,55,12,0,57,51,51,63,69,120
1,0,6,46,0,2,51,15,0,54,52,52,67,69,121
1,0,0,48,1,3,58,11,0,62,48,49,59,73,122
1,0,0,46,0,5,62,10,0,68,46,46,56,78,124
1,0,8,47,1,3,50,14,0,54,55,56,69,68,124
1,0,9,41,1,2,52,14,0,55,50,51,64,69,120
1,0,7,45,0,4,54,13,0,59,52,52,65,72,124
1,0,6,43,0,1,55,14,0,57,49,49,63,71,120
1,0,0,47,1,3,57,13,0,61,47,48,60,74,122
1,0,6,43,1,3,52,15,0,56,49,50,64,71,121
1,0,8,41,0,4,55,15,0,60,49,49,64,75,124
1,0,7,39,1,3,59,12,0,63,46,47,58,75,122
1,0,0,47,0,4,56,15,0,61,47,47,62,76,123
1,0,10,35,1,3,54,20,0,58,45,46,65,78,124
1,0,8,43,0,2,54,12,0,57,51,51,63,69,120
0,0,6,42,0,6,57,14,0,63,48,48,62,77,125
2,0,12,41,1,3,51,11,0,56,53,54,64,67,121
3,0,8,40,0,4,53,15,0,60,48,48,63,75,123
1,0,8,39,1,3,57,14,0,61,47,48,61,75,123
1,0,6,44,1,1,54,14,0,56,50,51,64,70,121
0,0,8,40,0,4,55,16,0,59,48,48,64,75,123
1,0,9,44,1,4,53,13,0,58,53,54,66,71,125
1,0,10,40,0,2,52,16,0,55,50,50,66,71,121
0,0,0,46,1,1,56,17,0,57,46,47,63,74,121
1,0,8,45,1,3,49,15,0,53,53,54,68,68,122
1,0,7,47,1,0,50,15,0,51,54,55,69,66,121
1,0,8,44,0,4,54,12,0,59,52,52,64,71,123
0,0,10,39,1,3,53,16,0,56,49,50,65,72,122
1,0,9,46,1,3,47,15,0,51,55,56,70,66,122
1,0,8,42,0,5,53,13,0,59,50,50,63,72,122
1,0,7,42,1,3,55,14,0,59,49,50,63,73,123
1,0,7,46,1,2,51,15,0,54,53,54,68,69,123
1,0,6,42,1,3,57,14,0,61,48,49,62,75,124
0,0,7,47,1,3,48,15,0,51,54,55,69,66,121
1,0,0,47,0,3,58,12,0,62,47,47,59,74,121
1,0,7,43,0,1,54,15,0,56,50,50,65,71,121
0,0,6,45,1,3,53,15,0,56,51,52,66,71,123
1,0,7,45,1,3,53,12,0,57,52,53,64,69,122
1,0,0,47,1,5,56,14,0,62,47,48,61,76,124
1,0,11,47,0,2,47,14,0,50,58,58,72,64,122
1,0,9,41,0,3,55,13,0,59,50,50,63,72,122
1,0,6,44,1,4,55,14,0,60,50,51,64,74,125
0,0,8,41,1,4,56,12,0,60,49,50,61,72,122
1,0,9,45,0,4,50,13,0,55,54,54,67,68,122
1,0,10,43,1,4,52,13,0,57,53,54,66,70,124
1,0,6,48,1,2,53,11,0,56,54,55,65,67,122
3,0,7,40,0,2,55,13,0,60,47,47,60,73,120
1,0,8,43,1,2,52,15,0,55,51,52,66,70,122
1,0,7,46,0,4,55,10,0,60,53,53,63,70,123
1,0,9,39,1,5,59,11,0,65,48,49,59,76,125
1,0,8,46,1,3,49,14,0,53,54,55,68,67,122
1,0,7,39,1,3,52,20,0,56,46,47,66,76,123
1,0,12,39,0,2,50,17,0,53,51,51,68,70,121
1,0,7,47,1,2,52,11,0,55,54,55,65,66,121
1,0,9,39,1,3,53,16,0,57,48,49,64,73,122
2,0,8,46,0,4,54,9,0,60,54,54,63,69,123
1,0,8,43,1,4,55,11,0,60,51,52,62,71,123
1,0,11,44,1,2,51,12,0,54,55,56,67,66,122
1,0,9,39,1,2,59,10,0,62,48,49,58,72,121
0,0,8,42,0,3,56,13,0,59,50,50,63,72,122
2,0,7,43,0,4,54,13,0,60,50,50,63,73,123
1,0,9,38,1,2,54,16,0,57,47,48,63,73,121
0,0,6,46,0,2,54,12,0,56,52,52,64,68,120
1,0,7,46,0,4,52,13,0,57,53,53,66,70,123
1,0,0,51,0,2,54,13,0,57,51,51,64,70,121
3,0,7,40,0,2,56,13,0,61,47,47,60,74,121
1,0,8,46,0,3,49,14,0,53,54,54,68,67,121
0,0,8,38,0,5,59,14,0,64,46,46,60,78,124
0,0,7,44,1,4,54,13,0,58,51,52,64,71,123
1,0,7,48,0,5,54,10,0,60,55,55,65,70,125
1,0,10,42,1,3,51,14,0,55,52,53,66,69,122
1,0,7,44,1,2,52,15,0,55,51,52,66,70,122
0,0,8,44,1,3,54,13,0,57,52,53,65,70,123
1,0,11,41,1,5,52,12,0,58,52,53,64,70,123
2,0,9,42,0,3,52,12,0,57,51,51,63,69,120
1,0,9,42,1,3,53,14,0,57,51,52,65,71,123
0,0,9,38,0,2,60,11,0,62,47,47,58,73,120
1,0,6,43,0,4,52,14,0,57,49,49,63,71,120
0,0,9,39,1,5,54,16,0,59,48,49,64,75,124
0,0,8,42,0,3,53,16,0,56,50,50,66,72,122
1,0,7,42,1,3,59,8,0,63,49,50,57,71,121
1,0,11,40,0,4,53,13,0,58,51,51,64,71,122
1,0,9,41,1,4,52,13,0,57,50,51,63,70,121
1,0,0,46,1,3,58,13,0,62,46,47,59,75,122
2,0,6,39,1,2,61,10,0,65,45,46,55,75,121
1,0,8,44,1,2,53,12,0,56,52,53,64,68,121
1,0,10,42,1,3,49,16,0,53,52,53,68,69,122
1,0,8,42,1,3,55,13,0,59,50,51,63,72,123
0,0,11,41,0,5,52,14,0,57,52,52,66,71,123
0,0,10,44,1,3,50,15,0,53,54,55,69,68,123
0,0,9,39,1,2,56,13,0,58,48,49,61,71,120
1,0,9,41,1,3,53,16,0,57,50,51,66,73,124
3,0,11,33,1,3,56,14,0,62,44,45,58,76,121
2,0,9,37,0,5,57,10,0,64,46,46,56,74,120
1,0,6,44,1,4,56,11,0,61,50,51,61,72,123
0,0,6,43,1,3,55,14,0,58,49,50,63,72,122
1,0,8,44,0,3,49,15,0,53,52,52,67,68,120
5,0,0,42,1,3,59,12,0,67,42,43,54,79,122
1,0,7,43,1,2,56,13,0,59,50,51,63,72,123
1,0,7,44,1,4,52,15,0,57,51,52,66,72,124
1,0,12,37,0,5,54,14,0,60,49,49,63,74,123
0,0,11,35,1,2,54,18,0,56,46,47,64,74,121
0,0,7,45,0,1,55,13,0,56,52,52,65,69,121
0,0,7,43,1,4,54,14,0,58,50,51,64,72,123
1,0,9,37,0,5,51,21,0,57,46,46,67,78,124
1,0,7,50,1,3,48,14,0,52,57,58,71,66,124
0,0,8,45,0,2,56,9,0,58,53,53,62,67,120
1,0,6,49,1,3,48,14,0,52,55,56,69,66,122
1,0,6,44,0,3,58,10,0,62,50,50,60,72,122
1,0,10,41,1,5,54,13,0,60,51,52,64,73,125
0,0,10,44,1,2,52,12,0,54,54,55,66,66,121
1,0,0,48,1,5,58,12,0,64,48,49,60,76,125
2,0,9,43,1,2,50,15,0,54,52,53,67,69,122
1,0,6,45,0,2,54,13,0,57,51,51,64,70,121
1,0,7,37,1,4,56,15,0,61,44,45,59,76,121
1,0,9,45,0,3,52,11,0,56,54,54,65,67,121
0,0,6,39,0,5,58,14,0,63,45,45,59,77,122
1,0,9,43,0,4,50,13,0,55,52,52,65,68,120
1,0,7,42,1,2,52,17,0,55,49,50,66,72,122
1,0,8,41,0,3,54,14,0,58,49,49,63,72,121
1,0,7,42,0,3,56,13,0,60,49,49,62,73,122
1,0,9,41,0,3,56,11,0,60,50,50,61,71,121
1,0,8,41,1,2,50,18,0,53,49,50,67,71,121
1,0,8,41,0,5,53,15,0,59,49,49,64,74,123
1,0,9,37,0,2,58,13,0,61,46,46,59,74,120
1,0,8,44,0,3,54,13,0,58,52,52,65,71,123
1,0,7,39,1,4,57,14,0,62,46,47,60,76,123
1,0,7,43,0,5,55,12,0,61,50,50,62,73,123
1,0,8,48,1,3,49,14,0,53,56,57,70,67,124
1,0,8,45,1,4,53,10,0,58,53,54,63,68,122
1,0,8,40,1,2,55,15,0,58,48,49,63,73,122
1,0,7,45,1,3,53,14,0,57,52,53,66,71,124
1,0,0,48,0,3,56,13,0,60,48,48,61,73,121
1,0,7,43,0,4,56,12,0,61,50,50,62,73,123
1,0,0,47,0,2,58,12,0,61,47,47,59,73,120
0,0,0,51,0,4,56,9,0,60,51,51,60,69,120
1,0,9,48,1,3,46,14,0,50,57,58,71,64,122
1,0,10,37,0,3,59,12,0,63,47,47,59,75,122
1,0,0,49,0,2,56,14,0,59,49,49,63,73,122
1,0,9,43,0,3,53,11,0,57,52,52,63,68,120
1,0,7,44,0,2,56,12,0,59,51,51,63,71,122
1,0,11,43,1,2,51,13,0,54,54,55,67,67,122
1,0,6,42,0,4,56,14,0,61,48,48,62,75,123
1,0,9,40,1,4,57,10,0,62,49,50,59,72,122
1,0,10,39,0,5,53,16,0,59,49,49,65,75,124
1,0,7,40,1,3,58,13,0,62,47,48,60,75,123
0,0,8,41,0,0,56,15,0,56,49,49,64,71,120
0,0,9,40,1,4,54,15,0,58,49,50,64,73,123
1,0,6,44,0,3,53,15,0,57,50,50,65,72,122
1,0,6,44,1,4,54,12,0,59,50,51,62,71,122
1,0,7,44,1,6,58,10,0,65,51,52,61,75,127
1,0,0,50,0,4,55,12,0,60,50,50,62,72,122
2,0,13,37,0,5,56,10,0,63,50,50,60,73,123
1,0,8,45,0,3,52,14,0,56,53,53,67,70,123
1,0,9,43,0,2,49,16,0,52,52,52,68,68,120
1,0,7,47,1,2,49,14,0,52,54,55,68,66,121
3,0,9,39,1,3,57,11,0,63,48,49,59,74,123
1,0,8,43,0,4,54,11,0,59,51,51,62,70,121
0,0,10,40,0,3,52,16,0,55,50,50,66,71,121
0,0,7,41,0,4,56,12,0,60,48,48,60,72,120
1,0,7,42,0,3,58,12,0,62,49,49,61,74,123
5,0,8,40,0,3,53,12,0,61,48,48,60,73,121
1,0,7,48,0,3,51,13,0,55,55,55,68,68,123
0,0,9,42,1,2,52,15,0,54,51,52,66,69,121
0,0,7,45,1,4,53,13,0,57,52,53,65,70,123
1,0,8,43,1,5,58,10,0,64,51,52,61,74,126
1,0,0,49,0,4,58,11,0,63,49,49,60,74,123
1,0,7,41,1,4,56,14,0,61,48,49,62,75,124
1,0,7,41,1,2,58,12,0,61,48,49,60,73,122
0,0,6,45,1,4,50,15,0,54,51,52,66,69,121
2,0,8,39,0,4,59,11,0,65,47,47,58,76,123
1,0,10,42,0,4,53,14,0,58,52,52,66,72,124
1,0,0,48,1,4,59,12,0,64,48,49,60,76,125
1,0,11,40,0,3,50,15,0,54,51,51,66,69,120
1,0,8,41,0,3,54,15,0,58,49,49,64,73,122
1,0,9,45,0,4,55,9,0,60,54,54,63,69,123
0,0,8,45,0,3,52,12,0,55,53,53,65,67,120
1,0,10,39,1,6,51,17,0,58,49,50,66,75,125
1,0,0,48,1,4,54,16,0,59,48,49,64,75,124
6,0,7,40,0,5,53,11,0,64,47,47,58,75,122
1,0,0,51,1,3,55,13,0,59,51,52,64,72,124
1,0,8,41,1,3,53,14,0,57,49,50,63,71,121
1,0,0,44,1,4,59,13,0,64,44,45,57,77,122
1,0,8,40,0,4,57,13,0,62,48,48,61,75,123
1,0,11,36,0,2,58,12,0,61,47,47,59,73,120
1,0,8,42,0,5,55,14,0,61,50,50,64,75,125
1,0,11,39,1,3,49,17,0,53,50,51,67,70,121
1,0,8,42,0,2,55,14,0,58,50,50,64,72,122
1,0,6,45,0,2,57,11,0,60,51,51,62,71,122
1,0,7,45,1,5,52,13,0,58,52,53,65,71,124
1,0,8,41,1,3,55,12,0,59,49,50,61,71,121
0,0,9,43,0,5,48,15,0,53,52,52,67,68,120
1,0,8,46,1,4,51,12,0,56,54,55,66,68,123
0,0,8,40,1,3,58,12,0,61,48,49,60,73,122
1,0,10,39,1,1,56,14,0,58,49,50,63,72,122
1,0,9,41,0,5,57,10,0,63,50,50,60,73,123
1,0,9,42,0,1,53,15,0,55,51,51,66,70,121
1,0,7,46,1,1,54,11,0,56,53,54,64,67,121
1,0,9,38,0,3,58,11,0,62,47,47,58,73,120
1,0,7,44,1,4,51,15,0,56,51,52,66,71,123
1,0,8,41,1,4,53,16,0,58,49,50,65,74,124
2,0,7,41,1,4,54,13,0,60,48,49,61,73,122
1,0,9,41,1,5,55,13,0,61,50,51,63,74,125
1,0,7,46,1,3,51,13,0,55,53,54,66,68,122
1,0,6,44,1,3,56,11,0,60,50,51,61,71,122
0,0,0,49,0,2,55,14,0,57,49,49,63,71,120
1,0,6,48,1,2,49,15,0,52,54,55,69,67,122
1,0,12,36,1,5,51,18,0,57,48,49,66,75,124
1,0,7,42,1,5,56,9,0,62,49,50,58,71,121
1,0,11,43,0,2,52,12,0,55,54,54,66,67,121
1,0,7,48,1,4,50,11,0,55,55,56,66,66,122
1,0,8,40,0,5,54,12,0,60,48,48,60,72,120
0,0,11,39,0,3,54,14,0,57,50,50,64,71,121
1,0,7,41,0,3,58,12,0,62,48,48,60,74,122
1,0,7,45,0,3,54,11,0,58,52,52,63,69,121
2,0,7,39,0,2,57,14,0,61,46,46,60,75,121
1,0,9,37,1,4,53,17,0,58,46,47,63,75,122
0,0,7,47,1,4,50,15,0,54,54,55,69,69,124
3,0,9,40,0,2,53,14,0,58,49,49,63,72,121
0,0,12,37,0,2,56,13,0,58,49,49,62,71,120
1,0,7,48,1,2,43,19,0,46,55,56,74,65,121
1,0,8,46,1,0,53,12,0,54,54,55,66,66,121
2,0,8,40,0,2,56,13,0,60,48,48,61,73,121
0,0,0,49,1,3,55,14,0,58,49,50,63,72,122
1,0,0,49,1,1,56,13,0,58,49,50,62,71,121
0,0,7,44,1,3,56,11,0,59,51,52,62,70,122
0,0,10,45,1,3,51,11,0,54,55,56,66,65,121
2,0,9,38,1,3,59,10,0,64,47,48,57,74,122
1,0,9,38,0,4,59,12,0,64,47,47,59,76,123
0,0,8,47,1,2,49,14,0,51,55,56,69,65,121
1,0,8,42,0,2,56,12,0,59,50,50,62,71,121
1,0,7,45,1,3,50,15,0,54,52,53,67,69,122
1,0,8,40,0,3,55,13,0,59,48,48,61,72,120
1,0,7,42,0,1,54,16,0,56,49,49,65,72,121
1,0,0,56,0,3,50,13,0,54,56,56,69,67,123
0,0,9,40,1,2,56,14,0,58,49,50,63,72,122
1,0,8,42,0,2,52,16,0,55,50,50,66,71,121
1,0,7,42,0,5,56,13,0,62,49,49,62,75,124
1,0,10,43,1,4,51,14,0,56,53,54,67,70,124
1,0,8,45,1,4,54,11,0,59,53,54,64,70,124
1,0,8,41,0,2,54,15,0,57,49,49,64,72,121
1,0,15,36,1,3,54,14,0,58,51,52,65,72,124
1,0,7,45,0,3,53,12,0,57,52,52,64,69,121
0,0,8,43,1,4,51,18,0,55,51,52,69,73,125
1,0,9,41,0,2,55,13,0,58,50,50,63,71,121
1,0,7,47,1,2,52,11,0,55,54,55,65,66,121
1,0,8,40,0,3,55,15,0,59,48,48,63,74,122
1,0,7,39,1,4,58,12,0,63,46,47,58,75,122
0,0,8,45,1,4,53,11,0,57,53,54,64,68,122
1,0,8,39,1,3,49,23,0,53,47,48,70,76,124
1,0,6,47,1,1,51,14,0,53,53,54,67,67,121
0,0,9,44,0,3,48,17,0,51,53,53,70,68,121
1,0,9,42,0,4,54,12,0,59,51,51,63,71,122
1,0,7,44,0,3,51,15,0,55,51,51,66,70,121
0,0,7,48,0,2,49,14,0,51,55,55,69,65,120
1,0,10,44,1,2,48,15,0,51,54,55,69,66,121
0,0,7,39,1,2,59,14,0,61,46,47,60,75,122
2,0,9,39,1,3,56,13,0,61,48,49,61,74,123
1,0,10,43,1,3,51,14,0,55,53,54,67,69,123
1,0,12,37,1,2,55,12,0,58,49,50,61,70,120
2,0,7,47,0,3,50,13,0,55,54,54,67,68,122
1,0,9,44,0,3,54,10,0,58,53,53,63,68,121
0,0,10,46,1,5,49,13,0,54,56,57,69,67,124
0,0,10,41,1,4,50,17,0,54,51,52,68,71,123
1,0,8,42,1,4,55,12,0,60,50,51,62,72,123
0,0,11,40,0,4,51,16,0,55,51,51,67,71,122
0,0,8,42,0,3,56,13,0,59,50,50,63,72,122
1,0,7,46,0,3,54,11,0,58,53,53,64,69,122
1,0,8,41,1,4,56,12,0,61,49,50,61,73,123
1,0,0,49,1,2,55,13,0,58,49,50,62,71,121
1,0,0,46,1,3,58,14,0,62,46,47,60,76,123
1,0,7,46,1,3,51,14,0,55,53,54,67,69,123
0,0,8,43,0,2,54,13,0,56,51,51,64,69,120
1,0,8,42,0,5,54,13,0,60,50,50,63,73,123
0,0,9,41,0,5,57,12,0,62,50,50,62,74,124
1,0,11,38,0,4,53,15,0,58,49,49,64,73,122
2,0,7,42,1,2,50,17,0,54,49,50,66,71,121
1,0,6,44,1,4,56,13,0,61,50,51,63,74,125
1,0,8,40,1,1,59,12,0,61,48,49,60,73,122
1,0,8,42,1,2,57,11,0,60,50,51,61,71,122
1,0,8,40,1,3,57,11,0,61,48,49,59,72,121
1,0,6,47,1,1,55,11,0,57,53,54,64,68,122
2,0,8,41,1,3,52,14,0,57,49,50,63,71,121
1,0,10,37,0,4,57,14,0,62,47,47,61,76,123
1,0,8,42,1,4,57,10,0,62,50,51,60,72,123
1,0,9,43,0,4,52,14,0,57,52,52,66,71,123
0,0,8,45,1,4,50,15,0,54,53,54,68,69,123
1,0,6,44,0,2,49,19,0,52,50,50,69,71,121
1,0,7,46,0,4,49,15,0,54,53,53,68,69,122
1,0,7,47,1,4,49,12,0,54,54,55,66,66,121
1,0,8,48,0,3,46,15,0,50,56,56,71,65,121
1,0,7,47,1,3,52,12,0,56,54,55,66,68,123
1,0,13,35,0,2,53,16,0,56,48,48,64,72,120
2,0,9,43,0,5,49,15,0,56,52,52,67,71,123
1,0,10,43,0,1,49,16,0,51,53,53,69,67,120
1,0,6,44,0,3,54,14,0,58,50,50,64,72,122
1,0,7,43,1,2,53,14,0,56,50,51,64,70,121
2,0,10,42,1,3,52,11,0,57,52,53,63,68,121
1,0,0,47,1,3,59,12,0,63,47,48,59,75,123
1,0,8,41,0,4,57,13,0,62,49,49,62,75,124
0,0,8,43,0,4,54,12,0,58,51,51,63,70,121
2,0,8,43,0,3,53,13,0,58,51,51,64,71,122
1,0,9,39,0,3,55,15,0,59,48,48,63,74,122
1,0,7,46,0,4,50,16,0,55,53,53,69,71,124
0,0,0,50,0,2,54,15,0,56,50,50,65,71,121
1,0,7,45,1,3,52,14,0,56,52,53,66,70,123
1,0,10,41,1,4,54,13,0,59,51,52,64,72,124
1,0,8,44,1,3,56,10,0,60,52,53,62,70,123
1,0,7,48,1,3,50,12,0,54,55,56,67,66,122
2,0,12,35,0,3,54,14,0,59,47,47,61,73,120
0,0,0,42,1,3,60,16,0,63,42,43,58,79,122
1,0,11,38,1,2,53,17,0,56,49,50,66,73,123
1,0,8,47,1,2,50,13,0,53,55,56,68,66,122
1,0,9,40,1,3,57,12,0,61,49,50,61,73,123
1,0,0,45,0,4,56,18,0,61,45,45,63,79,124
1,0,9,43,0,3,44,21,0,48,52,52,73,69,121
1,0,8,44,0,3,54,12,0,58,52,52,64,70,122
1,0,0,46,0,5,61,11,0,67,46,46,57,78,124
0,0,9,43,1,5,54,13,0,59,52,53,65,72,125
1,0,7,45,1,3,50,16,0,54,52,53,68,70,123
1,0,7,46,0,4,49,15,0,54,53,53,68,69,122
2,0,11,42,0,2,49,14,0,53,53,53,67,67,120
0,0,8,41,0,2,57,12,0,59,49,49,61,71,120
1,0,7,45,1,2,50,16,0,53,52,53,68,69,122
1,0,9,42,0,1,54,13,0,56,51,51,64,69,120
1,0,0,46,1,3,60,12,0,64,46,47,58,76,123
0,0,10,40,1,2,53,16,0,55,50,51,66,71,122
2,0,8,43,0,3,54,11,0,59,51,51,62,70,121
1,0,7,42,0,2,56,12,0,59,49,49,61,71,120
1,0,7,45,1,3,54,11,0,58,52,53,63,69,122
1,0,7,45,0,4,51,16,0,56,52,52,68,72,124
1,0,12,48,1,0,46,14,0,47,60,61,74,61,122
1,0,9,41,0,3,53,13,0,57,50,50,63,70,120
1,0,10,39,0,2,55,13,0,58,49,49,62,71,120
1,0,8,42,0,4,55,14,0,60,50,50,64,74,124
0,0,0,48,1,3,53,18,0,56,48,49,66,74,123
1,0,8,43,1,4,49,15,0,54,51,52,66,69,121
0,0,6,49,0,2,51,13,0,53,55,55,68,66,121
1,0,0,51,0,3,54,12,0,58,51,51,63,70,121
1,0,0,48,0,2,55,16,0,58,48,48,64,74,122
1,0,8,41,0,3,53,16,0,57,49,49,65,73,122
1,0,9,41,1,3,51,16,0,55,50,51,66,71,122
1,0,8,40,0,1,58,13,0,60,48,48,61,73,121
1,0,9,45,0,4,51,10,0,56,54,54,64,66,120
0,0,8,44,0,3,54,12,0,57,52,52,64,69,121
1,0,9,42,0,2,56,11,0,59,51,51,62,70,121
1,0,11,40,0,5,54,13,0,60,51,51,64,73,124
1,0,12,42,0,4,52,13,0,57,54,54,67,70,124
1,0,0,48,1,3,55,14,0,59,48,49,62,73,122
1,0,12,39,1,3,53,15,0,57,51,52,66,72,124
1,0,12,38,1,4,55,13,0,60,50,51,63,73,124
2,0,8,42,1,3,53,12,0,58,50,51,62,70,121
0,0,9,42,1,4,50,18,0,54,51,52,69,72,124
1,0,7,39,1,4,51,20,0,56,46,47,66,76,123
0,0,0,48,0,3,53,16,0,56,48,48,64,72,120
1,0,8,49,1,4,51,11,0,56,57,58,68,67,125
0,0,9,47,1,4,51,11,0,55,56,57,67,66,123
0,0,0,48,1,2,55,16,0,57,48,49,64,73,122
1,0,0,48,0,5,58,11,0,64,48,48,59,75,123
2,0,9,44,0,4,52,11,0,58,53,53,64,69,122
1,0,9,40,0,5,54,12,0,60,49,49,61,72,121
1,0,10,40,1,4,56,10,0,61,50,51,60,71,122
1,0,7,44,1,2,54,12,0,57,51,52,63,69,121
0,0,0,47,1,3,55,17,0,58,47,48,64,75,123
0,0,9,38,0,3,53,18,0,56,47,47,65,74,121
1,0,8,42,0,4,56,10,0,61,50,50,60,71,121
2,0,11,41,1,3,56,9,0,61,52,53,61,70,123
1,0,0,50,1,2,57,11,0,60,50,51,61,71,122
1,0,7,42,0,5,58,10,0,64,49,49,59,74,123
1,0,6,44,0,1,55,13,0,57,50,50,63,70,120
1,0,10,40,0,2,55,14,0,58,50,50,64,72,122
2,0,8,40,1,4,54,14,0,60,48,49,62,74,123
2,0,9,40,0,3,55,13,0,60,49,49,62,73,122
3,0,0,42,0,2,62,12,0,67,42,42,54,79,121
1,0,9,39,0,2,58,12,0,61,48,48,60,73,121
1,0,9,42,0,2,53,14,0,56,51,51,65,70,121
1,0,8,36,0,3,58,15,0,62,44,44,59,77,121
1,0,7,47,1,2,48,15,0,51,54,55,69,66,121
1,0,8,42,0,4,59,8,0,64,50,50,58,72,122
0,0,7,44,0,3,54,12,0,57,51,51,63,69,120
1,0,7,42,1,2,57,13,0,60,49,50,62,73,123
1,0,0,50,0,3,55,13,0,59,50,50,63,72,122
1,0,11,39,0,4,50,17,0,55,50,50,67,72,122
1,0,10,39,0,1,51,18,0,53,49,49,67,71,120
1,0,8,45,0,4,53,11,0,58,53,53,64,69,122
1,0,0,49,1,2,54,14,0,57,49,50,63,71,121
0,0,7,43,1,3,56,12,0,59,50,51,62,71,122
1,0,8,44,0,5,51,16,0,57,52,52,68,73,125
1,0,10,46,1,5,46,15,0,52,56,57,71,67,124
0,0,8,40,0,4,55,16,0,59,48,48,64,75,123
1,0,0,51,1,4,56,12,0,61,51,52,63,73,125
1,0,8,43,0,6,52,16,0,59,51,51,67,75,126
1,0,9,44,1,3,55,9,0,59,53,54,62,68,122
1,0,9,41,0,4,56,13,0,61,50,50,63,74,124
0,0,8,42,0,3,53,15,0,56,50,50,65,71,121
0,0,9,42,0,5,57,10,0,62,51,51,61,72,123
1,0,9,41,0,2,51,17,0,54,50,50,67,71,121
1,0,8,43,0,3,51,14,0,55,51,51,65,69,120
2,0,8,43,1,2,55,11,0,59,51,52,62,70,122
1,0,8,41,0,3,50,18,0,54,49,49,67,72,121
2,0,8,38,0,2,59,12,0,63,46,46,58,75,121
1,0,9,39,0,3,54,15,0,58,48,48,63,73,121
1,0,7,49,1,5,49,14,0,55,56,57,70,69,126
1,0,7,43,1,2,53,15,0,56,50,51,65,71,122
1,0,7,48,1,4,48,15,0,53,55,56,70,68,124
0,0,8,42,0,4,53,13,0,57,50,50,63,70,120
1,0,0,48,0,3,55,13,0,59,48,48,61,72,120
0,0,7,46,0,1,51,15,0,52,53,53,68,67,120
1,0,9,40,0,3,56,12,0,60,49,49,61,72,121
3,0,7,42,1,2,51,15,0,56,49,50,64,71,121
1,0,8,40,0,4,56,13,0,61,48,48,61,74,122
1,0,0,47,1,3,61,11,0,65,47,48,58,76,124
1,0,9,44,0,3,54,11,0,58,53,53,64,69,122
1,0,9,41,1,1,52,16,0,54,50,51,66,70,121
0,0,0,46,1,2,61,11,0,63,46,47,57,74,121
1,0,7,49,1,4,48,14,0,53,56,57,70,67,124
1,0,10,42,1,2,49,18,0,52,52,53,70,70,123
1,0,8,43,0,0,51,17,0,52,51,51,68,69,120
1,0,8,43,1,2,52,15,0,55,51,52,66,70,122
0,0,9,42,0,5,54,14,0,59,51,51,65,73,124
1,0,6,48,0,4,51,12,0,56,54,54,66,68,122
1,0,9,38,1,4,57,13,0,62,47,48,60,75,123
1,0,7,42,1,4,55,14,0,60,49,50,63,74,124
0,0,11,41,1,4,54,11,0,58,52,53,63,69,122
1,0,9,39,1,2,51,17,0,54,48,49,65,71,120
2,0,9,42,0,4,54,12,0,60,51,51,63,72,123
1,0,9,44,0,3,49,17,0,53,53,53,70,70,123
1,0,6,43,0,2,53,16,0,56,49,49,65,72,121
0,0,8,43,1,2,55,12,0,57,51,52,63,69,121
1,0,6,44,1,5,56,11,0,62,50,51,61,73,124
0,0,10,38,1,4,54,16,0,58,48,49,64,74,123
0,0,7,48,0,4,48,13,0,52,55,55,68,65,120
0,0,9,40,0,3,54,14,0,57,49,49,63,71,120
1,0,7,47,1,3,52,13,0,56,54,55,67,69,124
1,0,0,49,1,6,54,14,0,61,49,50,63,75,125
0,0,7,44,0,3,55,13,0,58,51,51,64,71,122
0,0,7,46,1,2,54,11,0,56,53,54,64,67,121
1,0,8,41,0,3,58,12,0,62,49,49,61,74,123
1,0,8,48,1,3,50,13,0,54,56,57,69,67,124
1,0,0,47,0,4,52,16,0,57,47,47,63,73,120
2,0,0,44,1,2,59,14,0,63,44,45,58,77,122
1,0,8,44,0,2,49,17,0,52,52,52,69,69,121
1,0,8,44,0,2,52,13,0,55,52,52,65,68,120
1,0,7,45,1,4,51,13,0,56,52,53,65,69,122
0,0,6,45,0,2,51,17,0,53,51,51,68,70,121
1,0,7,38,1,2,60,12,0,63,45,46,57,75,121
0,0,7,42,0,2,57,12,0,59,49,49,61,71,120
0,0,7,44,0,3,52,16,0,55,51,51,67,71,122
1,0,9,41,0,3,51,18,0,55,50,50,68,73,123
1,0,11,36,0,3,56,15,0,60,47,47,62,75,122
1,0,9,41,1,4,56,11,0,61,50,51,61,72,123
0,0,8,39,0,2,54,18,0,56,47,47,65,74,121
4,0,7,41,0,2,53,13,0,59,48,48,61,72,120
2,0,9,40,0,3,56,12,0,61,49,49,61,73,122
0,0,6,43,0,4,55,15,0,59,49,49,64,74,123
1,0,8,45,1,3,49,16,0,53,53,54,69,69,123
1,0,0,50,0,6,55,14,0,62,50,50,64,76,126
1,0,8,44,0,2,54,13,0,57,52,52,65,70,122
1,0,12,41,0,3,49,17,0,53,53,53,70,70,123
1,0,9,44,1,2,54,12,0,57,53,54,65,69,123
2,0,8,38,1,3,57,14,0,62,46,47,60,76,123
1,0,9,40,1,3,57,12,0,61,49,50,61,73,123
1,0,8,43,1,4,48,19,0,53,51,52,70,72,124
1,0,0,48,1,2,60,11,0,63,48,49,59,74,123
0,0,11,38,0,3,51,19,0,54,49,49,68,73,122
1,0,0,44,1,4,58,16,0,63,44,45,60,79,124
0,0,6,47,0,2,54,11,0,56,53,53,64,67,120
1,0,6,50,0,4,50,12,0,55,56,56,68,67,123
1,0,12,38,0,3,53,13,0,57,50,50,63,70,120
1,0,7,48,0,4,46,17,0,51,55,55,72,68,123
0,0,8,42,1,1,56,13,0,57,50,51,63,70,121
0,0,0,47,1,3,54,18,0,57,47,48,65,75,123
1,0,8,41,1,2,57,12,0,60,49,50,61,72,122
1,0,0,51,0,1,52,15,0,54,51,51,66,69,120
0,0,7,41,0,3,59,12,0,62,48,48,60,74,122
1,0,6,44,0,3,50,18,0,54,50,50,68,72,122
2,0,7,41,1,2,53,15,0,57,48,49,63,72,121
2,0,0,46,1,3,55,16,0,60,46,47,62,76,123
1,0,0,50,0,3,56,13,0,60,50,50,63,73,123
1,0,7,40,1,4,53,18,0,58,47,48,65,76,124
1,0,0,47,0,4,57,12,0,62,47,47,59,74,121
1,0,7,46,1,0,53,14,0,54,53,54,67,68,122
0,0,10,40,1,4,51,15,0,55,50,51,65,70,121
1,0,7,44,1,2,51,14,0,54,51,52,65,68,120
1,0,7,37,0,1,59,16,0,61,44,44,60,77,121
1,0,8,41,1,4,56,13,0,61,49,50,62,74,124
1,0,7,43,0,2,51,17,0,54,50,50,67,71,121
1,0,9,44,0,4,51,14,0,56,53,53,67,70,123
1,0,8,42,1,2,54,13,0,57,50,51,63,70,121
1,0,0,52,1,3,55,11,0,59,52,53,63,70,123
1,0,12,41,1,3,51,14,0,55,53,54,67,69,123
1,0,6,43,1,3,54,15,0,58,49,50,64,73,123
1,0,8,41,0,4,53,15,0,58,49,49,64,73,122
1,0,9,40,0,4,48,18,0,53,49,49,67,71,120
1,0,8,37,0,2,58,15,0,61,45,45,60,76,121
1,0,8,44,1,4,53,13,0,58,52,53,65,71,124
1,0,8,40,0,2,55,14,0,58,48,48,62,72,120
0,0,8,43,1,6,55,12,0,61,51,52,63,73,125
1,0,8,39,1,1,58,12,0,60,47,48,59,72,120
1,0,8,41,1,3,54,15,0,58,49,50,64,73,123
0,0,8,46,1,4,52,12,0,56,54,55,66,68,123
1,0,8,43,0,3,51,15,0,55,51,51,66,70,121
1,0,9,40,0,4,58,11,0,63,49,49,60,74,123
1,0,8,41,1,4,54,15,0,59,49,50,64,74,124
2,0,7,40,1,6,56,14,0,64,47,48,61,78,126
3,0,9,41,0,2,54,11,0,59,50,50,61,70,120
1,0,0,46,1,2,60,13,0,63,46,47,59,76,123
1,0,11,38,3,5,51,15,0,57,49,52,64,72,124
2,0,10,42,0,5,52,12,0,59,52,52,64,71,123
0,0,7,45,0,3,54,11,0,57,52,52,63,68,120
0,0,7,47,1,4,50,14,0,54,54,55,68,68,123
0,0,6,45,0,4,52,15,0,56,51,51,66,71,122
1,0,8,43,0,6,53,15,0,60,51,51,66,75,126
3,0,10,39,1,2,53,14,0,58,49,50,63,72,122
0,0,8,42,0,3,59,10,0,62,50,50,60,72,122
1,0,6,47,0,3,53,12,0,57,53,53,65,69,122
1,0,7,44,0,2,51,16,0,54,51,51,67,70,121
1,0,7,41,1,2,52,17,0,55,48,49,65,72,121
1,0,0,52,1,2,50,16,0,53,52,53,68,69,122
0,0,9,41,0,3,55,14,0,58,50,50,64,72,122
1,0,8,42,0,4,56,11,0,61,50,50,61,72,122
1,0,8,46,1,3,50,14,0,54,54,55,68,68,123
1,0,6,44,0,3,59,10,0,63,50,50,60,73,123
1,0,7,44,0,0,56,12,0,57,51,51,63,69,120
1,0,8,46,1,1,52,13,0,54,54,55,67,67,122
1,0,0,50,1,3,59,9,0,63,50,51,59,72,123
1,0,8,44,0,4,54,12,0,59,52,52,64,71,123
0,0,6,43,0,4,54,15,0,58,49,49,64,73,122
1,0,10,39,0,2,55,13,0,58,49,49,62,71,120
1,0,8,42,1,2,56,12,0,59,50,51,62,71,122
0,0,7,46,1,2,50,15,0,52,53,54,68,67,121
2,0,7,40,0,2,54,16,0,58,47,47,63,74,121
1,0,8,47,1,2,53,11,0,56,55,56,66,67,123
1,0,11,39,1,3,52,14,0,56,50,51,64,70,121
1,0,10,44,0,2,50,13,0,53,54,54,67,66,120
0,0,9,44,0,3,50,15,0,53,53,53,68,68,121
1,0,11,36,0,5,53,17,0,59,47,47,64,76,123
1,0,7,45,0,2,51,15,0,54,52,52,67,69,121
1,0,8,43,0,4,53,13,0,58,51,51,64,71,122
1,0,9,39,0,6,55,15,0,62,48,48,63,77,125
1,0,9,44,2,5,50,13,0,56,53,55,66,69,124
1,0,8,39,0,3,57,13,0,61,47,47,60,74,121
1,0,0,48,0,4,56,14,0,61,48,48,62,75,123
1,0,8,46,0,2,54,10,0,57,54,54,64,67,121
1,0,6,44,1,5,54,11,0,60,50,51,61,71,122
1,0,6,45,0,3,50,17,0,54,51,51,68,71,122
0,0,7,47,0,2,50,15,0,52,54,54,69,67,121
1,0,7,39,1,3,60,13,0,64,46,47,59,77,124
1,0,7,44,1,4,52,14,0,57,51,52,65,71,123
0,0,8,36,1,4,60,15,0,64,44,45,59,79,124
1,0,8,46,0,3,48,18,0,52,54,54,72,70,124
1,0,7,42,1,3,53,14,0,57,49,50,63,71,121
1,0,11,38,1,2,52,16,0,55,49,50,65,71,121
0,0,8,47,1,1,50,14,0,51,55,56,69,65,121
1,0,9,43,1,3,52,14,0,56,52,53,66,70,123
1,0,7,43,0,3,57,11,0,61,50,50,61,72,122
2,0,8,41,1,3,54,14,0,59,49,50,63,73,123
0,0,7,43,0,5,54,14,0,59,50,50,64,73,123
4,0,7,38,1,4,59,10,0,67,45,46,55,77,123
1,0,7,44,1,3,57,10,0,61,51,52,61,71,123
0,0,7,45,1,3,53,14,0,56,52,53,66,70,123
1,0,7,45,1,4,52,14,0,57,52,53,66,71,124
1,0,9,45,0,2,52,11,0,55,54,54,65,66,120
1,0,6,46,0,4,53,13,0,58,52,52,65,71,123
2,0,8,42,0,2,56,11,0,60,50,50,61,71,121
1,0,7,44,0,3,55,13,0,59,51,51,64,72,123
1,0,10,38,0,4,57,14,0,62,48,48,62,76,124
1,6,6,39,1,4,51,15,0,62,45,46,60,77,123
2,0,0,43,1,4,58,13,0,64,43,44,56,77,121
1,0,8,41,0,3,53,14,0,57,49,49,63,71,120
0,0,7,43,1,3,55,12,0,58,50,51,62,70,121
0,0,9,41,0,2,55,13,0,57,50,50,63,70,120
1,0,10,38,0,4,57,13,0,62,48,48,61,75,123
1,0,7,50,0,4,47,13,0,52,57,57,70,65,122
1,0,11,40,1,4,54,13,0,59,51,52,64,72,124
1,0,8,44,1,3,52,14,0,56,52,53,66,70,123
0,0,7,43,0,2,49,20,0,51,50,50,70,71,121
0,0,7,43,0,3,55,12,0,58,50,50,62,70,120
2,0,10,39,1,1,57,11,0,60,49,50,60,71,121
1,0,0,48,0,2,54,15,0,57,48,48,63,72,120
2,0,8,42,0,2,53,13,0,57,50,50,63,70,120
1,0,0,48,1,4,53,15,0,58,48,49,63,73,122
1,0,7,42,1,3,52,16,0,56,49,50,65,72,122
1,0,9,41,0,2,54,13,0,57,50,50,63,70,120
0,0,9,39,0,3,49,21,0,52,48,48,69,73,121
1,0,7,40,0,2,52,19,0,55,47,47,66,74,121
1,0,8,42,0,4,55,13,0,60,50,50,63,73,123
1,0,0,47,1,2,56,15,0,59,47,48,62,74,122
0,0,12,38,0,2,53,15,0,55,50,50,65,70,120
0,0,8,46,0,2,51,14,0,53,54,54,68,67,121
1,0,12,41,0,3,47,17,0,51,53,53,70,68,121
1,0,7,41,1,3,58,12,0,62,48,49,60,74,123
1,0,0,46,0,3,55,16,0,59,46,46,62,75,121
0,0,0,44,0,5,59,15,0,64,44,44,59,79,123
1,0,9,40,1,4,51,15,0,56,49,50,64,71,121
1,0,7,44,1,3,54,13,0,58,51,52,64,71,123
1,0,11,41,0,2,50,15,0,53,52,52,67,68,120
1,0,10,43,0,4,49,16,0,54,53,53,69,70,123
0,0,6,43,1,2,55,14,0,57,49,50,63,71,121
0,0,0,45,1,3,57,15,0,60,45,46,60,75,121
1,0,7,43,0,2,54,13,0,57,50,50,63,70,120
2,0,10,37,1,3,58,12,0,63,47,48,59,75,123
0,0,8,44,1,3,49,18,0,52,52,53,70,70,123
1,0,9,43,1,3,52,14,0,56,52,53,66,70,123
1,0,9,39,1,4,56,13,0,61,48,49,61,74,123
1,0,7,44,1,2,51,17,0,54,51,52,68,71,123
1,0,8,49,1,3,50,11,0,54,57,58,68,65,123
1,0,8,44,0,3,52,13,0,56,52,52,65,69,121
1,0,0,42,1,5,64,11,0,70,42,43,53,81,124
1,0,9,41,1,2,54,14,0,57,50,51,64,71,122
0,0,9,43,0,4,56,11,0,60,52,52,63,71,123
1,0,7,44,1,3,53,13,0,57,51,52,64,70,122
1,0,8,46,1,4,51,12,0,56,54,55,66,68,123
1,0,11,38,1,3,54,13,0,58,49,50,62,71,121
0,0,9,44,0,3,56,9,0,59,53,53,62,68,121
1,0,0,53,1,5,47,18,0,53,53,54,71,71,125
1,0,6,40,1,2,58,13,0,61,46,47,59,74,121
1,0,12,38,0,3,56,11,0,60,50,50,61,71,121
3,0,7,45,0,4,52,12,0,59,52,52,64,71,123
3,0,10,36,0,3,53,17,0,59,46,46,63,76,122
1,0,8,43,0,4,57,10,0,62,51,51,61,72,123
0,0,9,46,1,4,50,14,0,54,55,56,69,68,124
1,0,8,43,1,5,51,15,0,57,51,52,66,72,124
1,0,10,42,1,4,53,11,0,58,52,53,63,69,122
2,0,10,39,1,3,55,13,0,60,49,50,62,73,123
1,0,0,50,0,3,57,11,0,61,50,50,61,72,122
3,0,8,39,1,4,53,13,0,60,47,48,60,73,121
1,0,8,46,1,4,53,12,0,58,54,55,66,70,125
0,0,12,36,1,1,57,14,0,58,48,49,62,72,121
0,0,7,46,1,3,51,13,0,54,53,54,66,67,121
1,0,9,44,1,2,51,15,0,54,53,54,68,69,123
1,0,0,51,0,3,55,11,0,59,51,51,62,70,121
2,0,6,41,1,5,55,14,0,62,47,48,61,76,124
2,0,10,41,1,4,52,11,0,58,51,52,62,69,121
1,0,7,44,1,3,51,16,0,55,51,52,67,71,123
0,0,8,41,0,5,59,11,0,64,49,49,60,75,124
0,0,7,50,1,2,48,13,0,50,57,58,70,63,121
1,0,9,46,1,2,51,12,0,54,55,56,67,66,122
1,0,10,38,0,2,51,19,0,54,48,48,67,73,121
1,0,10,37,1,3,54,17,0,58,47,48,64,75,123
1,0,10,42,0,4,52,14,0,57,52,52,66,71,123
1,0,8,43,1,3,57,10,0,61,51,52,61,71,123
0,0,6,44,1,3,52,16,0,55,50,51,66,71,122
1,0,7,46,0,4,50,15,0,55,53,53,68,70,123
1,0,8,45,0,2,50,15,0,53,53,53,68,68,121
1,0,8,42,0,5,55,13,0,61,50,50,63,74,124
0,0,10,41,0,3,52,14,0,55,51,51,65,69,120
1,0,7,48,1,4,50,12,0,55,55,56,67,67,123
1,0,8,39,1,3,55,14,0,59,47,48,61,73,121
1,0,8,41,0,2,52,17,0,55,49,49,66,72,121
1,0,9,45,1,3,52,13,0,56,54,55,67,69,124
1,0,7,44,0,3,56,11,0,60,51,51,62,71,122
1,0,7,48,1,4,50,13,0,55,55,56,68,68,124
1,0,7,44,1,3,49,17,0,53,51,52,68,70,122
0,0,10,38,1,4,51,17,0,55,48,49,65,72,121
0,0,0,52,0,2,51,16,0,53,52,52,68,69,121
1,0,8,45,0,5,52,12,0,58,53,53,65,70,123
1,0,7,46,1,4,50,15,0,55,53,54,68,70,124
1,0,9,44,0,3,50,16,0,54,53,53,69,70,123
0,0,8,45,1,3,49,17,0,52,53,54,70,69,123
1,0,8,39,0,2,57,14,0,60,47,47,61,74,121
1,0,6,48,1,4,51,13,0,56,54,55,67,69,124
1,0,12,40,0,4,51,13,0,56,52,52,65,69,121
1,0,0,47,1,2,59,11,0,62,47,48,58,73,121
1,0,0,50,1,4,56,11,0,61,50,51,61,72,123
0,0,7,40,0,3,59,13,0,62,47,47,60,75,122
1,0,8,46,1,4,50,14,0,55,54,55,68,69,124
0,0,9,40,1,4,56,12,0,60,49,50,61,72,122
0,0,8,42,1,4,56,13,0,60,50,51,63,73,124
0,0,7,40,1,0,58,15,0,58,47,48,62,73,121
2,0,7,46,0,3,52,10,0,57,53,53,63,67,120
1,0,8,39,0,2,58,13,0,61,47,47,60,74,121
3,0,7,40,1,1,56,13,0,60,47,48,60,73,121
1,0,8,43,1,3,52,14,0,56,51,52,65,70,122
1,0,12,37,1,3,50,18,0,54,49,50,67,72,122
1,0,8,47,1,4,48,15,0,53,55,56,70,68,124
1,0,9,39,1,3,55,15,0,59,48,49,63,74,123
1,0,11,38,0,3,58,10,0,62,49,49,59,72,121
1,0,9,42,0,3,53,13,0,57,51,51,64,70,121
1,0,0,48,1,4,56,15,0,61,48,49,63,76,125
0,0,0,43,0,5,60,16,0,65,43,43,59,81,124
2,0,7,38,0,2,57,14,0,61,45,45,59,75,120
1,0,7,48,0,3,47,16,0,51,55,55,71,67,122
1,0,7,39,1,5,55,14,0,61,46,47,60,75,122
1,0,9,42,1,4,55,13,0,60,51,52,64,73,125
2,0,7,41,1,3,52,16,0,57,48,49,64,73,122
1,0,8,39,1,4,59,12,0,64,47,48,59,76,124
1,0,11,41,0,1,54,12,0,56,52,52,64,68,120
0,0,10,41,1,4,50,15,0,54,51,52,66,69,121
1,0,12,40,1,2,51,14,0,54,52,53,66,68,121
1,0,6,47,1,4,52,13,0,57,53,54,66,70,124
1,0,8,41,1,3,54,15,0,58,49,50,64,73,123
1,0,13,42,1,2,49,13,0,52,55,56,68,65,121
1,0,9,40,0,3,51,17,0,55,49,49,66,72,121
2,0,9,40,1,4,54,13,0,60,49,50,62,73,123
1,0,9,38,0,3,62,10,0,66,47,47,57,76,123
2,0,9,42,1,4,53,12,0,59,51,52,63,71,123
1,0,11,41,1,4,55,12,0,60,52,53,64,72,125
1,0,8,43,0,4,52,14,0,57,51,51,65,71,122
2,0,8,41,1,2,56,11,0,60,49,50,60,71,121
1,0,7,45,1,3,52,14,0,56,52,53,66,70,123
2,0,7,43,1,2,57,9,0,61,50,51,59,70,121
1,0,0,49,0,3,57,12,0,61,49,49,61,73,122
1,0,7,48,0,3,48,14,0,52,55,55,69,66,121
1,0,8,40,0,3,53,16,0,57,48,48,64,73,121
1,0,9,41,1,2,54,14,0,57,50,51,64,71,122
1,0,9,45,1,3,50,14,0,54,54,55,68,68,123
1,0,8,43,1,4,52,14,0,57,51,52,65,71,123
1,0,8,41,1,5,56,13,0,62,49,50,62,75,125
1,0,7,45,1,2,51,15,0,54,52,53,67,69,122
1,0,7,44,1,4,55,12,0,60,51,52,63,72,124
1,0,8,38,1,6,59,10,0,66,46,47,56,76,123
1,0,6,43,0,3,57,11,0,61,49,49,60,72,121
1,0,8,42,1,4,55,12,0,60,50,51,62,72,123
1,0,9,39,0,2,53,17,0,56,48,48,65,73,121
1,0,10,40,0,4,52,15,0,57,50,50,65,72,122
1,0,8,46,1,3,51,11,0,55,54,55,65,66,121
1,0,0,48,0,4,58,13,0,63,48,48,61,76,124
1,0,10,39,1,3,57,11,0,61,49,50,60,72,122
1,0,10,36,0,4,56,15,0,61,46,46,61,76,122
1,0,11,44,0,3,47,15,0,51,55,55,70,66,121
0,0,9,42,1,3,47,20,0,50,51,52,71,70,122
1,0,0,46,1,3,60,13,0,64,46,47,59,77,124
1,0,10,44,0,5,52,13,0,58,54,54,67,71,125
1,0,6,47,0,4,52,12,0,57,53,53,65,69,122
1,0,7,45,1,2,54,13,0,57,52,53,65,70,123
1,0,8,42,0,3,56,13,0,60,50,50,63,73,123
1,0,8,43,0,4,55,13,0,60,51,51,64,73,124
0,0,7,49,1,4,50,13,0,54,56,57,69,67,124
0,0,7,41,1,2,55,15,0,57,48,49,63,72,121
2,0,8,44,0,4,55,10,0,61,52,52,62,71,123
1,0,8,42,0,5,54,14,0,60,50,50,64,74,124
0,0,6,49,0,4,51,10,0,55,55,55,65,65,120
0,0,7,41,0,4,56,15,0,60,48,48,63,75,123
1,0,9,43,1,4,50,16,0,55,52,53,68,71,124
1,0,7,40,0,4,58,13,0,63,47,47,60,76,123
1,0,8,43,1,5,52,15,0,58,51,52,66,73,125
1,0,8,45,1,3,53,13,0,57,53,54,66,70,124
1,0,8,42,0,7,48,14,0,56,50,50,64,70,120
2,0,0,45,0,3,58,14,0,63,45,45,59,77,122
1,0,7,45,1,4,53,13,0,58,52,53,65,71,124
0,0,0,45,1,3,60,14,0,63,45,46,59,77,123
1,0,7,43,0,3,54,13,0,58,50,50,63,71,121
1,0,8,42,0,2,57,11,0,60,50,50,61,71,121
1,0,0,48,0,4,56,12,0,61,48,48,60,73,121
1,0,7,45,1,4,51,15,0,56,52,53,67,71,124
2,0,10,40,0,4,53,13,0,59,50,50,63,72,122
0,0,6,43,0,4,55,15,0,59,49,49,64,74,123
1,0,0,51,1,4,56,9,0,61,51,52,60,70,122
1,0,8,42,1,3,51,17,0,55,50,51,67,72,123
0,0,0,46,0,3,61,11,0,64,46,46,57,75,121
1,0,8,42,1,5,58,10,0,64,50,51,60,74,125
1,0,7,42,0,6,57,11,0,64,49,49,60,75,124
1,0,10,44,0,2,50,13,0,53,54,54,67,66,120
5,0,8,46,1,5,50,9,0,60,54,55,63,69,124
1,0,6,48,1,3,54,10,0,58,54,55,64,68,123
1,0,8,45,0,3,51,15,0,55,53,53,68,70,123
1,0,6,43,0,3,58,11,0,62,49,49,60,73,122
1,0,9,39,0,5,52,18,0,58,48,48,66,76,124
2,0,9,35,0,2,57,15,0,61,44,44,59,76,120
0,0,7,44,1,3,54,13,0,57,51,52,64,70,122
0,0,9,41,0,4,57,11,0,61,50,50,61,72,122
1,0,8,40,1,3,54,15,0,58,48,49,63,73,122
1,0,9,42,1,3,54,13,0,58,51,52,64,71,123
1,0,8,39,1,3,60,11,0,64,47,48,58,75,123
1,0,10,39,1,6,53,15,0,60,49,50,64,75,125
1,0,8,47,0,5,46,14,0,52,55,55,69,66,121
1,0,0,51,0,3,52,13,0,56,51,51,64,69,120
1,0,9,41,1,2,58,11,0,61,50,51,61,72,123
1,0,7,43,0,2,53,14,0,56,50,50,64,70,120
1,0,7,47,0,4,49,13,0,54,54,54,67,67,121
2,0,11,35,1,3,54,15,0,59,46,47,61,74,121
1,0,0,46,0,3,56,14,0,60,46,46,60,74,120
1,0,8,47,0,4,47,16,0,52,55,55,71,68,123
1,0,10,42,0,4,51,14,0,56,52,52,66,70,122
1,0,10,39,1,4,56,13,0,61,49,50,62,74,124
1,0,7,42,1,2,54,15,0,57,49,50,64,72,122
2,0,10,40,0,2,56,11,0,60,50,50,61,71,121
1,0,7,48,0,2,50,12,0,53,55,55,67,65,120
1,0,7,44,0,3,50,15,0,54,51,51,66,69,120
1,0,9,43,1,4,55,11,0,60,52,53,63,71,124
0,0,7,49,0,2,49,14,0,51,56,56,70,65,121
2,0,7,45,0,2,52,12,0,56,52,52,64,68,120
1,0,7,40,0,4,53,16,0,58,47,47,63,74,121
1,0,9,45,0,4,45,16,0,50,54,54,70,66,120
1,0,9,40,0,3,53,15,0,57,49,49,64,72,121
1,0,0,46,1,3,55,16,0,59,46,47,62,75,122
1,0,6,42,0,2,53,16,0,56,48,48,64,72,120
1,0,7,41,1,5,51,19,0,57,48,49,67,76,125
1,0,8,43,0,4,53,14,0,58,51,51,65,72,123
1,0,0,48,0,3,58,12,0,62,48,48,60,74,122
1,0,0,52,0,3,51,14,0,55,52,52,66,69,121
5,0,9,40,0,2,52,12,0,59,49,49,61,71,120
1,0,9,42,1,4,54,12,0,59,51,52,63,71,123
0,0,10,40,0,2,52,16,0,54,50,50,66,70,120
1,0,9,43,1,3,50,15,0,54,52,53,67,69,122
1,0,7,43,0,3,54,13,0,58,50,50,63,71,121
1,0,0,48,0,3,57,13,0,61,48,48,61,74,122
1,0,10,38,0,2,51,18,0,54,48,48,66,72,120
1,0,7,46,1,4,51,14,0,56,53,54,67,70,124
1,0,0,49,1,3,56,13,0,60,49,50,62,73,123
1,0,8,41,1,2,52,17,0,55,49,50,66,72,122
0,0,7,40,0,4,56,15,0,60,47,47,62,75,122
1,0,10,39,1,5,55,15,0,61,49,50,64,76,126
1,0,10,44,0,5,50,15,0,56,54,54,69,71,125
1,0,9,39,1,3,54,16,0,58,48,49,64,74,123
1,0,8,42,0,2,54,14,0,57,50,50,64,71,121
3,0,9,36,0,2,61,9,0,66,45,45,54,75,120
1,0,8,41,0,3,53,16,0,57,49,49,65,73,122
1,0,7,46,0,3,54,12,0,58,53,53,65,70,123
1,0,7,40,1,3,50,18,0,54,47,48,65,72,120
1,0,7,48,0,4,52,12,0,57,55,55,67,69,124
2,0,8,43,0,3,53,12,0,58,51,51,63,70,121
1,0,8,41,0,3,55,13,0,59,49,49,62,72,121
1,0,9,42,1,3,49,17,0,53,51,52,68,70,122
1,0,0,45,1,4,56,14,0,61,45,46,59,75,121
1,0,10,42,0,3,50,17,0,54,52,52,69,71,123
2,0,8,43,0,3,52,13,0,57,51,51,64,70,121
3,0,8,42,0,3,55,11,0,61,50,50,61,72,122
1,0,7,43,1,4,45,23,0,50,50,51,73,73,124
0,0,8,42,1,4,58,10,0,62,50,51,60,72,123
1,0,6,44,1,3,53,14,0,57,50,51,64,71,122
1,0,8,40,0,3,54,16,0,58,48,48,64,74,122
0,0,9,41,1,4,55,13,0,59,50,51,63,72,123
0,0,11,42,1,2,53,13,0,55,53,54,66,68,122
1,0,7,47,1,3,47,15,0,51,54,55,69,66,121
2,0,0,43,1,4,63,11,0,69,43,44,54,80,124
2,0,6,46,1,3,51,12,0,56,52,53,64,68,121
1,0,10,45,1,3,50,14,0,54,55,56,69,68,124
1,0,8,40,1,5,54,17,0,60,48,49,65,77,126
1,0,7,43,1,3,55,12,0,59,50,51,62,71,122
1,0,9,40,0,2,54,15,0,57,49,49,64,72,121
1,0,7,43,1,3,53,14,0,57,50,51,64,71,122
1,0,0,45,0,4,58,14,0,63,45,45,59,77,122
3,0,8,38,0,3,59,11,0,65,46,46,57,76,122
1,0,8,45,0,1,52,14,0,54,53,53,67,68,121
1,0,10,41,1,3,53,12,0,57,51,52,63,69,121
2,0,0,44,0,2,59,13,0,63,44,44,57,76,120
1,0,10,44,0,4,48,17,0,53,54,54,71,70,124
1,0,6,42,1,2,56,15,0,59,48,49,63,74,123
0,0,10,37,0,5,59,12,0,64,47,47,59,76,123
1,0,0,50,1,4,54,14,0,59,50,51,64,73,124
1,0,9,42,1,3,52,14,0,56,51,52,65,70,122
0,0,9,41,0,4,55,14,0,59,50,50,64,73,123
1,0,7,42,1,4,56,13,0,61,49,50,62,74,124
1,0,6,41,0,4,59,11,0,64,47,47,58,75,122
1,0,6,44,1,5,57,11,0,63,50,51,61,74,125
1,0,10,37,0,2,57,14,0,60,47,47,61,74,121
0,0,7,45,1,2,53,14,0,55,52,53,66,69,122
1,0,0,51,0,1,55,12,0,57,51,51,63,69,120
0,0,8,42,0,3,51,18,0,54,50,50,68,72,122
0,0,7,43,1,4,51,17,0,55,50,51,67,72,123
1,0,9,46,1,3,50,14,0,54,55,56,69,68,124
0,0,8,44,1,3,55,10,0,58,52,53,62,68,121
0,0,0,45,1,3,58,15,0,61,45,46,60,76,122
1,0,10,43,1,2,52,12,0,55,53,54,65,67,121
1,0,13,41,0,2,48,16,0,51,54,54,70,67,121
2,0,7,40,1,1,57,12,0,60,47,48,59,72,120
0,0,9,40,1,3,60,10,0,63,49,50,59,73,123
0,0,9,44,1,2,52,13,0,54,53,54,66,67,121
2,0,9,37,1,4,55,15,0,61,46,47,61,76,123
1,0,7,40,6,5,48,14,0,54,47,53,61,68,121
1,0,10,44,1,2,50,14,0,53,54,55,68,67,122
1,0,8,43,1,4,54,13,0,59,51,52,64,72,124
1,0,6,49,0,4,52,12,0,57,55,55,67,69,124
1,0,8,43,1,3,50,16,0,54,51,52,67,70,122
1,0,9,41,0,3,53,14,0,57,50,50,64,71,121
1,0,6,48,0,3,52,10,0,56,54,54,64,66,120
2,0,8,44,0,2,49,15,0,53,52,52,67,68,120
0,0,11,40,1,4,50,18,0,54,51,52,69,72,124
1,0,7,47,1,5,48,15,0,54,54,55,69,69,124
1,0,8,42,0,1,55,14,0,57,50,50,64,71,121
1,0,7,46,0,6,49,17,0,56,53,53,70,73,126
1,0,10,42,1,3,49,17,0,53,52,53,69,70,123
1,0,12,34,1,5,54,18,0,60,46,47,64,78,125
1,0,7,45,1,3,53,12,0,57,52,53,64,69,122
1,0,7,49,1,4,47,13,0,52,56,57,69,65,122
1,0,13,37,0,4,51,17,0,56,50,50,67,73,123
1,0,9,46,0,3,47,15,0,51,55,55,70,66,121
0,0,9,43,1,2,47,20,0,49,52,53,72,69,122
1,0,8,39,1,4,58,13,0,63,47,48,60,76,124
1,0,8,41,1,4,55,15,0,60,49,50,64,75,125
2,0,7,42,1,4,53,15,0,59,49,50,64,74,124
1,0,7,42,1,3,54,14,0,58,49,50,63,72,122
1,0,10,37,0,2,54,17,0,57,47,47,64,74,121
0,0,8,43,1,4,54,14,0,58,51,52,65,72,124
1,0,8,44,1,3,47,17,0,51,52,53,69,68,121
1,0,13,35,0,3,55,15,0,59,48,48,63,74,122
1,0,10,37,1,4,57,13,0,62,47,48,60,75,123
2,0,6,45,1,2,52,13,0,56,51,52,64,69,121
2,0,8,37,1,3,60,12,0,65,45,46,57,77,123
2,0,9,43,0,3,53,12,0,58,52,52,64,70,122
1,0,6,47,1,2,51,14,0,54,53,54,67,68,122
1,0,10,44,1,5,49,14,0,55,54,55,68,69,124
0,0,0,49,0,4,59,11,0,63,49,49,60,74,123
1,0,11,37,1,3,57,11,0,61,48,49,59,72,121
0,0,8,49,1,2,45,16,0,47,57,58,73,63,121
2,0,6,45,0,2,53,13,0,57,51,51,64,70,121
1,0,8,42,0,4,53,16,0,58,50,50,66,74,124
1,0,7,45,0,2,54,12,0,57,52,52,64,69,121
1,0,8,43,1,2,51,15,0,54,51,52,66,69,121
1,0,7,39,1,4,59,12,0,64,46,47,58,76,123
0,0,8,43,0,2,57,11,0,59,51,51,62,70,121
0,0,7,46,0,3,55,10,0,58,53,53,63,68,121
1,0,6,46,1,2,53,13,0,56,52,53,65,69,122
0,0,0,50,0,4,57,11,0,61,50,50,61,72,122
1,0,6,42,1,3,52,18,0,56,48,49,66,74,123
1,0,11,35,1,2,57,14,0,60,46,47,60,74,121
0,0,14,34,0,2,56,14,0,58,48,48,62,72,120
1,0,7,45,0,3,50,14,0,54,52,52,66,68,120
1,0,8,43,0,2,55,12,0,58,51,51,63,70,121
1,0,7,44,1,3,56,12,0,60,51,52,63,72,124
1,0,7,50,1,3,50,11,0,54,57,58,68,65,123
0,0,8,40,0,3,52,17,0,55,48,48,65,72,120
1,0,9,39,0,4,56,14,0,61,48,48,62,75,123
1,0,8,46,0,3,52,12,0,56,54,54,66,68,122
1,0,7,44,1,4,55,12,0,60,51,52,63,72,124
1,0,7,48,1,3,47,14,0,51,55,56,69,65,121
1,0,8,38,0,3,58,14,0,62,46,46,60,76,122
1,0,8,44,1,3,49,16,0,53,52,53,68,69,122
0,0,9,42,1,3,52,16,0,55,51,52,67,71,123
1,0,8,43,1,5,55,11,0,61,51,52,62,72,124
0,0,8,40,0,3,58,12,0,61,48,48,60,73,121
1,0,10,38,1,3,57,13,0,61,48,49,61,74,123
1,0,7,42,0,4,53,13,0,58,49,49,62,71,120
1,0,9,44,0,3,51,14,0,55,53,53,67,69,122
1,0,8,40,1,5,56,14,0,62,48,49,62,76,125
0,0,9,45,1,3,51,13,0,54,54,55,67,67,122
1,0,9,41,0,2,57,10,0,60,50,50,60,70,120
1,0,7,43,0,5,56,11,0,62,50,50,61,73,123
1,0,9,46,0,3,50,11,0,54,55,55,66,65,120
1,0,0,44,0,5,58,16,0,64,44,44,60,80,124
1,0,7,46,0,3,52,13,0,56,53,53,66,69,122
2,0,10,42,1,3,50,14,0,55,52,53,66,69,122
0,0,0,52,1,3,54,12,0,57,52,53,64,69,122
2,0,7,42,0,2,57,10,0,61,49,49,59,71,120
1,0,7,41,0,2,53,16,0,56,48,48,64,72,120
1,0,6,45,0,3,52,14,0,56,51,51,65,70,121
0,0,8,40,0,3,56,14,0,59,48,48,62,73,121
1,0,6,50,1,3,45,17,0,49,56,57,73,66,123
1,0,9,37,0,4,54,18,0,59,46,46,64,77,123
1,0,0,49,1,4,59,9,0,64,49,50,58,73,123
2,0,9,41,0,1,47,20,0,50,50,50,70,70,120
1,0,7,45,0,1,55,12,0,57,52,52,64,69,121
1,0,11,40,0,2,49,17,0,52,51,51,68,69,120
1,0,8,39,1,5,56,13,0,62,47,48,60,75,123
1,0,12,40,0,2,53,13,0,56,52,52,65,69,121
1,0,8,44,1,4,52,15,0,57,52,53,67,72,125
1,0,10,40,1,4,50,19,0,55,50,51,69,74,125
1,0,8,45,1,2,50,16,0,53,53,54,69,69,123
1,0,7,48,0,3,49,13,0,53,55,55,68,66,121
2,0,7,44,1,3,53,12,0,58,51,52,63,70,122
1,0,9,41,1,1,55,14,0,57,50,51,64,71,122
2,0,8,38,0,3,56,14,0,61,46,46,60,75,121
1,0,8,43,1,4,54,13,0,59,51,52,64,72,124
0,0,9,44,0,3,50,15,0,53,53,53,68,68,121
2,0,7,41,1,3,54,14,0,59,48,49,62,73,122
0,0,0,49,0,0,56,15,0,56,49,49,64,71,120
1,0,6,45,0,3,52,16,0,56,51,51,67,72,123
1,0,0,46,1,3,61,9,0,65,46,47,55,74,121
1,0,7,43,0,3,54,14,0,58,50,50,64,72,122
1,0,7,44,1,2,53,15,0,56,51,52,66,71,123
1,0,8,47,0,3,49,14,0,53,55,55,69,67,122
1,0,0,50,1,4,54,15,0,59,50,51,65,74,125
1,0,8,45,1,2,51,15,0,54,53,54,68,69,123
1,0,8,38,0,3,53,18,0,57,46,46,64,75,121
1,0,9,41,0,4,56,13,0,61,50,50,63,74,124
1,0,0,44,0,2,60,14,0,63,44,44,58,77,121
1,0,6,42,1,2,58,11,0,61,48,49,59,72,121
0,0,0,48,1,2,58,12,0,60,48,49,60,72,121
1,0,9,46,0,3,49,15,0,53,55,55,70,68,123
1,0,7,45,1,2,53,12,0,56,52,53,64,68,121
1,0,6,48,0,3,49,14,0,53,54,54,68,67,121
1,0,10,39,1,3,47,22,0,51,49,50,71,73,123
2,0,8,39,0,2,56,14,0,60,47,47,61,74,121
6,0,10,42,0,2,48,12,0,56,52,52,64,68,120
0,0,8,43,0,4,53,14,0,57,51,51,65,71,122
1,0,7,49,1,3,51,12,0,55,56,57,68,67,124
1,0,9,39,1,2,54,14,0,57,48,49,62,71,120
1,0,8,43,1,5,49,15,0,55,51,52,66,70,122
1,0,8,41,1,2,55,15,0,58,49,50,64,73,123
1,0,7,46,1,4,52,13,0,57,53,54,66,70,124
1,0,10,39,0,3,55,15,0,59,49,49,64,74,123
1,0,10,38,0,4,56,15,0,61,48,48,63,76,124
1,0,9,39,0,6,58,12,0,65,48,48,60,77,125
1,0,6,45,1,2,54,12,0,57,51,52,63,69,121
2,0,8,39,0,3,54,14,0,59,47,47,61,73,120
1,0,7,47,1,2,52,12,0,55,54,55,66,67,122
1,0,9,43,1,4,52,12,0,57,52,53,64,69,122
0,0,8,42,1,4,60,9,0,64,50,51,59,73,124
2,0,8,44,1,4,50,12,0,56,52,53,64,68,121
0,0,0,47,1,3,59,12,0,62,47,48,59,74,122
1,0,0,51,1,5,53,14,0,59,51,52,65,73,125
1,0,13,38,1,5,50,17,0,56,51,52,68,73,125
1,0,0,49,0,2,54,14,0,57,49,49,63,71,120
0,0,10,39,0,5,56,13,0,61,49,49,62,74,123
1,0,8,44,1,3,51,13,0,55,52,53,65,68,121
1,0,8,44,1,4,52,14,0,57,52,53,66,71,124
1,0,9,46,1,4,51,13,0,56,55,56,68,69,125
0,0,0,51,1,4,53,12,0,57,51,52,63,69,121
1,0,8,42,0,4,52,17,0,57,50,50,67,74,124
1,0,0,49,1,1,51,18,0,53,49,50,67,71,121
1,0,8,45,1,4,53,13,0,58,53,54,66,71,125
1,0,11,40,0,4,56,11,0,61,51,51,62,72,123
1,0,9,41,1,3,52,15,0,56,50,51,65,71,122
1,0,8,43,0,3,54,13,0,58,51,51,64,71,122
1,0,8,41,0,5,56,12,0,62,49,49,61,74,123
1,0,7,45,0,4,53,14,0,58,52,52,66,72,124
0,0,10,38,1,3,57,14,0,60,48,49,62,74,123
0,0,8,44,1,3,52,13,0,55,52,53,65,68,121
1,0,7,44,1,2,56,10,0,59,51,52,61,69,121
1,0,7,42,0,3,53,15,0,57,49,49,64,72,121
1,0,11,37,0,2,57,13,0,60,48,48,61,73,121
1,0,7,45,0,4,51,13,0,56,52,52,65,69,121
0,0,9,37,0,3,56,16,0,59,46,46,62,75,121
1,0,7,41,1,2,54,16,0,57,48,49,64,73,122
0,0,10,39,0,5,58,11,0,63,49,49,60,74,123
0,0,9,37,0,2,54,19,0,56,46,46,65,75,121
2,0,9,38,1,2,55,14,0,59,47,48,61,73,121
1,0,7,44,1,5,55,12,0,61,51,52,63,73,125
0,0,8,45,0,3,52,13,0,55,53,53,66,68,121
1,0,7,44,1,1,54,13,0,56,51,52,64,69,121
1,0,8,43,1,5,53,13,0,59,51,52,64,72,124
1,0,9,40,1,4,57,12,0,62,49,50,61,74,124
1,0,6,48,0,4,51,14,0,56,54,54,68,70,124
1,0,9,43,0,3,50,14,0,54,52,52,66,68,120
1,0,8,41,0,2,57,12,0,60,49,49,61,72,121
1,0,8,43,1,1,53,14,0,55,51,52,65,69,121
0,0,8,41,1,3,52,17,0,55,49,50,66,72,122
1,0,7,42,1,3,57,10,0,61,49,50,59,71,121
1,0,0,42,1,3,61,16,0,65,42,43,58,81,124
1,0,7,43,1,3,51,15,0,55,50,51,65,70,121
1,0,10,37,0,4,57,16,0,62,47,47,63,78,125
1,0,12,37,0,2,53,15,0,56,49,49,64,71,120
2,0,0,46,1,4,57,11,0,63,46,47,57,74,121
1,0,0,49,0,4,58,11,0,63,49,49,60,74,123
1,0,10,40,1,3,57,12,0,61,50,51,62,73,124
1,0,7,44,1,5,50,17,0,56,51,52,68,73,125
1,0,6,43,1,3,55,13,0,59,49,50,62,72,122
2,0,7,43,1,3,55,10,0,60,50,51,60,70,121
1,0,9,46,1,3,49,13,0,53,55,56,68,66,122
0,0,9,43,0,3,55,11,0,58,52,52,63,69,121
1,0,6,47,0,3,54,11,0,58,53,53,64,69,122
2,0,8,42,0,5,53,13,0,60,50,50,63,73,123
1,0,8,41,1,3,52,16,0,56,49,50,65,72,122
0,0,8,42,0,2,51,17,0,53,50,50,67,70,120
1,0,6,43,1,3,55,13,0,59,49,50,62,72,122
1,0,7,50,1,1,45,17,0,47,57,58,74,64,122
1,0,0,55,1,3,52,10,0,56,55,56,65,66,122
1,0,8,42,0,2,53,14,0,56,50,50,64,70,120
1,0,8,42,1,4,53,14,0,58,50,51,64,72,123
1,0,7,43,1,2,54,13,0,57,50,51,63,70,121
5,0,7,42,1,2,51,14,0,58,49,50,63,72,122
1,0,11,42,1,3,52,13,0,56,53,54,66,69,123
1,0,7,48,0,3,51,13,0,55,55,55,68,68,123
0,0,9,38,0,4,54,15,0,58,47,47,62,73,120
1,0,7,48,1,4,51,12,0,56,55,56,67,68,124
1,0,6,46,0,4,51,16,0,56,52,52,68,72,124
1,0,10,41,0,3,53,14,0,57,51,51,65,71,122
1,0,11,37,0,3,56,13,0,60,48,48,61,73,121
1,0,6,42,1,4,58,13,0,63,48,49,61,76,125
1,0,8,43,0,3,55,10,0,59,51,51,61,69,120
0,0,11,42,1,3,52,13,0,55,53,54,66,68,122
0,0,7,47,0,4,53,11,0,57,54,54,65,68,122
0,0,8,44,1,4,53,14,0,57,52,53,66,71,124
0,0,8,42,1,6,56,11,0,62,50,51,61,73,124
1,0,6,41,1,3,57,15,0,61,47,48,62,76,124
1,0,8,45,1,2,54,11,0,57,53,54,64,68,122
0,0,0,44,1,2,62,12,0,64,44,45,56,76,121
1,0,11,37,0,2,57,13,0,60,48,48,61,73,121
2,0,10,38,0,3,55,12,0,60,48,48,60,72,120
0,0,0,50,1,3,58,10,0,61,50,51,60,71,122
1,0,8,38,1,2,60,13,0,63,46,47,59,76,123
1,0,6,48,0,2,51,13,0,54,54,54,67,67,121
1,0,8,38,1,2,62,11,0,65,46,47,57,76,123
1,0,12,34,1,4,55,15,0,60,46,47,61,75,122
0,0,8,44,0,3,55,12,0,58,52,52,64,70,122
1,0,6,42,0,3,56,13,0,60,48,48,61,73,121
1,0,0,48,1,4,55,14,0,60,48,49,62,74,123
1,0,8,40,0,3,53,15,0,57,48,48,63,72,120
0,0,9,42,1,3,52,15,0,55,51,52,66,70,122
1,0,7,45,0,2,57,9,0,60,52,52,61,69,121
1,0,7,42,1,3,55,13,0,59,49,50,62,72,122
1,0,9,46,0,3,49,14,0,53,55,55,69,67,122
0,0,9,44,0,0,56,11,0,56,53,53,64,67,120
0,0,7,42,0,3,58,12,0,61,49,49,61,73,122
1,0,7,42,1,3,55,14,0,59,49,50,63,73,123
1,0,8,38,1,3,54,17,0,58,46,47,63,75,122
1,0,13,43,0,4,48,13,0,53,56,56,69,66,122
3,0,8,43,0,5,53,12,0,61,51,51,63,73,124
0,0,8,42,1,1,54,15,0,55,50,51,65,70,121
1,0,6,49,1,3,49,14,0,53,55,56,69,67,123
0,0,8,45,1,3,51,15,0,54,53,54,68,69,123
0,0,9,42,0,4,55,12,0,59,51,51,63,71,122
1,0,9,41,0,2,57,10,0,60,50,50,60,70,120
0,0,9,44,0,2,51,14,0,53,53,53,67,67,120
0,0,6,46,1,4,52,14,0,56,52,53,66,70,123
1,0,7,44,1,3,54,12,0,58,51,52,63,70,122
0,0,7,42,1,3,47,21,0,50,49,50,70,71,121
1,0,11,39,1,2,55,12,0,58,50,51,62,70,121
1,0,9,37,1,2,55,17,0,58,46,47,63,75,122
1,0,9,44,0,3,51,13,0,55,53,53,66,68,121
0,0,9,45,1,2,53,12,0,55,54,55,66,67,122
1,0,10,41,1,3,56,11,0,60,51,52,62,71,123
0,0,7,46,0,1,50,16,0,51,53,53,69,67,120
1,0,7,43,0,4,55,12,0,60,50,50,62,72,122
0,0,8,45,0,4,50,15,0,54,53,53,68,69,122
1,0,10,37,0,5,54,17,0,60,47,47,64,77,124
0,0,0,48,1,2,58,12,0,60,48,49,60,72,121
1,0,10,35,1,4,61,12,0,66,45,46,57,78,124
2,0,13,35,1,2,53,16,0,57,48,49,64,73,122
1,0,7,43,0,4,51,14,0,56,50,50,64,70,120
1,0,8,43,1,2,50,16,0,53,51,52,67,69,121
2,0,11,43,1,4,49,13,0,55,54,55,67,68,123
0,0,0,46,1,4,57,13,0,61,46,47,59,74,121
0,0,11,37,1,4,58,12,0,62,48,49,60,74,123
0,0,7,45,1,3,55,9,0,58,52,53,61,67,120
0,0,8,41,0,2,58,12,0,60,49,49,61,72,121
1,0,11,38,0,4,50,16,0,55,49,49,65,71,120
1,0,7,44,1,4,54,13,0,59,51,52,64,72,124
1,0,8,48,0,2,49,13,0,52,56,56,69,65,121
1,0,6,46,1,1,51,16,0,53,52,53,68,69,122
2,0,9,39,1,2,56,13,0,60,48,49,61,73,122
0,0,8,43,1,4,54,13,0,58,51,52,64,71,123
1,0,6,41,0,3,61,11,0,65,47,47,58,76,123
1,0,6,44,1,3,55,11,0,59,50,51,61,70,121
1,0,7,43,1,1,53,16,0,55,50,51,66,71,122
1,0,7,44,0,2,54,13,0,57,51,51,64,70,121
1,0,10,41,1,3,55,12,0,59,51,52,63,71,123
1,0,9,40,0,2,58,10,0,61,49,49,59,71,120
1,0,8,45,0,2,52,12,0,55,53,53,65,67,120
1,0,11,43,1,2,51,14,0,54,54,55,68,68,123
1,0,7,49,1,5,51,10,0,57,56,57,66,67,124
1,0,12,38,0,2,50,17,0,53,50,50,67,70,120
0,0,0,43,1,3,60,15,0,63,43,44,58,78,122
1,0,6,41,0,3,57,13,0,61,47,47,60,74,121
1,0,10,44,1,2,50,13,0,53,54,55,67,66,121
1,0,8,44,1,4,49,16,0,54,52,53,68,70,123
1,0,6,46,1,2,53,12,0,56,52,53,64,68,121
1,0,7,42,1,3,57,12,0,61,49,50,61,73,123
0,0,7,42,1,3,54,15,0,57,49,50,64,72,122
1,0,0,46,0,3,53,18,0,57,46,46,64,75,121
1,0,7,49,1,4,47,13,0,52,56,57,69,65,122
1,0,7,47,0,3,51,13,0,55,54,54,67,68,122
1,0,8,48,0,2,53,8,0,56,56,56,64,64,120
1,0,0,47,1,3,55,15,0,59,47,48,62,74,122
1,0,9,42,1,3,51,16,0,55,51,52,67,71,123
1,0,7,45,0,3,50,16,0,54,52,52,68,70,122
0,0,8,43,0,3,55,13,0,58,51,51,64,71,122
1,0,8,41,1,1,55,13,0,57,49,50,62,70,120
1,0,7,44,1,3,52,13,0,56,51,52,64,69,121
1,0,9,44,0,3,50,14,0,54,53,53,67,68,121
1,0,8,39,1,2,54,17,0,57,47,48,64,74,122
1,0,9,45,1,2,52,12,0,55,54,55,66,67,122
1,0,12,36,0,6,56,14,0,63,48,48,62,77,125
1,0,8,39,1,3,56,15,0,60,47,48,62,75,123
1,0,10,33,1,5,60,14,0,66,43,44,57,80,124
0,0,8,44,0,3,52,15,0,55,52,52,67,70,122
0,0,8,44,1,3,53,14,0,56,52,53,66,70,123
1,0,8,45,1,1,52,14,0,54,53,54,67,68,122
1,0,9,41,1,3,50,16,0,54,50,51,66,70,121
1,0,10,39,0,3,55,13,0,59,49,49,62,72,121
1,0,7,44,0,2,57,11,0,60,51,51,62,71,122
1,0,0,47,1,2,59,13,0,62,47,48,60,75,123
1,0,6,46,0,5,50,12,0,56,52,52,64,68,120
1,0,7,39,1,2,56,16,0,59,46,47,62,75,122
0,0,13,33,0,4,62,11,0,66,46,46,57,77,123
1,0,8,42,0,3,54,14,0,58,50,50,64,72,122
1,0,0,50,0,4,49,19,0,54,50,50,69,73,123
1,0,8,47,1,5,47,17,0,53,55,56,72,70,126
1,0,6,43,0,3,54,16,0,58,49,49,65,74,123
1,0,9,40,0,3,55,14,0,59,49,49,63,73,122
0,0,7,48,0,4,50,14,0,54,55,55,69,68,123
1,0,9,40,0,2,57,13,0,60,49,49,62,73,122
1,0,7,42,1,4,52,16,0,57,49,50,65,73,123
2,0,11,37,1,4,56,12,0,62,48,49,60,74,123
1,0,10,45,0,5,48,15,0,54,55,55,70,69,124
2,0,9,43,1,2,54,10,0,58,52,53,62,68,121
0,0,7,45,1,4,52,14,0,56,52,53,66,70,123
0,0,9,35,0,2,62,13,0,64,44,44,57,77,121
1,0,9,40,0,3,54,15,0,58,49,49,64,73,122
1,0,8,45,0,1,52,14,0,54,53,53,67,68,121
1,0,7,45,0,3,54,10,0,58,52,52,62,68,120
1,0,7,42,0,0,57,14,0,58,49,49,63,72,121
1,0,7,41,1,4,54,13,0,59,48,49,61,72,121
1,0,8,40,0,5,50,19,0,56,48,48,67,75,123
0,0,9,42,0,3,54,13,0,57,51,51,64,70,121
1,0,8,45,1,3,50,13,0,54,53,54,66,67,121
6,0,11,36,1,4,55,10,0,65,47,48,57,75,123
1,0,7,45,1,3,54,12,0,58,52,53,64,70,123
1,0,9,40,0,5,55,13,0,61,49,49,62,74,123
0,0,8,39,0,4,56,14,0,60,47,47,61,74,121
1,0,0,51,0,4,50,15,0,55,51,51,66,70,121
1,0,0,50,0,4,49,17,0,54,50,50,67,71,121
1,0,6,46,1,2,54,13,0,57,52,53,65,70,123
1,0,7,45,0,5,52,10,0,58,52,52,62,68,120
5,0,0,41,1,3,61,11,0,69,41,42,52,80,122
1,0,8,42,1,3,51,16,0,55,50,51,66,71,122
0,0,11,40,1,4,53,15,0,57,51,52,66,72,124
1,0,11,37,0,1,58,12,0,60,48,48,60,72,120
2,0,10,38,0,3,52,17,0,57,48,48,65,74,122
1,0,7,42,1,1,55,14,0,57,49,50,63,71,121
1,0,0,51,1,3,54,13,0,58,51,52,64,71,123
2,0,8,39,1,4,54,15,0,60,47,48,62,75,123
1,0,6,42,0,2,55,15,0,58,48,48,63,73,121
2,0,9,37,0,3,55,14,0,60,46,46,60,74,120
1,0,7,43,0,5,50,15,0,56,50,50,65,71,121
1,0,0,47,1,3,58,12,0,62,47,48,59,74,122
1,0,8,44,1,2,51,16,0,54,52,53,68,70,123
2,0,6,45,1,2,52,12,0,56,51,52,63,68,120
1,0,6,45,0,3,50,15,0,54,51,51,66,69,120
1,0,7,41,1,4,53,18,0,58,48,49,66,76,125
1,0,7,42,0,2,52,18,0,55,49,49,67,73,122
0,0,9,44,0,4,54,11,0,58,53,53,64,69,122
1,0,10,41,0,3,51,16,0,55,51,51,67,71,122
1,0,0,47,1,3,58,13,0,62,47,48,60,75,123
4,0,7,46,0,3,49,12,0,56,53,53,65,68,121
0,0,7,42,1,3,53,15,0,56,49,50,64,71,121
1,0,8,41,1,2,57,13,0,60,49,50,62,73,123
1,0,9,42,0,2,53,14,0,56,51,51,65,70,121
2,0,8,43,0,3,53,12,0,58,51,51,63,70,121
1,0,8,37,1,3,55,17,0,59,45,46,62,76,122
1,0,8,41,1,5,53,14,0,59,49,50,63,73,123
1,0,10,43,1,3,52,11,0,56,53,54,64,67,121
1,0,8,42,0,1,55,13,0,57,50,50,63,70,120
0,0,10,45,1,2,51,13,0,53,55,56,68,66,122
1,0,11,39,0,4,47,21,0,52,50,50,71,73,123
1,0,8,37,1,2,59,13,0,62,45,46,58,75,121
1,0,12,39,0,3,55,12,0,59,51,51,63,71,122
1,0,7,47,0,1,49,15,0,51,54,54,69,66,120
0,0,8,45,1,2,54,11,0,56,53,54,64,67,121
1,0,7,43,1,2,53,14,0,56,50,51,64,70,121
2,0,9,42,0,2,50,15,0,54,51,51,66,69,120
2,0,10,36,1,2,57,13,0,61,46,47,59,74,121
0,0,10,42,1,4,55,12,0,59,52,53,64,71,124
1,0,7,49,1,2,46,16,0,49,56,57,72,65,122
1,0,10,40,0,4,55,12,0,60,50,50,62,72,122
3,0,11,40,0,0,47,19,0,50,51,51,70,69,120
1,0,9,39,1,3,59,10,0,63,48,49,58,73,122
1,0,7,42,1,2,54,15,0,57,49,50,64,72,122
1,0,9,38,0,2,53,17,0,56,47,47,64,73,120
1,0,11,38,0,4,56,14,0,61,49,49,63,75,124
2,0,8,38,1,3,54,17,0,59,46,47,63,76,123
2,0,8,46,0,4,53,9,0,59,54,54,63,68,122
1,0,8,44,1,1,52,14,0,54,52,53,66,68,121
0,0,9,37,0,4,60,13,0,64,46,46,59,77,123
0,0,9,40,1,3,54,16,0,57,49,50,65,73,123
1,0,9,46,0,2,47,16,0,50,55,55,71,66,121
1,0,7,42,0,2,51,18,0,54,49,49,67,72,121
1,0,9,44,0,2,54,10,0,57,53,53,63,67,120
0,0,7,40,0,4,58,13,0,62,47,47,60,75,122
0,0,7,44,0,1,55,13,0,56,51,51,64,69,120
0,0,8,45,1,4,55,11,0,59,53,54,64,70,124
1,0,8,43,1,3,50,16,0,54,51,52,67,70,122
1,0,7,42,0,3,57,11,0,61,49,49,60,72,121
2,0,7,40,0,2,54,16,0,58,47,47,63,74,121
1,0,7,45,0,4,48,17,0,53,52,52,69,70,122
1,0,8,42,1,5,55,14,0,61,50,51,64,75,126
1,0,0,47,0,5,57,14,0,63,47,47,61,77,124
1,0,7,39,0,5,60,13,0,66,46,46,59,79,125
1,0,8,45,0,4,54,12,0,59,53,53,65,71,124
1,0,8,41,1,5,56,10,0,62,49,50,59,72,122
1,0,7,47,0,5,48,16,0,54,54,54,70,70,124
1,0,7,41,1,0,54,17,0,55,48,49,65,72,121
1,0,10,40,0,5,54,15,0,60,50,50,65,75,125
1,0,0,49,0,5,58,11,0,64,49,49,60,75,124
1,0,11,40,0,2,53,14,0,56,51,51,65,70,121
1,0,0,46,0,2,60,12,0,63,46,46,58,75,121
0,0,7,46,0,5,47,15,0,52,53,53,68,67,120
1,0,9,40,0,2,58,11,0,61,49,49,60,72,121
1,0,7,49,1,3,47,14,0,51,56,57,70,65,122
1,0,0,47,1,4,57,13,0,62,47,48,60,75,123
1,0,8,40,0,2,54,15,0,57,48,48,63,72,120
1,0,7,47,0,2,50,13,0,53,54,54,67,66,120
1,0,9,42,1,3,52,15,0,56,51,52,66,71,123
0,0,10,40,0,5,53,14,0,58,50,50,64,72,122
3,0,11,34,0,2,56,14,0,61,45,45,59,75,120
2,0,9,38,1,4,53,13,0,59,47,48,60,72,120
2,0,11,41,1,3,54,11,0,59,52,53,63,70,123
1,0,7,41,1,4,51,20,0,56,48,49,68,76,125
1,0,8,40,0,3,56,14,0,60,48,48,62,74,122
1,0,10,44,0,3,49,14,0,53,54,54,68,67,121
1,0,9,38,0,3,49,23,0,53,47,47,70,76,123
1,0,7,45,1,3,53,13,0,57,52,53,65,70,123
0,0,7,47,1,2,54,11,0,56,54,55,65,67,122
0,0,0,50,0,3,54,13,0,57,50,50,63,70,120
1,0,7,46,0,3,50,13,0,54,53,53,66,67,120
1,0,6,46,0,5,53,13,0,59,52,52,65,72,124
1,0,0,48,1,4,54,15,0,59,48,49,63,74,123
0,0,8,43,0,3,52,16,0,55,51,51,67,71,122
1,0,0,48,0,4,56,15,0,61,48,48,63,76,124
1,0,8,39,0,2,58,13,0,61,47,47,60,74,121
1,0,10,42,0,2,55,11,0,58,52,52,63,69,121
0,0,7,43,0,4,55,14,0,59,50,50,64,73,123
1,0,7,40,1,3,58,11,0,62,47,48,58,73,121
1,0,11,42,0,3,49,14,0,53,53,53,67,67,120
1,0,7,45,0,3,52,13,0,56,52,52,65,69,121
1,0,11,43,0,4,53,10,0,58,54,54,64,68,122
1,0,9,41,1,5,52,15,0,58,50,51,65,73,124
1,0,11,41,1,4,47,19,0,52,52,53,71,71,124
1,0,11,34,1,4,60,13,0,65,45,46,58,78,124
1,0,8,41,0,4,57,9,0,62,49,49,58,71,120
1,0,9,40,0,6,57,11,0,64,49,49,60,75,124
1,0,10,37,0,3,61,10,0,65,47,47,57,75,122
1,0,8,39,1,4,57,14,0,62,47,48,61,76,124
1,0,10,43,1,4,50,13,0,55,53,54,66,68,122
1,0,10,44,1,2,51,13,0,54,54,55,67,67,122
1,0,9,40,0,4,57,12,0,62,49,49,61,74,123
0,0,9,42,0,4,53,15,0,57,51,51,66,72,123
1,0,0,47,1,3,52,18,0,56,47,48,65,74,122
1,0,6,45,0,3,54,13,0,58,51,51,64,71,122
1,0,8,46,1,3,52,11,0,56,54,55,65,67,122
1,0,7,39,0,5,53,16,0,59,46,46,62,75,121
1,0,6,46,1,3,51,15,0,55,52,53,67,70,123
1,0,7,39,0,3,61,11,0,65,46,46,57,76,122
1,0,6,43,1,6,56,11,0,63,49,50,60,74,124
0,0,0,48,0,4,48,21,0,52,48,48,69,73,121
0,0,10,38,1,4,60,10,0,64,48,49,58,74,123
1,0,14,42,1,4,49,12,0,54,56,57,68,66,123
1,0,10,43,0,4,50,15,0,55,53,53,68,70,123
0,0,0,47,1,3,57,14,0,60,47,48,61,74,122
1,0,9,39,0,4,57,12,0,62,48,48,60,74,122
1,0,7,40,1,3,57,13,0,61,47,48,60,74,122
2,0,8,43,1,2,53,12,0,57,51,52,63,69,121
1,0,10,38,1,2,56,15,0,59,48,49,63,74,123
1,0,0,46,0,2,58,14,0,61,46,46,60,75,121
1,0,0,48,1,3,56,13,0,60,48,49,61,73,122
1,0,8,43,1,0,55,14,0,56,51,52,65,70,122
1,0,0,47,1,2,59,11,0,62,47,48,58,73,121
1,0,8,43,0,2,54,12,0,57,51,51,63,69,120
1,0,9,42,0,3,51,16,0,55,51,51,67,71,122
1,0,8,44,0,5,48,17,0,54,52,52,69,71,123
1,0,8,42,1,4,51,16,0,56,50,51,66,72,123
1,0,7,43,1,2,53,15,0,56,50,51,65,71,122
1,0,8,47,1,2,48,15,0,51,55,56,70,66,122
1,0,7,45,0,2,55,11,0,58,52,52,63,69,121
1,0,6,42,0,2,57,13,0,60,48,48,61,73,121
0,0,8,42,0,5,59,10,0,64,50,50,60,74,124
0,0,7,40,1,2,58,14,0,60,47,48,61,74,122
1,0,9,43,1,2,54,12,0,57,52,53,64,69,122
1,0,12,39,1,4,55,10,0,60,51,52,61,70,122
0,0,10,39,0,2,56,14,0,58,49,49,63,72,121
1,0,12,38,0,3,52,15,0,56,50,50,65,71,121
0,0,0,53,1,4,51,14,0,55,53,54,67,69,123
0,0,7,50,1,4,47,13,0,51,57,58,70,64,122
0,0,9,44,0,4,50,16,0,54,53,53,69,70,123
1,0,0,48,1,2,55,14,0,58,48,49,62,72,121
1,0,9,43,0,1,52,15,0,54,52,52,67,69,121
1,0,8,47,0,2,51,13,0,54,55,55,68,67,122
2,0,10,39,0,5,50,17,0,57,49,49,66,74,123
1,0,12,35,1,3,56,14,0,60,47,48,61,74,122
1,0,8,43,1,1,48,19,0,50,51,52,70,69,121
1,0,8,47,1,6,47,15,0,54,55,56,70,69,125
1,0,10,39,1,3,52,15,0,56,49,50,64,71,121
1,0,10,39,0,5,57,12,0,63,49,49,61,75,124
1,0,7,43,1,4,53,16,0,58,50,51,66,74,125
1,0,11,42,1,4,50,15,0,55,53,54,68,70,124
3,0,0,48,1,3,55,13,0,61,48,49,61,74,123
3,0,9,39,1,3,52,15,0,58,48,49,63,73,122
1,0,7,43,0,2,55,13,0,58,50,50,63,71,121
1,0,11,39,0,2,57,10,0,60,50,50,60,70,120
1,0,7,43,0,5,52,16,0,58,50,50,66,74,124
1,0,6,45,1,2,51,15,0,54,51,52,66,69,121
1,0,7,40,1,4,58,12,0,63,47,48,59,75,123
1,0,6,46,1,1,53,14,0,55,52,53,66,69,122
1,0,8,43,1,2,54,13,0,57,51,52,64,70,122
0,0,9,41,0,2,52,16,0,54,50,50,66,70,120
0,0,8,44,1,4,52,14,0,56,52,53,66,70,123
1,0,9,41,0,4,56,12,0,61,50,50,62,73,123
1,0,10,42,0,3,51,14,0,55,52,52,66,69,121
1,0,7,41,1,4,55,12,0,60,48,49,60,72,121
2,0,10,42,0,3,53,12,0,58,52,52,64,70,122
1,0,0,48,0,2,61,10,0,64,48,48,58,74,122
1,0,7,47,1,5,52,13,0,58,54,55,67,71,126
1,0,9,42,1,3,56,11,0,60,51,52,62,71,123
1,0,8,43,0,1,52,15,0,54,51,51,66,69,120
2,0,10,36,0,4,55,15,0,61,46,46,61,76,122
2,0,12,35,3,3,53,14,0,58,47,50,61,72,122
2,0,8,39,0,5,57,12,0,64,47,47,59,76,123
0,0,8,45,1,3,53,13,0,56,53,54,66,69,123
1,0,7,43,0,3,51,16,0,55,50,50,66,71,121
1,0,9,41,0,1,56,12,0,58,50,50,62,70,120
1,0,0,48,1,3,55,15,0,59,48,49,63,74,123
1,0,7,46,0,3,52,11,0,56,53,53,64,67,120
1,0,8,46,0,3,49,15,0,53,54,54,69,68,122
1,0,7,47,0,5,52,12,0,58,54,54,66,70,124
1,0,9,41,0,4,56,10,0,61,50,50,60,71,121
1,0,9,40,1,4,53,16,0,58,49,50,65,74,124
1,0,7,42,1,3,56,11,0,60,49,50,60,71,121
0,0,8,43,0,2,54,14,0,56,51,51,65,70,121
1,0,11,38,1,2,51,18,0,54,49,50,67,72,122
1,0,7,42,0,3,54,15,0,58,49,49,64,73,122
0,0,0,45,1,4,59,12,0,63,45,46,57,75,121
0,0,9,39,0,3,52,18,0,55,48,48,66,73,121
0,0,12,39,1,6,53,14,0,59,51,52,65,73,125
1,0,8,43,0,2,50,16,0,53,51,51,67,69,120
1,0,9,45,1,4,51,13,0,56,54,55,67,69,124
2,0,10,42,0,2,51,14,0,55,52,52,66,69,121
1,0,6,47,1,2,53,12,0,56,53,54,65,68,122
1,0,11,40,1,4,53,15,0,58,51,52,66,73,125
1,0,9,39,1,2,54,17,0,57,48,49,65,74,123
1,0,6,44,0,3,55,12,0,59,50,50,62,71,121
1,0,11,39,0,4,56,12,0,61,50,50,62,73,123
1,0,9,39,0,2,56,13,0,59,48,48,61,72,120
1,0,10,41,1,2,55,13,0,58,51,52,64,71,123
0,0,8,42,1,3,58,9,0,61,50,51,59,70,121
2,0,10,36,1,3,55,15,0,60,46,47,61,75,122
0,0,8,39,1,2,56,14,0,58,47,48,61,72,120
4,0,9,44,1,3,49,11,0,56,53,54,64,67,121
1,0,9,43,0,5,51,14,0,57,52,52,66,71,123
0,0,9,42,1,2,50,18,0,52,51,52,69,70,122
1,0,9,45,1,2,49,14,0,52,54,55,68,66,121
2,0,9,38,1,3,55,14,0,60,47,48,61,74,122
1,0,9,38,1,2,56,15,0,59,47,48,62,74,122
1,0,8,42,1,1,55,13,0,57,50,51,63,70,121
1,0,8,43,0,3,54,13,0,58,51,51,64,71,122
1,0,7,44,1,4,53,14,0,58,51,52,65,72,124
1,0,9,39,0,1,55,15,0,57,48,48,63,72,120
1,0,11,41,1,4,55,8,0,60,52,53,60,68,121
1,0,7,43,0,4,50,16,0,55,50,50,66,71,121
0,0,0,47,1,5,57,14,0,62,47,48,61,76,124
1,0,7,44,1,3,51,15,0,55,51,52,66,70,122
1,0,9,46,0,4,51,12,0,56,55,55,67,68,123
1,0,9,39,1,3,51,18,0,55,48,49,66,73,122
1,0,13,37,1,3,53,15,0,57,50,51,65,72,123
1,0,8,45,1,3,48,15,0,52,53,54,68,67,121
0,0,8,47,1,3,51,11,0,54,55,56,66,65,121
1,0,8,40,0,4,57,12,0,62,48,48,60,74,122
1,0,10,37,1,4,59,10,0,64,47,48,57,74,122
1,0,0,46,0,3,58,12,0,62,46,46,58,74,120
1,0,10,46,1,4,49,14,0,54,56,57,70,68,125
2,0,8,45,0,2,52,12,0,56,53,53,65,68,121
1,0,7,48,1,4,52,11,0,57,55,56,66,68,124
1,0,8,41,1,3,56,11,0,60,49,50,60,71,121
1,0,0,50,0,3,59,10,0,63,50,50,60,73,123
1,0,8,47,1,5,52,11,0,58,55,56,66,69,125
1,0,7,45,0,3,58,8,0,62,52,52,60,70,122
0,0,7,44,1,2,52,14,0,54,51,52,65,68,120
1,0,6,42,1,3,57,10,0,61,48,49,58,71,120
2,0,9,39,1,3,54,15,0,59,48,49,63,74,123
1,0,10,41,1,4,52,15,0,57,51,52,66,72,124
1,0,11,40,1,4,54,11,0,59,51,52,62,70,122
1,0,9,36,1,2,56,18,0,59,45,46,63,77,123
1,0,7,44,1,3,52,15,0,56,51,52,66,71,123
1,0,8,45,1,2,51,14,0,54,53,54,67,68,122
1,0,7,47,0,2,51,14,0,54,54,54,68,68,122
1,0,7,45,1,2,52,14,0,55,52,53,66,69,122
1,0,10,37,1,3,55,14,0,59,47,48,61,73,121
1,0,8,42,1,3,50,17,0,54,50,51,67,71,122
1,0,0,50,0,2,53,15,0,56,50,50,65,71,121
1,0,7,44,1,3,54,13,0,58,51,52,64,71,123
1,0,7,39,0,3,56,16,0,60,46,46,62,76,122
0,0,7,41,1,5,56,15,0,61,48,49,63,76,125
1,0,7,45,0,4,51,12,0,56,52,52,64,68,120
0,0,7,41,1,4,60,10,0,64,48,49,58,74,123
2,0,7,45,0,3,48,16,0,53,52,52,68,69,121
0,0,8,43,1,2,57,11,0,59,51,52,62,70,122
1,0,9,40,0,4,55,14,0,60,49,49,63,74,123
0,0,6,43,0,2,58,12,0,60,49,49,61,72,121
1,0,8,40,1,4,50,20,0,55,48,49,68,75,124
0,0,9,38,1,2,56,16,0,58,47,48,63,74,122
0,0,0,47,0,3,59,11,0,62,47,47,58,73,120
1,0,7,48,0,4,49,11,0,54,55,55,66,65,120
1,0,9,42,1,3,55,13,0,59,51,52,64,72,124
1,0,7,42,1,2,58,11,0,61,49,50,60,72,122
1,0,8,44,0,2,50,16,0,53,52,52,68,69,121
1,0,6,45,0,4,54,10,0,59,51,51,61,69,120
1,0,10,39,0,2,54,15,0,57,49,49,64,72,121
1,0,9,45,1,2,53,10,0,56,54,55,64,66,121
1,0,9,41,1,4,53,16,0,58,50,51,66,74,125
1,0,8,42,0,0,56,13,0,57,50,50,63,70,120
1,0,8,41,1,2,53,15,0,56,49,50,64,71,121
1,0,9,42,1,2,50,17,0,53,51,52,68,70,122
1,0,6,45,1,4,55,11,0,60,51,52,62,71,123
1,0,8,42,1,4,53,15,0,58,50,51,65,73,124
0,0,9,39,0,3,58,11,0,61,48,48,59,72,120
1,0,8,43,0,4,53,11,0,58,51,51,62,69,120
0,0,6,46,1,5,54,12,0,59,52,53,64,71,124
1,0,10,41,0,4,53,13,0,58,51,51,64,71,122
1,0,9,44,1,1,50,15,0,52,53,54,68,67,121
0,0,9,43,1,4,53,13,0,57,52,53,65,70,123
1,0,7,44,1,2,52,15,0,55,51,52,66,70,122
1,0,0,46,0,3,60,12,0,64,46,46,58,76,122
0,0,9,41,0,3,55,12,0,58,50,50,62,70,120
0,0,6,45,0,5,56,12,0,61,51,51,63,73,124
0,0,0,48,0,3,58,11,0,61,48,48,59,72,120
1,0,9,40,0,3,54,15,0,58,49,49,64,73,122
2,0,7,41,1,3,54,14,0,59,48,49,62,73,122
1,0,11,42,1,3,52,13,0,56,53,54,66,69,123
2,0,7,41,0,3,57,12,0,62,48,48,60,74,122
1,0,10,38,1,5,53,17,0,59,48,49,65,76,125
1,0,8,43,1,2,54,13,0,57,51,52,64,70,122
1,0,7,44,1,3,55,12,0,59,51,52,63,71,123
1,0,8,40,0,3,53,16,0,57,48,48,64,73,121
2,0,9,38,1,3,56,13,0,61,47,48,60,74,122
1,0,8,47,0,3,46,17,0,50,55,55,72,67,122
1,0,10,46,0,2,50,13,0,53,56,56,69,66,122
1,0,6,48,0,4,49,14,0,54,54,54,68,68,122
0,0,8,41,1,1,60,10,0,61,49,50,59,71,121
1,0,7,40,0,4,58,11,0,63,47,47,58,74,121
0,0,9,40,1,3,53,16,0,56,49,50,65,72,122
0,0,7,43,1,3,53,14,0,56,50,51,64,70,121
1,0,10,37,0,2,57,13,0,60,47,47,60,73,120
1,0,7,42,1,5,55,15,0,61,49,50,64,76,126
1,0,11,39,2,3,52,14,0,56,50,52,64,70,122
0,0,8,38,1,3,59,13,0,62,46,47,59,75,122
1,0,7,46,0,5,49,17,0,55,53,53,70,72,125
0,0,7,43,0,3,55,12,0,58,50,50,62,70,120
1,0,6,45,1,3,51,15,0,55,51,52,66,70,122
2,0,9,41,1,5,49,18,0,56,50,51,68,74,125
1,0,7,46,1,3,50,15,0,54,53,54,68,69,123
2,0,8,44,0,4,52,12,0,58,52,52,64,70,122
1,0,8,43,1,4,52,15,0,57,51,52,66,72,124
1,0,9,44,0,5,48,14,0,54,53,53,67,68,121
1,0,0,48,0,4,60,9,0,65,48,48,57,74,122
1,0,7,40,1,2,59,11,0,62,47,48,58,73,121
1,0,8,41,1,4,55,13,0,60,49,50,62,73,123
0,0,7,49,1,2,49,13,0,51,56,57,69,64,121
1,0,9,45,0,5,49,12,0,55,54,54,66,67,121
1,0,8,43,0,4,56,10,0,61,51,51,61,71,122
1,0,8,46,0,4,52,11,0,57,54,54,65,68,122
1,0,9,42,0,3,57,11,0,61,51,51,62,72,123
1,0,7,45,0,3,51,14,0,55,52,52,66,69,121
1,0,7,44,0,2,55,11,0,58,51,51,62,69,120
2,0,10,41,0,3,51,14,0,56,51,51,65,70,121
1,0,6,47,1,2,54,11,0,57,53,54,64,68,122
1,0,7,42,1,3,54,14,0,58,49,50,63,72,122
1,0,10,39,1,3,53,15,0,57,49,50,64,72,122
1,0,10,41,1,5,56,11,0,62,51,52,62,73,125
2,0,9,41,0,4,55,12,0,61,50,50,62,73,123
1,0,11,41,1,5,52,12,0,58,52,53,64,70,123
1,0,8,41,1,2,55,13,0,58,49,50,62,71,121
1,0,8,43,0,2,55,13,0,58,51,51,64,71,122
1,0,8,44,0,2,54,12,0,57,52,52,64,69,121
1,0,10,44,0,2,53,12,0,56,54,54,66,68,122
1,0,8,45,0,2,52,13,0,55,53,53,66,68,121
1,0,9,43,1,4,53,14,0,58,52,53,66,72,125
1,0,11,43,0,1,50,14,0,52,54,54,68,66,120
2,0,8,42,1,3,54,13,0,59,50,51,63,72,123
0,0,9,41,0,2,53,16,0,55,50,50,66,71,121
1,0,9,41,0,5,50,17,0,56,50,50,67,73,123
1,0,9,40,1,5,55,12,0,61,49,50,61,73,123
2,0,8,42,0,2,51,16,0,55,50,50,66,71,121
1,0,11,39,0,2,55,13,0,58,50,50,63,71,121
1,0,8,39,1,4,55,16,0,60,47,48,63,76,124
0,0,8,38,1,2,56,16,0,58,46,47,62,74,121
1,0,11,45,0,2,51,12,0,54,56,56,68,66,122
1,0,0,55,0,0,52,13,0,53,55,55,68,66,121
1,0,7,44,1,1,53,14,0,55,51,52,65,69,121
1,0,7,42,1,4,51,17,0,56,49,50,66,73,123
1,0,6,47,1,2,52,13,0,55,53,54,66,68,122
1,0,8,46,1,1,49,16,0,51,54,55,70,67,122
1,0,7,43,1,2,55,13,0,58,50,51,63,71,122
0,0,6,40,1,4,57,15,0,61,46,47,61,76,123
1,0,8,41,1,6,52,18,0,59,49,50,67,77,127
2,0,9,41,1,4,51,13,0,57,50,51,63,70,121
1,0,10,43,1,2,52,13,0,55,53,54,66,68,122
1,0,0,49,0,3,56,13,0,60,49,49,62,73,122
1,0,7,41,0,4,58,12,0,63,48,48,60,75,123
2,0,8,45,0,4,51,13,0,57,53,53,66,70,123
3,0,6,44,0,4,51,15,0,58,50,50,65,73,123
1,0,9,39,1,3,58,11,0,62,48,49,59,73,122
1,0,7,42,0,3,59,10,0,63,49,49,59,73,122
0,0,7,43,1,3,53,15,0,56,50,51,65,71,122
1,0,10,37,0,3,52,17,0,56,47,47,64,73,120
0,0,8,44,0,4,54,11,0,58,52,52,63,69,121
1,0,7,48,1,2,51,13,0,54,55,56,68,67,123
1,0,7,44,1,2,50,16,0,53,51,52,67,69,121
1,0,8,42,1,4,52,15,0,57,50,51,65,72,123
1,0,8,41,1,3,52,17,0,56,49,50,66,73,123
1,0,10,40,0,2,51,18,0,54,50,50,68,72,122
0,0,7,43,0,5,55,13,0,60,50,50,63,73,123
3,0,9,38,1,3,53,15,0,59,47,48,62,74,122
1,0,7,44,0,5,53,14,0,59,51,51,65,73,124
1,0,8,42,0,4,52,17,0,57,50,50,67,74,124
1,0,7,42,1,4,52,18,0,57,49,50,67,75,125
0,0,7,46,0,4,51,14,0,55,53,53,67,69,122
0,0,10,40,1,1,54,15,0,55,50,51,65,70,121
1,0,8,46,1,4,50,14,0,55,54,55,68,69,124
1,0,8,41,0,2,51,18,0,54,49,49,67,72,121
1,0,6,49,1,3,48,15,0,52,55,56,70,67,123
0,0,9,43,0,5,51,16,0,56,52,52,68,72,124
0,0,7,44,1,4,55,11,0,59,51,52,62,70,122
0,0,0,48,1,4,56,14,0,60,48,49,62,74,123
1,0,8,39,0,2,59,11,0,62,47,47,58,73,120
3,0,8,43,1,0,53,13,0,56,51,52,64,69,121
4,0,0,47,1,1,54,14,0,59,47,48,61,73,121
1,0,7,42,0,3,56,13,0,60,49,49,62,73,122
1,0,7,44,0,2,54,13,0,57,51,51,64,70,121
1,0,8,46,0,3,55,9,0,59,54,54,63,68,122
1,0,7,42,0,3,55,15,0,59,49,49,64,74,123
1,0,0,45,0,3,59,14,0,63,45,45,59,77,122
1,0,12,42,0,3,45,18,0,49,54,54,72,67,121
0,0,8,39,1,4,57,11,0,61,47,48,58,72,120
1,0,8,41,2,4,55,13,0,60,49,51,62,73,124
1,0,7,41,0,3,55,14,0,59,48,48,62,73,121
1,0,8,41,1,2,52,16,0,55,49,50,65,71,121
0,0,7,43,1,3,56,12,0,59,50,51,62,71,122
1,0,10,38,0,3,54,16,0,58,48,48,64,74,122
1,0,10,40,1,3,58,10,0,62,50,51,60,72,123
1,0,7,46,0,3,52,13,0,56,53,53,66,69,122
1,0,9,41,1,5,56,11,0,62,50,51,61,73,124
1,0,6,47,1,3,52,13,0,56,53,54,66,69,123
2,0,8,45,0,3,50,13,0,55,53,53,66,68,121
1,0,7,48,0,3,52,12,0,56,55,55,67,68,123
1,0,0,49,1,2,51,17,0,54,49,50,66,71,121
0,0,6,42,1,2,54,17,0,56,48,49,65,73,122
1,0,7,41,0,5,58,11,0,64,48,48,59,75,123
0,0,8,45,0,3,54,11,0,57,53,53,64,68,121
1,0,7,45,1,2,50,16,0,53,52,53,68,69,122
1,0,7,50,0,5,50,11,0,56,57,57,68,67,124
1,0,8,46,0,2,54,10,0,57,54,54,64,67,121
1,0,8,42,1,1,54,15,0,56,50,51,65,71,122
1,0,7,39,1,2,59,12,0,62,46,47,58,74,121
2,0,0,48,1,3,55,13,0,60,48,49,61,73,122
5,0,10,40,1,4,53,10,0,62,50,51,60,72,123
0,0,7,46,0,0,56,11,0,56,53,53,64,67,120
1,0,10,39,1,2,53,16,0,56,49,50,65,72,122
1,0,0,48,0,4,56,14,0,61,48,48,62,75,123
0,0,8,46,0,4,46,19,0,50,54,54,73,69,123
1,0,6,45,0,3,51,16,0,55,51,51,67,71,122
1,0,7,48,1,3,48,15,0,52,55,56,70,67,123
1,0,6,42,0,3,58,11,0,62,48,48,59,73,121
0,0,6,46,0,3,53,13,0,56,52,52,65,69,121
1,0,0,50,1,3,55,12,0,59,50,51,62,71,122
2,0,6,42,1,5,56,12,0,63,48,49,60,75,124
1,0,8,48,0,2,47,15,0,50,56,56,71,65,121
1,0,11,39,0,4,49,17,0,54,50,50,67,71,121
0,0,7,45,1,3,56,11,0,59,52,53,63,70,123
1,0,7,44,0,3,49,16,0,53,51,51,67,69,120
3,0,8,39,0,3,50,18,0,56,47,47,65,74,121
1,0,0,52,1,5,53,12,0,59,52,53,64,71,124
1,0,8,41,1,2,54,16,0,57,49,50,65,73,123
1,0,7,43,1,2,54,14,0,57,50,51,64,71,122
0,0,10,42,1,2,51,15,0,53,52,53,67,68,121
1,0,8,48,0,4,46,16,0,51,56,56,72,67,123
1,0,6,42,0,2,54,17,0,57,48,48,65,74,122
1,0,10,43,0,4,52,14,0,57,53,53,67,71,124
1,0,7,41,1,3,52,17,0,56,48,49,65,73,122
1,0,9,42,0,2,53,13,0,56,51,51,64,69,120
1,0,6,45,0,4,55,12,0,60,51,51,63,72,123
1,0,11,39,0,2,54,15,0,57,50,50,65,72,122
2,0,0,46,1,4,56,14,0,62,46,47,60,76,123
0,0,6,42,0,2,57,13,0,59,48,48,61,72,120
0,0,0,51,0,4,56,11,0,60,51,51,62,71,122
3,0,9,44,1,2,53,9,0,58,53,54,62,67,121
1,0,9,40,0,3,59,10,0,63,49,49,59,73,122
1,0,8,45,0,4,52,13,0,57,53,53,66,70,123
2,0,7,45,1,2,53,11,0,57,52,53,63,68,121
1,0,7,43,1,2,50,18,0,53,50,51,68,71,122
0,0,9,44,1,4,52,11,0,56,53,54,64,67,121
2,0,6,46,0,4,47,16,0,53,52,52,68,69,121
1,0,7,49,1,3,50,12,0,54,56,57,68,66,123
1,0,6,47,1,4,52,13,0,57,53,54,66,70,124
3,0,10,38,1,3,55,12,0,61,48,49,60,73,122
1,0,9,40,1,3,53,15,0,57,49,50,64,72,122
1,0,11,43,0,3,50,13,0,54,54,54,67,67,121
0,0,9,43,0,4,55,12,0,59,52,52,64,71,123
1,0,9,43,0,3,55,10,0,59,52,52,62,69,121
1,0,11,37,1,4,48,19,0,53,48,49,67,72,121
1,0,6,45,1,5,53,11,0,59,51,52,62,70,122
0,0,8,40,0,5,55,13,0,60,48,48,61,73,121
1,0,6,40,1,4,57,13,0,62,46,47,59,75,122
0,0,6,44,0,3,53,16,0,56,50,50,66,72,122
1,0,6,42,0,2,54,16,0,57,48,48,64,73,121
1,0,0,48,0,3,52,16,0,56,48,48,64,72,120
4,0,7,45,0,3,52,11,0,59,52,52,63,70,122
1,0,8,45,0,3,51,15,0,55,53,53,68,70,123
1,0,7,42,0,5,53,15,0,59,49,49,64,74,123
2,0,8,39,0,4,58,11,0,64,47,47,58,75,122
0,0,11,38,0,4,56,13,0,60,49,49,62,73,122
1,0,9,45,0,5,48,15,0,54,54,54,69,69,123
1,0,8,46,0,3,51,11,0,55,54,54,65,66,120
1,0,8,45,0,3,52,11,0,56,53,53,64,67,120
1,0,8,42,1,5,54,15,0,60,50,51,65,75,126
1,0,8,45,1,4,51,14,0,56,53,54,67,70,124
1,0,9,37,1,2,59,13,0,62,46,47,59,75,122
1,0,7,46,0,4,52,12,0,57,53,53,65,69,122
1,0,0,45,0,2,62,11,0,65,45,45,56,76,121
1,0,8,41,0,4,59,11,0,64,49,49,60,75,124
1,0,7,45,0,3,52,13,0,56,52,52,65,69,121
1,0,0,48,1,3,60,11,0,64,48,49,59,75,124
1,0,7,44,0,1,52,15,0,54,51,51,66,69,120
0,0,0,54,1,4,49,15,0,53,54,55,69,68,123
1,0,7,41,1,3,51,18,0,55,48,49,66,73,122
1,0,7,44,1,2,54,12,0,57,51,52,63,69,121
1,0,9,41,1,4,57,12,0,62,50,51,62,74,125
1,0,11,36,1,2,58,13,0,61,47,48,60,74,122
1,0,6,46,1,2,56,9,0,59,52,53,61,68,121
2,0,10,39,0,2,51,16,0,55,49,49,65,71,120
0,0,10,47,1,3,46,13,0,49,57,58,70,62,120
1,0,8,44,0,2,52,14,0,55,52,52,66,69,121
0,0,9,41,0,3,55,14,0,58,50,50,64,72,122
0,0,9,38,1,3,53,19,0,56,47,48,66,75,123
1,0,6,45,1,4,55,12,0,60,51,52,63,72,124
3,0,9,40,0,5,51,14,0,59,49,49,63,73,122
1,0,8,45,1,3,52,14,0,56,53,54,67,70,124
1,0,7,46,0,4,53,12,0,58,53,53,65,70,123
1,0,8,46,0,3,51,12,0,55,54,54,66,67,121
1,0,6,45,1,3,55,11,0,59,51,52,62,70,122
2,0,9,37,1,2,53,18,0,57,46,47,64,75,122
1,0,10,40,1,4,53,13,0,58,50,51,63,71,122
1,0,7,42,0,4,57,11,0,62,49,49,60,73,122
2,0,7,49,0,3,49,12,0,54,56,56,68,66,122
1,0,8,47,1,4,49,14,0,54,55,56,69,68,124
1,0,7,40,0,3,55,15,0,59,47,47,62,74,121
0,0,6,47,0,3,54,12,0,57,53,53,65,69,122
1,0,7,46,1,3,50,15,0,54,53,54,68,69,123
0,0,8,45,0,4,52,13,0,56,53,53,66,69,122
1,0,10,44,0,4,51,13,0,56,54,54,67,69,123
1,0,10,39,0,3,53,16,0,57,49,49,65,73,122
0,0,0,52,1,4,53,13,0,57,52,53,65,70,123
0,0,9,42,0,2,54,13,0,56,51,51,64,69,120
0,0,0,51,1,3,57,10,0,60,51,52,61,70,122
1,0,7,46,0,2,50,14,0,53,53,53,67,67,120
1,0,0,50,1,4,52,16,0,57,50,51,66,73,124
2,0,8,40,0,3,53,15,0,58,48,48,63,73,121
0,0,9,46,1,3,50,12,0,53,55,56,67,65,121
1,0,6,42,0,3,57,12,0,61,48,48,60,73,121
1,0,8,42,0,5,55,12,0,61,50,50,62,73,123
1,0,9,42,1,3,58,9,0,62,51,52,60,71,123
1,0,9,44,0,4,50,14,0,55,53,53,67,69,122
1,0,7,44,0,3,53,14,0,57,51,51,65,71,122
1,0,8,45,0,4,51,15,0,56,53,53,68,71,124
0,0,10,41,0,4,54,14,0,58,51,51,65,72,123
1,0,11,41,0,7,49,12,0,57,52,52,64,69,121
1,0,6,45,1,3,50,17,0,54,51,52,68,71,123
1,0,9,38,0,3,55,15,0,59,47,47,62,74,121
1,0,0,46,0,3,56,17,0,60,46,46,63,77,123
1,0,9,45,0,3,49,16,0,53,54,54,70,69,123
1,0,12,39,0,3,53,12,0,57,51,51,63,69,120
1,0,10,44,1,2,50,14,0,53,54,55,68,67,122
0,0,11,40,1,3,54,14,0,57,51,52,65,71,123
0,0,9,44,0,3,54,10,0,57,53,53,63,67,120
5,0,10,43,0,3,48,13,0,56,53,53,66,69,122
0,0,8,44,0,2,51,16,0,53,52,52,68,69,121
1,0,0,50,1,3,55,12,0,59,50,51,62,71,122
1,0,9,41,1,3,56,13,0,60,50,51,63,73,124
1,0,7,42,0,3,54,13,0,58,49,49,62,71,120
0,0,11,39,0,3,56,13,0,59,50,50,63,72,122
0,0,9,43,0,3,52,15,0,55,52,52,67,70,122
1,0,7,48,1,5,50,13,0,56,55,56,68,69,125
0,0,8,44,0,2,57,10,0,59,52,52,62,69,121
0,0,7,45,1,3,55,12,0,58,52,53,64,70,123
1,0,7,43,0,3,54,13,0,58,50,50,63,71,121
1,0,7,45,0,2,51,15,0,54,52,52,67,69,121
1,0,7,42,1,3,57,13,0,61,49,50,62,74,124
1,0,10,41,1,4,52,15,0,57,51,52,66,72,124
1,0,0,51,0,5,54,14,0,60,51,51,65,74,125
1,0,7,45,1,4,52,14,0,57,52,53,66,71,124
1,0,8,41,0,4,52,15,0,57,49,49,64,72,121
1,0,11,38,1,2,55,15,0,58,49,50,64,73,123
1,0,7,45,1,2,55,12,0,58,52,53,64,70,123
1,0,10,43,1,3,54,9,0,58,53,54,62,67,121
0,0,8,47,1,2,51,13,0,53,55,56,68,66,122
0,0,7,50,1,3,52,10,0,55,57,58,67,65,123
3,0,9,39,0,2,55,13,0,60,48,48,61,73,121
1,0,7,44,1,4,51,16,0,56,51,52,67,72,124
0,0,9,41,1,3,58,11,0,61,50,51,61,72,123
0,0,0,43,0,4,61,14,0,65,43,43,57,79,122
1,0,7,39,1,2,59,12,0,62,46,47,58,74,121
1,0,8,41,1,3,52,17,0,56,49,50,66,73,123
1,0,8,40,0,2,56,13,0,59,48,48,61,72,120
0,0,6,45,0,2,55,12,0,57,51,51,63,69,120
1,0,8,45,1,4,54,12,0,59,53,54,65,71,125
1,0,10,41,1,2,50,17,0,53,51,52,68,70,122
1,0,0,48,1,5,60,10,0,66,48,49,58,76,125
1,0,8,40,0,3,54,15,0,58,48,48,63,73,121
0,0,7,41,0,3,52,19,0,55,48,48,67,74,122
1,0,10,44,0,3,53,10,0,57,54,54,64,67,121
0,0,8,40,1,3,55,16,0,58,48,49,64,74,123
1,0,7,47,0,4,47,17,0,52,54,54,71,69,123
1,0,6,48,1,3,51,12,0,55,54,55,66,67,122
1,0,7,43,1,4,52,16,0,57,50,51,66,73,124
2,0,7,43,1,1,51,15,0,54,50,51,65,69,120
0,0,9,44,0,3,49,16,0,52,53,53,69,68,121
0,0,8,46,0,3,51,14,0,54,54,54,68,68,122
1,0,9,40,1,3,55,13,0,59,49,50,62,72,122
1,0,6,43,1,5,53,17,0,59,49,50,66,76,126
3,0,0,44,0,5,58,12,0,66,44,44,56,78,122
1,0,12,41,1,0,46,21,0,47,53,54,74,68,122
1,0,10,43,1,2,50,15,0,53,53,54,68,68,122
1,0,6,43,0,5,51,14,0,57,49,49,63,71,120
1,0,7,45,1,4,56,11,0,61,52,53,63,72,125
1,0,9,40,0,4,51,17,0,56,49,49,66,73,122
1,0,12,38,1,2,52,15,0,55,50,51,65,70,121
0,0,7,43,0,5,55,14,0,60,50,50,64,74,124
1,0,7,41,0,5,57,14,0,63,48,48,62,77,125
1,0,10,40,1,5,53,14,0,59,50,51,64,73,124
1,0,7,43,0,2,53,14,0,56,50,50,64,70,120
0,0,8,45,0,2,52,13,0,54,53,53,66,67,120
1,0,8,45,1,2,53,13,0,56,53,54,66,69,123
1,0,7,40,1,5,55,12,0,61,47,48,59,73,121
1,0,0,46,0,4,54,17,0,59,46,46,63,76,122
0,0,8,42,0,2,54,14,0,56,50,50,64,70,120
1,0,7,44,0,4,52,15,0,57,51,51,66,72,123
1,0,6,48,1,3,53,9,0,57,54,55,63,66,121
1,0,10,37,0,2,55,16,0,58,47,47,63,74,121
1,0,6,45,0,3,56,12,0,60,51,51,63,72,123
4,0,10,36,0,3,55,14,0,62,46,46,60,76,122
1,0,9,45,1,1,50,14,0,52,54,55,68,66,121
1,0,12,36,1,3,49,19,0,53,48,49,67,72,121
1,0,9,39,1,2,53,19,0,56,48,49,67,75,124
0,0,12,35,0,4,53,18,0,57,47,47,65,75,122
1,0,9,47,1,5,48,15,0,54,56,57,71,69,126
1,0,10,44,1,6,46,13,0,53,54,55,67,66,121
0,0,7,44,0,3,58,10,0,61,51,51,61,71,122
1,0,6,46,1,4,53,13,0,58,52,53,65,71,124
1,0,7,43,1,4,56,10,0,61,50,51,60,71,122
1,0,9,43,0,3,53,12,0,57,52,52,64,69,121
0,0,7,47,1,5,51,14,0,56,54,55,68,70,125
1,0,9,43,1,3,50,15,0,54,52,53,67,69,122
1,0,8,41,0,2,56,13,0,59,49,49,62,72,121
1,0,0,49,1,4,55,13,0,60,49,50,62,73,123
2,0,8,38,1,4,55,13,0,61,46,47,59,74,121
0,0,0,50,1,2,52,16,0,54,50,51,66,70,121
1,0,7,46,0,3,54,10,0,58,53,53,63,68,121
1,0,10,48,1,3,49,12,0,53,58,59,70,65,124
0,0,8,41,1,3,57,13,0,60,49,50,62,73,123
1,0,0,49,1,4,58,9,0,63,49,50,58,72,122
1,0,7,47,0,4,52,12,0,57,54,54,66,69,123
0,0,7,42,1,3,58,12,0,61,49,50,61,73,123
3,0,10,40,0,3,49,17,0,55,50,50,67,72,122
1,0,10,42,1,4,53,14,0,58,52,53,66,72,125
1,0,7,46,1,3,55,10,0,59,53,54,63,69,123
1,0,10,39,1,5,56,13,0,62,49,50,62,75,125
1,0,8,45,1,3,52,12,0,56,53,54,65,68,122
1,0,9,44,0,3,50,16,0,54,53,53,69,70,123
3,0,6,44,0,3,51,15,0,57,50,50,65,72,122
1,0,10,36,1,4,59,10,0,64,46,47,56,74,121
0,0,6,46,0,3,54,13,0,57,52,52,65,70,122
0,0,7,44,0,3,53,15,0,56,51,51,66,71,122
1,0,6,48,1,3,52,12,0,56,54,55,66,68,123
1,0,11,36,1,4,57,14,0,62,47,48,61,76,124
1,0,7,43,0,6,50,14,0,57,50,50,64,71,121
1,0,8,44,1,3,48,19,0,52,52,53,71,71,124
1,0,8,43,1,5,54,12,0,60,51,52,63,72,124
1,0,8,40,0,1,53,17,0,55,48,48,65,72,120
1,0,11,47,0,4,49,11,0,54,58,58,69,65,123
1,0,10,47,1,1,44,18,0,46,57,58,75,64,122
1,0,6,45,0,3,50,17,0,54,51,51,68,71,122
0,0,7,43,0,5,54,14,0,59,50,50,64,73,123
1,0,7,45,1,2,54,12,0,57,52,53,64,69,122
1,0,9,39,0,3,54,16,0,58,48,48,64,74,122
1,0,7,42,1,2,57,11,0,60,49,50,60,71,121
1,0,10,39,1,3,54,14,0,58,49,50,63,72,122
1,0,8,39,1,1,56,15,0,58,47,48,62,73,121
1,0,8,42,1,3,57,10,0,61,50,51,60,71,122
1,0,0,57,1,1,47,15,0,49,57,58,72,64,122
1,0,7,44,0,2,54,12,0,57,51,51,63,69,120
1,0,10,37,0,3,56,13,0,60,47,47,60,73,120
1,0,7,46,1,3,52,13,0,56,53,54,66,69,123
1,0,9,41,0,2,56,12,0,59,50,50,62,71,121
1,0,7,41,0,3,58,11,0,62,48,48,59,73,121
1,0,7,43,1,3,53,15,0,57,50,51,65,72,123
1,0,10,39,0,2,54,15,0,57,49,49,64,72,121
2,0,11,37,1,6,55,13,0,63,48,49,61,76,125
1,0,0,49,1,3,50,19,0,54,49,50,68,73,123
1,0,0,49,0,2,53,15,0,56,49,49,64,71,120
1,0,9,44,0,4,50,15,0,55,53,53,68,70,123
0,0,9,43,1,4,53,14,0,57,52,53,66,71,124
3,0,7,37,1,3,57,14,0,63,44,45,58,77,122
1,0,9,35,1,1,61,14,0,63,44,45,58,77,122
1,0,6,44,1,2,54,13,0,57,50,51,63,70,121
0,0,7,39,0,4,58,15,0,62,46,46,61,77,123
0,0,9,42,1,3,54,14,0,57,51,52,65,71,123
1,0,7,46,1,1,46,20,0,48,53,54,73,68,122
1,0,10,41,1,3,54,13,0,58,51,52,64,71,123
1,0,8,44,0,3,53,13,0,57,52,52,65,70,122
0,0,8,47,1,4,54,10,0,58,55,56,65,68,124
0,0,11,42,1,3,51,15,0,54,53,54,68,69,123
2,0,9,37,1,1,56,15,0,59,46,47,61,74,121
1,0,0,48,0,3,59,11,0,63,48,48,59,74,122
1,0,0,52,0,5,51,14,0,57,52,52,66,71,123
1,0,8,42,0,4,53,14,0,58,50,50,64,72,122
1,0,10,39,1,4,52,14,0,57,49,50,63,71,121
1,0,10,37,1,3,58,11,0,62,47,48,58,73,121
0,0,0,53,0,4,54,10,0,58,53,53,63,68,121
1,0,8,44,1,2,53,13,0,56,52,53,65,69,122
1,0,0,45,0,3,57,16,0,61,45,45,61,77,122
2,0,7,44,1,4,52,11,0,58,51,52,62,69,121
0,0,10,45,1,2,46,17,0,48,55,56,72,65,121
1,0,8,46,0,5,51,9,0,57,54,54,63,66,120
2,0,7,42,1,2,55,13,0,59,49,50,62,72,122
1,0,0,50,0,5,53,16,0,59,50,50,66,75,125
1,0,10,39,1,2,55,14,0,58,49,50,63,72,122
1,0,8,43,0,3,51,14,0,55,51,51,65,69,120
0,0,9,37,1,2,59,14,0,61,46,47,60,75,122
0,0,8,46,1,3,54,10,0,57,54,55,64,67,122
0,0,9,42,0,2,55,12,0,57,51,51,63,69,120
1,0,7,48,0,3,51,11,0,55,55,55,66,66,121
1,0,8,42,0,3,54,14,0,58,50,50,64,72,122
2,0,7,43,0,5,56,11,0,63,50,50,61,74,124
1,0,0,52,0,2,52,13,0,55,52,52,65,68,120
1,0,0,46,1,3,56,16,0,60,46,47,62,76,123
1,0,13,36,1,2,56,12,0,59,49,50,61,71,121
0,0,8,48,0,3,49,13,0,52,56,56,69,65,121
1,0,9,38,1,3,58,12,0,62,47,48,59,74,122
1,0,9,42,1,3,51,14,0,55,51,52,65,69,121
1,0,0,43,1,4,61,13,0,66,43,44,56,79,123
1,0,11,40,1,3,49,16,0,53,51,52,67,69,121
1,0,8,45,0,2,50,16,0,53,53,53,69,69,122
2,0,9,44,1,3,53,10,0,58,53,54,63,68,122
1,0,11,35,0,3,53,17,0,57,46,46,63,74,120
0,0,10,39,1,2,51,18,0,53,49,50,67,71,121
1,0,13,38,1,4,57,11,0,62,51,52,62,73,125
1,0,8,44,0,3,54,10,0,58,52,52,62,68,120
0,0,10,39,1,5,56,10,0,61,49,50,59,71,121
1,0,8,46,1,5,50,14,0,56,54,55,68,70,125
1,0,11,39,0,3,53,14,0,57,50,50,64,71,121
2,0,8,40,0,6,54,10,0,62,48,48,58,72,120
1,0,9,43,1,2,53,13,0,56,52,53,65,69,122
0,0,7,43,1,3,54,14,0,57,50,51,64,71,122
1,0,8,42,0,4,54,12,0,59,50,50,62,71,121
1,0,8,46,0,4,54,10,0,59,54,54,64,69,123
2,0,12,35,0,3,55,16,0,60,47,47,63,76,123
2,0,6,44,1,2,51,16,0,55,50,51,66,71,122
1,0,8,40,0,4,55,15,0,60,48,48,63,75,123
1,0,11,41,0,3,53,12,0,57,52,52,64,69,121
1,0,9,41,0,3,54,14,0,58,50,50,64,72,122
1,0,0,44,0,4,60,13,0,65,44,44,57,78,122
1,0,0,49,1,5,56,13,0,62,49,50,62,75,125
1,0,6,43,1,4,53,13,0,58,49,50,62,71,121
1,0,7,42,1,4,53,14,0,58,49,50,63,72,122
1,0,8,42,1,3,54,15,0,58,50,51,65,73,124
1,0,10,39,1,5,53,13,0,59,49,50,62,72,122
1,0,7,40,0,3,54,17,0,58,47,47,64,75,122
3,0,9,44,0,2,50,12,0,55,53,53,65,67,120
1,0,10,41,0,2,54,12,0,57,51,51,63,69,120
1,0,0,51,1,4,57,11,0,62,51,52,62,73,125
1,0,8,41,0,5,58,12,0,64,49,49,61,76,125
1,0,10,39,1,2,53,15,0,56,49,50,64,71,121
0,0,7,40,1,3,59,11,0,62,47,48,58,73,121
0,0,7,51,1,4,41,19,0,45,58,59,77,64,123
1,0,7,45,1,4,50,14,0,55,52,53,66,69,122
1,0,7,45,1,3,54,12,0,58,52,53,64,70,123
1,0,9,42,1,4,57,10,0,62,51,52,61,72,124
2,0,0,49,1,3,54,14,0,59,49,50,63,73,123
2,0,7,47,0,3,51,10,0,56,54,54,64,66,120
1,0,8,46,1,3,51,12,0,55,54,55,66,67,122
1,0,9,40,1,3,50,18,0,54,49,50,67,72,122
1,0,0,48,1,2,58,12,0,61,48,49,60,73,122
1,0,6,45,0,3,56,11,0,60,51,51,62,71,122
1,0,7,40,1,3,55,14,0,59,47,48,61,73,121
1,0,9,43,0,4,50,14,0,55,52,52,66,69,121
1,0,10,42,1,3,52,14,0,56,52,53,66,70,123
1,0,8,43,0,3,50,17,0,54,51,51,68,71,122
1,0,0,45,1,3,61,12,0,65,45,46,57,77,123
1,0,13,35,1,3,52,17,0,56,48,49,65,73,122
1,0,8,43,1,4,51,17,0,56,51,52,68,73,125
3,0,9,43,0,2,49,14,0,54,52,52,66,68,120
1,0,0,56,1,3,47,15,0,51,56,57,71,66,123
1,0,8,46,1,3,51,13,0,55,54,55,67,68,123
1,0,9,37,0,4,58,11,0,63,46,46,57,74,120
2,0,7,43,1,4,55,12,0,61,50,51,62,73,124
0,0,0,46,0,2,58,15,0,60,46,46,61,75,121
4,0,8,39,1,3,57,11,0,64,47,48,58,75,123
1,0,10,42,0,5,51,15,0,57,52,52,67,72,124
1,0,9,46,1,4,50,14,0,55,55,56,69,69,125
0,0,0,46,0,1,60,13,0,61,46,46,59,74,120
0,0,9,42,1,2,61,7,0,63,51,52,58,70,122
1,0,7,41,1,2,59,10,0,62,48,49,58,72,121
1,0,10,44,1,4,48,14,0,53,54,55,68,67,122
1,0,0,50,0,5,49,20,0,55,50,50,70,75,125
0,0,6,46,1,3,54,13,0,57,52,53,65,70,123
0,0,0,48,0,2,56,14,0,58,48,48,62,72,120
0,0,0,47,0,1,56,16,0,57,47,47,63,73,120
2,0,9,37,1,3,58,12,0,63,46,47,58,75,122
1,0,11,41,0,3,51,15,0,55,52,52,67,70,122
0,0,9,35,0,4,59,13,0,63,44,44,57,76,120
1,0,8,41,0,4,54,12,0,59,49,49,61,71,120
1,0,13,41,1,4,43,18,0,48,54,55,72,66,121
1,0,0,51,1,2,51,16,0,54,51,52,67,70,122
1,0,11,39,0,2,53,15,0,56,50,50,65,71,121
1,0,8,47,1,3,49,13,0,53,55,56,68,66,122
1,0,7,47,1,4,53,12,0,58,54,55,66,70,125
1,0,0,49,1,2,55,15,0,58,49,50,64,73,123
2,0,12,36,1,2,53,15,0,57,48,49,63,72,121
1,0,9,47,1,4,51,11,0,56,56,57,67,67,124
0,0,7,45,1,4,49,17,0,53,52,53,69,70,123
1,0,7,45,0,3,45,20,0,49,52,52,72,69,121
0,0,6,51,1,5,50,11,0,55,57,58,68,66,124
1,0,10,40,1,3,50,16,0,54,50,51,66,70,121
1,0,8,44,0,3,54,11,0,58,52,52,63,69,121
1,0,9,42,0,2,54,12,0,57,51,51,63,69,120
2,0,9,41,0,2,52,14,0,56,50,50,64,70,120
0,0,10,34,1,6,60,14,0,66,44,45,58,80,125
0,0,9,39,0,4,57,13,0,61,48,48,61,74,122
1,0,8,42,0,2,51,16,0,54,50,50,66,70,120
1,0,7,48,1,2,49,14,0,52,55,56,69,66,122
1,0,8,39,0,4,56,14,0,61,47,47,61,75,122
1,0,6,43,0,0,58,13,0,59,49,49,62,72,121
1,0,8,44,1,2,53,14,0,56,52,53,66,70,123
0,0,10,39,1,3,54,14,0,57,49,50,63,71,121
1,0,7,47,1,4,49,13,0,54,54,55,67,67,122
0,0,9,45,0,3,51,14,0,54,54,54,68,68,122
1,0,7,43,1,3,56,12,0,60,50,51,62,72,123
1,0,9,42,0,3,55,11,0,59,51,51,62,70,121
1,0,10,39,0,3,52,18,0,56,49,49,67,74,123
1,0,8,41,0,2,55,13,0,58,49,49,62,71,120
1,0,9,44,1,3,53,11,0,57,53,54,64,68,122
1,0,12,42,0,3,47,16,0,51,54,54,70,67,121
1,0,9,44,1,5,55,9,0,61,53,54,62,70,124
1,0,6,44,1,4,51,17,0,56,50,51,67,73,124
1,0,10,41,1,2,54,13,0,57,51,52,64,70,122
1,0,0,49,1,4,54,15,0,59,49,50,64,74,124
0,0,10,39,1,4,56,14,0,60,49,50,63,74,124
1,0,8,44,0,2,53,14,0,56,52,52,66,70,122
1,0,7,39,1,4,60,12,0,65,46,47,58,77,124
1,0,7,41,1,1,55,15,0,57,48,49,63,72,121
0,0,9,46,0,3,48,14,0,51,55,55,69,65,120
1,0,0,49,1,3,54,16,0,58,49,50,65,74,124
1,0,10,41,0,3,51,15,0,55,51,51,66,70,121
0,0,0,52,0,2,54,13,0,56,52,52,65,69,121
1,0,9,44,1,4,45,18,0,50,53,54,71,68,122
1,0,10,43,1,2,51,14,0,54,53,54,67,68,122
2,0,0,44,1,2,61,11,0,65,44,45,55,76,121
0,0,8,47,0,3,51,12,0,54,55,55,67,66,121
1,0,11,44,0,5,49,13,0,55,55,55,68,68,123
1,0,7,47,1,2,51,13,0,54,54,55,67,67,122
0,0,7,43,1,3,53,14,0,56,50,51,64,70,121
1,0,9,46,1,3,47,15,0,51,55,56,70,66,122
1,0,14,36,0,2,54,13,0,57,50,50,63,70,120
0,0,9,43,0,4,57,9,0,61,52,52,61,70,122
1,0,7,48,0,3,51,12,0,55,55,55,67,67,122
5,0,8,42,1,3,53,11,0,61,50,51,61,72,123
1,0,9,47,0,4,49,12,0,54,56,56,68,66,122
2,0,0,47,0,3,55,13,0,60,47,47,60,73,120
1,0,8,39,0,4,58,13,0,63,47,47,60,76,123
1,0,6,49,0,2,48,15,0,51,55,55,70,66,121
0,0,0,46,0,3,55,18,0,58,46,46,64,76,122
1,0,10,42,1,2,54,12,0,57,52,53,64,69,122
1,0,7,44,0,4,51,15,0,56,51,51,66,71,122
1,0,8,48,1,4,51,10,0,56,56,57,66,66,123
1,0,0,52,0,4,53,12,0,58,52,52,64,70,122
1,0,6,44,1,2,51,16,0,54,50,51,66,70,121
1,0,9,42,0,2,55,11,0,58,51,51,62,69,120
3,0,8,43,0,4,53,11,0,60,51,51,62,71,122
1,0,10,38,1,4,56,12,0,61,48,49,60,73,122
0,0,7,43,0,3,56,13,0,59,50,50,63,72,122
2,0,9,40,1,4,56,11,0,62,49,50,60,73,123
1,0,7,42,1,1,54,15,0,56,49,50,64,71,121
1,0,7,45,1,2,47,18,0,50,52,53,70,68,121
1,0,11,38,0,4,52,17,0,57,49,49,66,74,123
1,0,0,49,0,4,54,15,0,59,49,49,64,74,123
5,0,6,42,1,4,55,9,0,64,48,49,57,73,122
1,0,8,38,1,3,59,14,0,63,46,47,60,77,124
1,0,9,43,0,5,49,16,0,55,52,52,68,71,123
0,0,7,42,1,1,58,12,0,59,49,50,61,71,121
0,0,7,43,0,1,57,12,0,58,50,50,62,70,120
2,0,9,42,0,2,49,16,0,53,51,51,67,69,120
1,0,7,41,0,3,55,13,0,59,48,48,61,72,120
0,0,9,45,0,3,51,14,0,54,54,54,68,68,122
1,0,8,46,1,4,50,15,0,55,54,55,69,70,125
0,0,9,41,0,2,54,14,0,56,50,50,64,70,120
0,0,7,38,0,4,62,9,0,66,45,45,54,75,120
0,0,9,43,1,3,55,12,0,58,52,53,64,70,123
1,0,8,49,0,3,48,11,0,52,57,57,68,63,120
1,0,7,49,0,1,53,10,0,55,56,56,66,65,121
2,0,8,40,1,1,56,13,0,59,48,49,61,72,121
1,0,8,37,1,4,54,16,0,59,45,46,61,75,121
2,0,8,37,0,3,59,11,0,64,45,45,56,75,120
1,0,12,35,1,5,55,12,0,61,47,48,59,73,121
1,0,11,38,1,3,54,13,0,58,49,50,62,71,121
2,0,7,43,1,4,53,12,0,59,50,51,62,71,122
1,0,7,42,0,2,52,16,0,55,49,49,65,71,120
1,0,8,45,0,3,50,15,0,54,53,53,68,69,122
0,0,8,44,0,2,52,16,0,54,52,52,68,70,122
0,0,7,46,0,4,53,11,0,57,53,53,64,68,121
3,0,0,46,0,3,57,12,0,63,46,46,58,75,121
1,0,0,44,0,3,60,14,0,64,44,44,58,78,122
0,0,0,49,1,2,55,14,0,57,49,50,63,71,121
1,0,14,42,1,4,49,12,0,54,56,57,68,66,123
0,0,6,48,1,3,51,13,0,54,54,55,67,67,122
1,0,8,39,0,3,57,15,0,61,47,47,62,76,123
1,0,10,40,0,3,55,13,0,59,50,50,63,72,122
1,0,8,47,0,3,52,10,0,56,55,55,65,66,121
1,0,9,43,1,2,53,13,0,56,52,53,65,69,122
0,0,7,44,0,3,54,13,0,57,51,51,64,70,121
1,0,7,42,0,4,55,14,0,60,49,49,63,74,123
0,0,0,46,0,2,57,16,0,59,46,46,62,75,121
1,0,9,45,1,2,48,15,0,51,54,55,69,66,121
0,0,6,46,0,5,53,13,0,58,52,52,65,71,123
1,0,8,42,1,3,53,13,0,57,50,51,63,70,121
1,0,7,41,1,3,54,14,0,58,48,49,62,72,121
0,0,7,43,1,3,55,14,0,58,50,51,64,72,123
1,0,9,44,0,3,50,16,0,54,53,53,69,70,123
1,0,9,42,0,4,51,14,0,56,51,51,65,70,121
1,0,9,44,1,4,52,14,0,57,53,54,67,71,125
1,0,8,44,1,4,52,14,0,57,52,53,66,71,124
1,0,10,44,1,3,53,12,0,57,54,55,66,69,124
1,0,8,40,1,4,57,13,0,62,48,49,61,75,124
1,0,7,47,1,3,52,12,0,56,54,55,66,68,123
1,0,15,39,0,4,44,18,0,49,54,54,72,67,121
1,0,6,40,0,3,55,15,0,59,46,46,61,74,120
1,0,7,45,1,4,54,13,0,59,52,53,65,72,125
1,0,0,46,0,3,57,15,0,61,46,46,61,76,122
0,0,8,45,1,3,52,13,0,55,53,54,66,68,122
1,0,10,47,1,2,50,12,0,53,57,58,69,65,123
1,0,10,42,0,3,53,13,0,57,52,52,65,70,122
1,0,9,46,1,3,48,15,0,52,55,56,70,67,123
0,0,7,45,1,5,48,15,0,53,52,53,67,68,121
1,0,6,42,1,3,56,15,0,60,48,49,63,75,124
1,0,6,47,0,2,50,15,0,53,53,53,68,68,121
0,0,13,37,0,4,55,13,0,59,50,50,63,72,122
0,0,9,39,0,3,55,14,0,58,48,48,62,72,120
0,0,8,45,1,2,49,16,0,51,53,54,69,67,121
1,0,10,46,0,3,47,15,0,51,56,56,71,66,122
1,0,9,44,1,3,51,13,0,55,53,54,66,68,122
0,0,8,40,1,2,58,11,0,60,48,49,59,71,120
1,0,8,41,0,3,53,16,0,57,49,49,65,73,122
1,0,0,52,1,3,52,15,0,56,52,53,67,71,124
0,0,7,47,1,3,53,11,0,56,54,55,65,67,122
0,0,9,45,0,4,52,13,0,56,54,54,67,69,123
1,0,6,48,0,3,53,10,0,57,54,54,64,67,121
0,0,7,40,0,2,58,13,0,60,47,47,60,73,120
1,0,6,41,1,2,59,12,0,62,47,48,59,74,122
2,0,0,46,1,2,58,12,0,62,46,47,58,74,121
1,0,7,46,0,3,51,13,0,55,53,53,66,68,121
0,0,0,50,1,6,54,15,0,60,50,51,65,75,126
1,0,9,41,0,3,54,12,0,58,50,50,62,70,120
1,0,8,44,0,3,55,12,0,59,52,52,64,71,123
2,0,11,39,1,2,56,11,0,60,50,51,61,71,122
2,0,12,40,1,3,53,11,0,58,52,53,63,69,122
1,0,9,43,1,2,55,11,0,58,52,53,63,69,122
1,0,0,54,1,1,52,13,0,54,54,55,67,67,122
1,0,7,39,0,4,58,13,0,63,46,46,59,76,122
1,0,9,43,0,2,55,10,0,58,52,52,62,68,120
0,0,7,46,0,1,51,15,0,52,53,53,68,67,120
1,0,9,42,0,2,51,15,0,54,51,51,66,69,120
1,0,8,43,0,6,50,12,0,57,51,51,63,69,120
1,0,9,43,1,5,52,14,0,58,52,53,66,72,125
1,0,8,42,1,3,55,12,0,59,50,51,62,71,122
1,0,8,49,1,3,46,14,0,50,57,58,71,64,122
1,0,8,44,0,5,56,10,0,62,52,52,62,72,124
0,0,8,45,1,4,55,9,0,59,53,54,62,68,122
1,0,8,41,1,3,54,15,0,58,49,50,64,73,123
1,0,13,39,0,4,53,10,0,58,52,52,62,68,120
1,0,8,41,0,4,51,16,0,56,49,49,65,72,121
1,0,8,43,0,3,51,16,0,55,51,51,67,71,122
1,0,8,42,1,2,59,10,0,62,50,51,60,72,123
2,0,10,44,0,3,47,16,0,52,54,54,70,68,122
0,0,9,38,0,2,55,16,0,57,47,47,63,73,120
0,0,9,44,0,2,52,14,0,54,53,53,67,68,121
0,0,7,49,0,3,45,17,0,48,56,56,73,65,121
0,0,9,39,0,5,57,13,0,62,48,48,61,75,123
1,0,8,40,0,2,51,18,0,54,48,48,66,72,120
1,0,7,45,1,2,54,11,0,57,52,53,63,68,121
1,0,6,41,0,4,54,16,0,59,47,47,63,75,122
1,0,11,41,0,2,55,12,0,58,52,52,64,70,122
1,0,0,48,0,3,53,17,0,57,48,48,65,74,122
1,0,7,44,0,3,53,12,0,57,51,51,63,69,120
1,0,10,44,1,3,51,13,0,55,54,55,67,68,123
1,0,7,44,1,3,53,12,0,57,51,52,63,69,121
0,0,7,43,0,4,57,11,0,61,50,50,61,72,122
1,0,7,41,0,2,58,12,0,61,48,48,60,73,121
1,0,10,36,0,3,56,15,0,60,46,46,61,75,121
1,0,0,51,0,2,55,12,0,58,51,51,63,70,121
0,0,7,46,0,5,51,12,0,56,53,53,65,68,121
