"ACT","Conservative","Green","Labour","Mana","Maori","National","NZ_First","United Future","NatCoal","LabGreen","LabGreenMana","LabGreenNZFirst","NatCoalNZFirst","Total"
1,0,13,36,0,2,56,13,0,59,49,49,62,72,121
1,0,13,34,0,3,58,11,1,63,47,47,58,74,121
1,0,15,36,0,3,53,13,1,58,51,51,64,71,122
0,0,15,34,0,4,54,14,1,59,49,49,63,73,122
1,0,11,36,1,3,56,13,1,61,47,48,60,74,122
0,0,13,33,0,2,62,9,1,65,46,46,55,74,120
1,0,16,34,1,4,49,17,1,55,50,51,67,72,123
1,0,11,36,1,3,53,16,0,57,47,48,63,73,121
1,0,13,38,0,3,53,13,1,58,51,51,64,71,122
1,0,12,39,1,5,55,12,1,62,51,52,63,74,126
1,0,16,35,0,2,50,17,0,53,51,51,68,70,121
1,0,14,32,1,2,57,14,0,60,46,47,60,74,121
1,0,16,36,0,2,54,13,1,58,52,52,65,71,123
1,0,14,32,1,4,56,13,1,62,46,47,59,75,122
2,0,13,38,0,2,50,15,0,54,51,51,66,69,120
1,0,10,37,1,3,56,14,1,61,47,48,61,75,123
1,0,13,33,0,4,54,18,0,59,46,46,64,77,123
1,0,13,33,1,4,56,14,1,62,46,47,60,76,123
0,0,16,30,1,2,60,13,1,63,46,47,59,76,123
0,0,17,35,0,4,51,15,0,55,52,52,67,70,122
1,0,15,32,1,3,53,17,0,57,47,48,64,74,122
1,0,10,40,0,3,59,8,0,63,50,50,58,71,121
1,0,13,37,1,3,54,13,0,58,50,51,63,71,122
1,0,14,34,1,3,60,9,1,65,48,49,57,74,123
0,0,10,38,0,4,58,13,1,63,48,48,61,76,124
1,0,13,36,1,2,55,12,1,59,49,50,61,71,121
0,0,19,32,0,3,55,12,1,59,51,51,63,71,122
1,0,13,36,1,3,57,11,1,62,49,50,60,73,123
1,0,13,36,1,2,54,14,1,58,49,50,63,72,122
4,0,11,38,0,3,55,9,0,62,49,49,58,71,120
0,0,17,35,1,2,51,15,0,53,52,53,67,68,121
2,0,14,38,0,3,51,14,1,57,52,52,66,71,123
0,0,16,34,0,4,55,13,0,59,50,50,63,72,122
1,0,11,35,1,2,61,12,0,64,46,47,58,76,123
1,0,13,36,0,3,57,11,0,61,49,49,60,72,121
1,0,13,36,0,3,57,11,1,62,49,49,60,73,122
1,0,17,36,0,2,53,11,1,57,53,53,64,68,121
1,0,11,42,0,3,52,12,1,57,53,53,65,69,122
1,0,15,32,1,3,57,13,0,61,47,48,60,74,122
0,0,15,36,1,4,51,14,1,56,51,52,65,70,122
1,0,16,35,0,1,55,13,0,57,51,51,64,70,121
2,0,15,32,1,4,56,13,1,63,47,48,60,76,124
1,0,21,32,0,3,54,10,1,59,53,53,63,69,122
1,0,13,34,0,3,56,13,1,61,47,47,60,74,121
1,0,16,35,1,3,53,13,1,58,51,52,64,71,123
3,0,13,40,0,3,51,11,1,58,53,53,64,69,122
1,0,13,33,0,4,61,11,1,67,46,46,57,78,124
1,0,10,39,0,3,56,13,1,61,49,49,62,74,123
3,0,13,35,1,6,49,14,1,59,48,49,62,73,122
1,0,14,37,0,4,50,17,1,56,51,51,68,73,124
0,0,13,34,1,3,56,15,1,60,47,48,62,75,123
0,0,16,36,0,3,56,11,1,60,52,52,63,71,123
1,0,13,37,0,6,54,13,1,62,50,50,63,75,125
1,0,15,42,1,4,45,13,1,51,57,58,70,64,122
0,0,12,33,1,3,60,14,0,63,45,46,59,77,123
1,0,12,37,1,4,54,15,1,60,49,50,64,75,125
1,0,15,37,0,6,51,14,0,58,52,52,66,72,124
1,0,15,34,0,4,54,13,1,60,49,49,62,73,122
1,0,15,32,1,5,57,13,1,64,47,48,60,77,125
1,0,12,30,1,4,60,13,0,65,42,43,55,78,121
0,0,16,33,0,2,58,12,0,60,49,49,61,72,121
1,0,12,39,1,2,50,17,1,54,51,52,68,71,123
1,0,13,35,1,4,56,12,0,61,48,49,60,73,122
1,0,14,34,1,4,53,16,1,59,48,49,64,75,124
1,0,14,34,1,5,58,10,1,65,48,49,58,75,124
0,0,15,36,1,2,54,13,1,57,51,52,64,70,122
1,0,13,38,1,3,53,13,0,57,51,52,64,70,122
1,0,13,35,0,4,52,15,0,57,48,48,63,72,120
1,0,13,38,1,4,57,11,1,63,51,52,62,74,126
0,0,16,35,1,4,54,14,1,59,51,52,65,73,125
1,0,14,40,0,5,51,12,1,58,54,54,66,70,124
1,0,12,34,1,2,62,10,0,65,46,47,56,75,122
1,0,14,34,1,3,55,14,0,59,48,49,62,73,122
1,0,12,39,0,4,55,13,0,60,51,51,64,73,124
1,0,15,33,0,3,55,14,1,60,48,48,62,74,122
1,0,12,37,1,3,57,11,1,62,49,50,60,73,123
2,0,14,34,0,4,58,11,1,65,48,48,59,76,124
1,0,14,36,1,2,54,12,0,57,50,51,62,69,120
2,0,15,34,1,4,56,10,0,62,49,50,59,72,122
1,0,15,37,1,3,51,15,0,55,52,53,67,70,123
1,0,14,34,1,4,53,17,1,59,48,49,65,76,125
0,0,15,36,0,3,57,10,0,60,51,51,61,70,121
2,0,13,33,1,3,57,12,1,63,46,47,58,75,122
1,0,15,33,1,5,57,12,1,64,48,49,60,76,125
1,0,12,34,1,5,55,15,1,62,46,47,61,77,124
3,0,14,30,0,4,57,13,0,64,44,44,57,77,121
1,0,16,34,1,3,53,14,1,58,50,51,64,72,123
1,0,13,33,0,3,55,15,1,60,46,46,61,75,121
1,0,12,40,1,3,55,12,1,60,52,53,64,72,125
1,0,15,32,0,3,56,15,1,61,47,47,62,76,123
2,0,15,36,1,2,51,15,1,56,51,52,66,71,123
2,0,12,38,0,3,51,13,1,57,50,50,63,70,120
1,0,13,38,1,4,54,12,1,60,51,52,63,72,124
1,0,14,34,1,3,54,15,1,59,48,49,63,74,123
1,0,13,38,1,0,56,13,0,57,51,52,64,70,122
3,0,11,37,1,3,58,10,0,64,48,49,58,74,123
1,0,15,32,0,2,55,15,0,58,47,47,62,73,120
1,0,12,36,0,4,54,15,0,59,48,48,63,74,122
0,0,15,37,0,3,53,12,1,57,52,52,64,69,121
1,0,15,34,0,3,55,12,1,60,49,49,61,72,121
1,0,16,31,0,5,55,15,1,62,47,47,62,77,124
0,0,11,33,0,4,59,13,0,63,44,44,57,76,120
1,0,13,33,1,3,58,15,0,62,46,47,61,77,124
0,0,17,33,0,2,57,11,1,60,50,50,61,71,121
1,0,12,34,0,0,60,14,1,62,46,46,60,76,122
2,0,14,36,0,3,55,12,1,61,50,50,62,73,123
0,0,13,33,1,2,56,17,1,59,46,47,63,76,123
0,0,12,37,0,4,57,11,1,62,49,49,60,73,122
1,0,17,33,0,5,57,11,0,63,50,50,61,74,124
1,0,16,36,0,1,53,14,1,56,52,52,66,70,122
3,0,14,31,0,5,54,13,0,62,45,45,58,75,120
1,0,12,36,0,3,54,14,1,59,48,48,62,73,121
1,0,11,38,0,2,59,10,0,62,49,49,59,72,121
1,0,14,35,1,4,55,13,0,60,49,50,62,73,123
2,0,14,34,1,3,55,13,0,60,48,49,61,73,122
4,0,13,35,1,3,52,13,0,59,48,49,61,72,121
1,0,16,35,1,2,52,14,0,55,51,52,65,69,121
1,0,12,38,1,2,55,13,1,59,50,51,63,72,123
1,0,13,34,0,2,58,13,1,62,47,47,60,75,122
1,0,14,34,1,1,55,16,0,57,48,49,64,73,122
1,0,14,30,1,2,58,13,1,62,44,45,57,75,120
1,0,15,37,0,3,53,13,0,57,52,52,65,70,122
1,0,16,31,1,4,56,13,0,61,47,48,60,74,122
1,0,12,35,1,3,59,11,1,64,47,48,58,75,123
3,0,16,36,1,4,51,12,1,59,52,53,64,71,124
1,0,11,33,1,3,60,12,1,65,44,45,56,77,122
1,0,16,29,0,3,59,13,1,64,45,45,58,77,122
1,0,17,33,0,3,56,12,0,60,50,50,62,72,122
1,0,14,35,1,3,55,14,1,60,49,50,63,74,124
0,0,14,35,0,4,56,12,1,61,49,49,61,73,122
1,0,15,37,0,3,54,12,0,58,52,52,64,70,122
0,0,14,32,1,3,60,11,1,64,46,47,57,75,122
1,0,17,35,1,3,51,12,1,56,52,53,64,68,121
2,0,12,36,0,3,55,13,1,61,48,48,61,74,122
1,0,16,32,0,3,53,16,1,58,48,48,64,74,122
1,0,11,39,0,2,53,15,0,56,50,50,65,71,121
1,0,11,35,0,4,62,9,0,67,46,46,55,76,122
1,0,17,34,1,3,54,12,1,59,51,52,63,71,123
2,0,14,34,1,4,57,9,1,64,48,49,57,73,122
1,0,15,36,1,1,50,16,1,53,51,52,67,69,121
3,0,13,37,0,3,53,12,1,60,50,50,62,72,122
1,0,10,37,1,2,55,15,0,58,47,48,62,73,121
1,0,12,34,0,3,61,10,0,65,46,46,56,75,121
0,0,13,34,1,4,57,15,1,62,47,48,62,77,125
5,0,11,32,1,2,54,15,0,61,43,44,58,76,120
2,0,11,34,0,2,59,12,0,63,45,45,57,75,120
1,0,16,36,0,4,53,11,0,58,52,52,63,69,121
2,0,12,30,1,2,63,11,0,67,42,43,53,78,121
0,0,13,35,1,2,57,13,1,60,48,49,61,73,122
0,0,13,40,0,2,51,14,0,53,53,53,67,67,120
0,0,14,35,1,3,52,17,0,55,49,50,66,72,122
2,0,13,32,0,5,55,13,1,63,45,45,58,76,121
0,0,13,34,0,3,53,17,0,56,47,47,64,73,120
1,0,12,36,0,4,58,12,1,64,48,48,60,76,124
1,0,13,32,0,4,57,15,1,63,45,45,60,78,123
1,0,13,31,0,3,60,12,0,64,44,44,56,76,120
1,0,19,34,0,4,52,11,1,58,53,53,64,69,122
1,0,11,35,0,3,56,16,1,61,46,46,62,77,123
1,0,12,35,1,2,55,17,1,59,47,48,64,76,124
0,0,13,36,1,4,54,15,1,59,49,50,64,74,124
1,0,13,37,1,4,55,11,1,61,50,51,61,72,123
0,0,14,39,0,4,49,15,0,53,53,53,68,68,121
2,0,12,33,1,4,58,14,0,64,45,46,59,78,124
1,0,12,39,1,3,52,12,1,57,51,52,63,69,121
1,0,12,36,1,4,58,11,1,64,48,49,59,75,124
1,0,17,39,0,0,49,14,0,50,56,56,70,64,120
0,0,20,31,1,5,53,14,1,59,51,52,65,73,125
1,0,15,32,0,4,61,11,1,67,47,47,58,78,125
1,0,17,28,0,2,59,13,0,62,45,45,58,75,120
1,0,15,32,0,4,58,13,1,64,47,47,60,77,124
1,0,13,36,1,3,55,13,1,60,49,50,62,73,123
1,0,18,27,0,4,56,15,1,62,45,45,60,77,122
1,0,14,39,0,2,49,15,0,52,53,53,68,67,120
1,0,18,36,0,1,53,11,1,56,54,54,65,67,121
0,0,16,32,1,3,58,13,1,62,48,49,61,75,124
1,0,13,35,0,3,56,13,1,61,48,48,61,74,122
1,0,14,38,1,2,55,11,0,58,52,53,63,69,122
0,0,14,35,1,3,56,12,0,59,49,50,61,71,121
1,0,15,38,1,3,49,14,1,54,53,54,67,68,122
2,0,13,34,0,3,60,10,1,66,47,47,57,76,123
1,0,12,39,0,1,53,14,0,55,51,51,65,69,120
1,0,20,35,1,2,52,11,1,56,55,56,66,67,123
1,0,13,34,0,3,58,13,1,63,47,47,60,76,123
1,0,14,37,1,3,53,13,1,58,51,52,64,71,123
1,0,14,38,1,4,52,14,1,58,52,53,66,72,125
2,0,12,36,0,2,56,12,1,61,48,48,60,73,121
3,0,17,35,0,3,53,9,1,60,52,52,61,69,121
1,0,13,37,1,2,53,14,1,57,50,51,64,71,122
0,0,14,36,1,3,53,14,1,57,50,51,64,71,122
1,0,16,32,0,2,54,15,1,58,48,48,63,73,121
1,0,13,39,1,4,48,17,0,53,52,53,69,70,123
1,0,13,34,0,4,61,9,1,67,47,47,56,76,123
1,0,14,33,1,3,54,16,0,58,47,48,63,74,122
1,0,14,33,0,4,51,18,1,57,47,47,65,75,122
1,0,14,32,0,3,57,13,1,62,46,46,59,75,121
0,0,15,32,1,3,55,14,2,60,47,48,61,74,122
0,0,14,35,1,2,56,13,0,58,49,50,62,71,121
1,0,12,34,1,2,57,15,1,61,46,47,61,76,123
1,0,10,38,1,4,57,14,1,63,48,49,62,77,126
1,0,13,34,1,4,56,12,1,62,47,48,59,74,122
1,0,14,34,1,4,56,11,1,62,48,49,59,73,122
1,0,12,36,1,3,56,12,1,61,48,49,60,73,122
1,0,16,36,1,2,51,15,1,55,52,53,67,70,123
1,0,13,37,0,3,51,18,0,55,50,50,68,73,123
0,0,13,38,0,2,53,14,1,56,51,51,65,70,121
1,0,14,36,1,2,57,11,1,61,50,51,61,72,123
1,0,16,34,0,2,52,17,0,55,50,50,67,72,122
1,0,11,38,0,4,56,14,1,62,49,49,63,76,125
1,0,12,36,1,3,61,9,1,66,48,49,57,75,124
1,0,13,36,0,3,58,12,0,62,49,49,61,74,123
1,0,11,35,1,4,61,11,1,67,46,47,57,78,125
1,0,14,39,1,3,54,11,1,59,53,54,64,70,124
1,0,14,37,1,5,53,11,4,63,51,52,62,74,126
1,0,11,31,1,3,61,14,1,66,42,43,56,80,123
1,0,15,32,1,5,55,14,1,62,47,48,61,76,124
3,0,12,32,1,3,61,10,0,67,44,45,54,77,122
1,0,15,32,0,4,54,15,0,59,47,47,62,74,121
1,0,13,38,1,2,59,9,0,62,51,52,60,71,123
1,0,10,35,1,2,59,15,1,63,45,46,60,78,124
1,0,15,35,0,4,51,16,1,57,50,50,66,73,123
0,0,11,38,0,5,55,13,1,61,49,49,62,74,123
1,0,14,34,1,3,53,16,1,58,48,49,64,74,123
1,0,14,36,0,2,57,11,0,60,50,50,61,71,121
1,0,13,32,1,5,58,14,1,65,45,46,59,79,125
0,0,18,32,0,4,51,17,1,56,50,50,67,73,123
1,0,13,38,0,2,55,11,1,59,51,51,62,70,121
1,0,16,34,0,1,58,10,0,60,50,50,60,70,120
1,0,18,30,0,5,56,12,1,63,48,48,60,75,123
1,0,15,36,0,4,54,13,1,60,51,51,64,73,124
1,0,12,34,0,2,55,16,1,59,46,46,62,75,121
2,0,16,33,1,5,52,13,1,60,49,50,62,73,123
1,0,14,38,1,2,53,13,0,56,52,53,65,69,122
1,0,12,34,1,3,59,13,0,63,46,47,59,76,123
1,0,13,37,1,3,52,16,0,56,50,51,66,72,123
0,0,15,34,1,3,54,15,0,57,49,50,64,72,122
1,0,12,35,1,4,56,14,0,61,47,48,61,75,123
1,0,14,40,0,3,49,13,0,53,54,54,67,66,120
1,0,12,36,1,2,55,14,0,58,48,49,62,72,121
2,0,14,36,0,2,54,12,1,59,50,50,62,71,121
0,0,14,37,0,2,56,12,0,58,51,51,63,70,121
1,0,14,35,0,2,57,12,1,61,49,49,61,73,122
1,0,13,33,1,3,58,14,0,62,46,47,60,76,123
0,0,17,33,0,4,52,15,0,56,50,50,65,71,121
0,0,16,33,1,5,54,15,0,59,49,50,64,74,124
1,0,12,29,0,4,61,13,1,67,41,41,54,80,121
1,0,11,39,1,4,58,11,1,64,50,51,61,75,126
0,0,10,36,0,4,61,11,1,66,46,46,57,77,123
1,0,10,35,0,4,57,14,0,62,45,45,59,76,121
0,0,14,34,0,3,60,11,1,64,48,48,59,75,123
1,0,16,36,0,2,53,13,1,57,52,52,65,70,122
0,0,14,39,0,3,51,14,1,55,53,53,67,69,122
1,0,18,35,1,4,54,11,1,60,53,54,64,71,125
1,0,12,38,0,4,51,18,1,57,50,50,68,75,125
0,0,13,30,0,4,57,16,0,61,43,43,59,77,120
1,0,14,34,1,2,55,15,1,59,48,49,63,74,123
1,0,15,35,0,3,53,14,0,57,50,50,64,71,121
1,0,12,37,0,5,53,11,1,60,49,49,60,71,120
0,0,15,32,1,3,52,18,1,56,47,48,65,74,122
1,0,13,35,1,4,58,13,1,64,48,49,61,77,126
1,0,14,32,0,3,58,14,0,62,46,46,60,76,122
1,0,16,35,1,3,54,13,1,59,51,52,64,72,124
1,0,15,36,1,6,54,13,0,61,51,52,64,74,126
0,0,14,35,1,4,58,10,1,63,49,50,59,73,123
1,0,11,38,0,5,53,17,0,59,49,49,66,76,125
1,0,18,36,1,3,49,15,1,54,54,55,69,69,124
1,0,13,33,0,3,59,12,0,63,46,46,58,75,121
0,0,12,40,1,2,54,13,1,57,52,53,65,70,123
0,0,13,35,0,4,58,13,1,63,48,48,61,76,124
1,0,11,34,1,3,59,12,0,63,45,46,57,75,121
1,0,12,36,1,0,60,11,1,62,48,49,59,73,122
1,0,10,39,0,4,55,13,1,61,49,49,62,74,123
1,0,13,36,1,2,56,14,1,60,49,50,63,74,124
1,0,14,35,0,4,52,14,0,57,49,49,63,71,120
2,0,15,33,0,3,52,17,0,57,48,48,65,74,122
1,0,12,37,0,4,50,19,0,55,49,49,68,74,123
1,0,14,35,1,5,55,14,0,61,49,50,63,75,125
0,0,14,39,1,3,54,11,1,58,53,54,64,69,123
0,0,11,40,0,3,53,13,1,57,51,51,64,70,121
1,0,12,36,1,2,55,15,0,58,48,49,63,73,122
1,0,15,34,1,4,58,10,2,65,49,50,59,75,125
1,0,14,31,5,3,55,13,0,59,45,50,58,72,122
1,0,16,34,1,3,56,12,1,61,50,51,62,73,124
2,0,13,33,0,4,58,13,0,64,46,46,59,77,123
1,0,12,36,0,5,59,10,1,66,48,48,58,76,124
1,0,17,32,0,4,51,16,1,57,49,49,65,73,122
0,0,12,36,0,4,61,9,1,66,48,48,57,75,123
1,0,13,33,0,4,57,15,0,62,46,46,61,77,123
1,0,15,38,1,4,56,8,0,61,53,54,61,69,123
1,0,19,31,1,4,53,14,0,58,50,51,64,72,123
1,0,14,37,1,2,57,10,1,61,51,52,61,71,123
1,0,17,37,1,5,53,10,1,60,54,55,64,70,125
0,0,18,36,0,5,49,12,0,54,54,54,66,66,120
0,0,13,38,1,4,54,14,0,58,51,52,65,72,124
1,0,14,36,2,3,51,16,1,56,50,52,66,72,124
1,0,14,39,0,3,48,16,1,53,53,53,69,69,122
1,0,12,34,1,4,59,10,1,65,46,47,56,75,122
1,0,14,38,1,3,54,11,0,58,52,53,63,69,122
1,0,16,31,1,1,53,18,0,55,47,48,65,73,121
0,0,14,32,1,4,59,12,0,63,46,47,58,75,122
1,0,17,35,1,4,51,13,1,57,52,53,65,70,123
1,0,12,32,1,3,61,14,0,65,44,45,58,79,124
2,0,13,35,1,4,56,12,0,62,48,49,60,74,123
1,0,12,38,1,4,57,11,1,63,50,51,61,74,125
1,0,16,34,0,4,54,12,0,59,50,50,62,71,121
4,0,17,32,0,3,56,9,1,64,49,49,58,73,122
1,0,12,38,1,3,54,13,0,58,50,51,63,71,122
1,0,13,33,0,4,57,15,1,63,46,46,61,78,124
1,0,17,36,1,2,52,12,1,56,53,54,65,68,122
1,0,12,39,0,1,49,19,1,52,51,51,70,71,122
1,0,16,33,0,5,54,11,2,62,49,49,60,73,122
1,0,12,32,0,3,60,13,1,65,44,44,57,78,122
0,0,14,36,0,3,52,15,1,56,50,50,65,71,121
1,0,12,34,1,4,60,10,0,65,46,47,56,75,122
1,0,11,36,1,1,59,13,0,61,47,48,60,74,122
1,0,13,36,0,4,56,13,1,62,49,49,62,75,124
0,0,13,33,0,5,57,13,0,62,46,46,59,75,121
1,0,14,33,1,2,61,10,0,64,47,48,57,74,122
1,0,15,38,0,4,53,12,0,58,53,53,65,70,123
0,0,15,31,1,4,60,11,0,64,46,47,57,75,122
1,0,15,32,0,6,55,14,0,62,47,47,61,76,123
1,0,14,36,0,6,50,16,1,58,50,50,66,74,124
4,0,14,33,1,2,58,9,1,65,47,48,56,74,122
1,0,15,39,1,3,50,14,0,54,54,55,68,68,123
1,0,12,37,1,3,54,13,0,58,49,50,62,71,121
0,0,16,36,0,0,57,11,1,58,52,52,63,69,121
1,0,12,36,1,3,57,11,0,61,48,49,59,72,121
1,0,18,32,0,4,50,17,1,56,50,50,67,73,123
3,0,15,28,1,2,58,14,1,64,43,44,57,78,122
1,0,13,37,1,4,56,12,0,61,50,51,62,73,124
1,0,13,37,1,5,56,12,0,62,50,51,62,74,125
0,0,11,37,0,4,53,16,0,57,48,48,64,73,121
0,0,14,34,2,2,55,13,1,58,48,50,61,71,121
1,0,19,30,1,4,54,14,1,60,49,50,63,74,124
1,0,15,34,0,3,53,14,0,57,49,49,63,71,120
1,0,14,31,1,3,58,13,0,62,45,46,58,75,121
0,0,12,32,0,2,59,16,0,61,44,44,60,77,121
1,0,10,35,0,4,55,17,1,61,45,45,62,78,123
1,0,12,34,0,2,56,15,1,60,46,46,61,75,121
1,0,14,37,1,3,56,11,1,61,51,52,62,72,124
1,0,11,39,0,3,57,10,1,62,50,50,60,72,122
1,0,13,35,0,3,57,11,1,62,48,48,59,73,121
0,0,16,34,1,3,57,10,0,60,50,51,60,70,121
1,0,15,39,1,1,52,13,1,55,54,55,67,68,123
2,0,13,38,1,2,52,14,1,57,51,52,65,71,123
1,0,15,37,0,4,49,16,0,54,52,52,68,70,122
0,0,15,37,0,6,51,15,1,58,52,52,67,73,125
1,0,15,37,1,1,52,14,1,55,52,53,66,69,122
1,0,14,34,0,1,52,18,1,55,48,48,66,73,121
1,0,13,38,0,3,53,14,0,57,51,51,65,71,122
1,0,16,36,1,3,50,15,1,55,52,53,67,70,123
1,0,16,35,1,4,53,14,0,58,51,52,65,72,124
1,0,12,37,0,1,53,17,1,56,49,49,66,73,122
0,0,12,38,0,4,54,13,0,58,50,50,63,71,121
2,0,11,33,0,5,59,13,1,67,44,44,57,80,124
1,0,13,34,0,1,61,11,1,64,47,47,58,75,122
8,0,13,31,0,3,53,13,1,65,44,44,57,78,122
1,0,12,33,1,3,59,15,1,64,45,46,60,79,125
1,0,14,34,0,3,60,10,0,64,48,48,58,74,122
1,0,15,33,0,3,56,14,1,61,48,48,62,75,123
1,0,14,36,0,2,55,12,1,59,50,50,62,71,121
0,0,9,38,0,3,56,14,1,60,47,47,61,74,121
1,0,16,33,1,4,58,11,0,63,49,50,60,74,124
0,0,10,33,1,4,60,13,1,65,43,44,56,78,122
1,0,13,32,1,5,60,10,1,67,45,46,55,77,123
1,0,14,39,0,4,50,14,1,56,53,53,67,70,123
1,0,13,36,0,4,56,13,0,61,49,49,62,74,123
1,0,17,33,1,3,52,15,1,57,50,51,65,72,123
1,0,12,39,1,3,53,13,1,58,51,52,64,71,123
1,0,12,38,1,5,49,16,0,55,50,51,66,71,122
1,0,13,35,0,4,56,14,1,62,48,48,62,76,124
3,7,16,30,0,3,48,13,0,61,46,46,59,74,120
1,0,17,34,0,3,52,14,1,57,51,51,65,71,122
1,0,11,35,1,3,58,14,1,63,46,47,60,77,124
1,0,12,38,1,2,61,8,1,65,50,51,58,73,124
0,0,16,35,0,5,53,12,0,58,51,51,63,70,121
1,0,13,35,0,4,51,17,1,57,48,48,65,74,122
1,0,12,38,1,2,51,17,1,55,50,51,67,72,123
1,0,14,38,0,3,53,13,1,58,52,52,65,71,123
1,0,13,35,1,4,52,17,0,57,48,49,65,74,123
1,0,15,32,1,2,57,14,0,60,47,48,61,74,122
1,0,12,35,0,4,57,11,0,62,47,47,58,73,120
1,0,15,35,0,4,53,13,1,59,50,50,63,72,122
1,0,12,34,1,3,59,12,1,64,46,47,58,76,123
2,0,10,40,1,5,55,11,0,62,50,51,61,73,124
1,0,14,36,0,3,54,14,0,58,50,50,64,72,122
1,0,16,38,1,2,51,12,0,54,54,55,66,66,121
1,0,14,35,0,3,57,10,0,61,49,49,59,71,120
0,0,19,32,1,3,56,12,0,59,51,52,63,71,123
2,0,15,34,1,3,57,10,0,62,49,50,59,72,122
1,0,14,35,1,3,56,13,1,61,49,50,62,74,124
1,0,15,35,1,4,53,13,1,59,50,51,63,72,123
1,0,12,34,1,3,64,9,1,69,46,47,55,78,125
2,0,12,33,1,3,60,10,1,66,45,46,55,76,122
1,0,12,36,1,4,57,10,1,63,48,49,58,73,122
1,0,17,32,3,0,54,13,0,55,49,52,62,68,120
2,0,12,36,0,2,52,16,0,56,48,48,64,72,120
0,0,12,36,1,4,56,14,1,61,48,49,62,75,124
1,0,10,38,1,3,58,12,1,63,48,49,60,75,124
1,0,16,37,1,3,53,12,0,57,53,54,65,69,123
0,0,15,34,1,3,56,14,1,60,49,50,63,74,124
1,0,14,37,1,3,51,15,0,55,51,52,66,70,122
0,0,18,37,0,3,47,16,0,50,55,55,71,66,121
1,0,13,35,1,2,57,13,1,61,48,49,61,74,123
1,0,14,38,1,3,56,9,0,60,52,53,61,69,122
1,0,13,34,0,5,55,15,1,62,47,47,62,77,124
1,0,12,34,0,3,55,17,1,60,46,46,63,77,123
1,0,16,34,0,3,54,12,0,58,50,50,62,70,120
1,0,12,36,0,3,56,13,0,60,48,48,61,73,121
1,0,13,34,1,2,60,10,1,64,47,48,57,74,122
4,0,14,32,1,3,55,13,1,63,46,47,59,76,123
2,0,13,34,1,4,57,10,0,63,47,48,57,73,121
1,0,12,37,1,2,56,12,1,60,49,50,61,72,122
0,0,14,35,1,5,57,12,1,63,49,50,61,75,125
3,0,13,30,0,5,56,14,1,65,43,43,57,79,122
1,0,15,34,1,2,58,11,1,62,49,50,60,73,123
1,0,17,33,1,2,50,17,1,54,50,51,67,71,122
1,0,17,39,0,3,46,14,0,50,56,56,70,64,120
1,0,15,37,1,4,50,13,0,55,52,53,65,68,121
1,0,16,37,0,0,53,14,1,55,53,53,67,69,122
1,0,12,38,1,2,51,16,1,55,50,51,66,71,122
1,0,14,37,0,3,51,14,1,56,51,51,65,70,121
1,0,17,35,1,3,54,11,1,59,52,53,63,70,123
1,0,11,35,1,3,58,13,0,62,46,47,59,75,122
0,0,15,37,1,3,53,13,0,56,52,53,65,69,122
1,0,15,34,0,2,55,13,1,59,49,49,62,72,121
1,0,13,37,0,2,54,13,1,58,50,50,63,71,121
0,0,15,33,1,4,57,11,1,62,48,49,59,73,122
1,0,13,35,0,3,55,13,1,60,48,48,61,73,121
1,0,19,32,0,3,53,12,1,58,51,51,63,70,121
1,0,12,36,0,3,55,15,0,59,48,48,63,74,122
1,0,12,41,1,2,50,15,0,53,53,54,68,68,122
1,0,15,33,1,2,58,12,1,62,48,49,60,74,123
1,0,13,35,1,3,58,12,1,63,48,49,60,75,124
1,0,13,36,1,3,57,11,1,62,49,50,60,73,123
0,0,18,32,1,4,55,11,1,60,50,51,61,71,122
0,0,17,32,0,4,56,12,0,60,49,49,61,72,121
2,0,15,33,1,3,52,16,0,57,48,49,64,73,122
1,0,14,36,0,4,52,13,0,57,50,50,63,70,120
1,0,13,37,1,5,51,18,0,57,50,51,68,75,126
1,0,14,35,0,2,54,15,0,57,49,49,64,72,121
1,0,17,34,1,2,53,14,1,57,51,52,65,71,123
0,0,14,37,0,3,53,13,1,57,51,51,64,70,121
1,0,14,37,0,4,49,17,1,55,51,51,68,72,123
1,0,16,34,0,4,54,14,1,60,50,50,64,74,124
1,0,12,36,1,1,54,17,1,57,48,49,65,74,123
1,0,13,36,1,4,56,13,1,62,49,50,62,75,125
2,0,13,36,1,3,55,12,0,60,49,50,61,72,122
1,0,12,35,1,4,58,14,1,64,47,48,61,78,126
2,0,11,34,0,2,59,13,1,64,45,45,58,77,122
0,0,13,38,2,2,49,17,1,52,51,53,68,69,122
4,0,16,33,0,3,56,8,0,63,49,49,57,71,120
0,0,14,36,0,6,53,15,1,60,50,50,65,75,125
1,0,16,29,1,4,57,13,1,63,45,46,58,76,122
1,0,17,31,1,3,54,14,0,58,48,49,62,72,121
0,0,15,37,0,4,52,14,0,56,52,52,66,70,122
1,0,15,32,1,3,61,11,1,66,47,48,58,77,125
1,0,14,38,1,5,50,16,0,56,52,53,68,72,125
1,0,11,38,1,3,52,16,0,56,49,50,65,72,122
0,0,12,35,0,4,51,19,0,55,47,47,66,74,121
1,0,15,35,1,3,55,12,1,60,50,51,62,72,123
1,0,11,35,0,2,61,10,0,64,46,46,56,74,120
1,0,17,33,0,4,51,15,1,57,50,50,65,72,122
1,0,16,38,1,4,49,14,0,54,54,55,68,68,123
1,0,13,37,1,2,54,15,1,58,50,51,65,73,124
1,0,13,35,1,2,58,11,0,61,48,49,59,72,121
2,0,13,32,0,3,59,10,1,65,45,45,55,75,120
1,0,15,37,1,3,49,16,1,54,52,53,68,70,123
2,0,16,32,1,4,57,8,1,64,48,49,56,72,121
1,0,11,38,0,2,50,18,1,54,49,49,67,72,121
0,0,14,37,1,2,54,13,1,57,51,52,64,70,122
0,0,16,34,0,5,52,13,1,58,50,50,63,71,121
1,0,14,34,1,4,57,14,1,63,48,49,62,77,126
1,0,12,37,0,4,57,12,1,63,49,49,61,75,124
1,0,13,38,0,2,53,12,1,57,51,51,63,69,120
1,0,15,35,1,2,53,14,1,57,50,51,64,71,122
1,0,13,34,0,2,52,18,1,56,47,47,65,74,121
1,0,16,34,0,5,52,14,1,59,50,50,64,73,123
1,0,10,35,0,4,60,13,0,65,45,45,58,78,123
1,0,15,33,0,2,51,20,0,54,48,48,68,74,122
1,0,12,34,0,3,60,11,1,65,46,46,57,76,122
1,0,15,34,0,3,54,14,1,59,49,49,63,73,122
1,0,13,33,1,4,56,14,0,61,46,47,60,75,122
1,0,15,34,1,4,52,15,1,58,49,50,64,73,123
1,0,16,35,0,5,56,11,1,63,51,51,62,74,125
1,0,11,35,0,3,60,11,0,64,46,46,57,75,121
1,0,11,37,1,4,58,12,0,63,48,49,60,75,124
1,0,18,31,0,2,56,11,1,60,49,49,60,71,120
1,0,13,36,1,3,54,15,1,59,49,50,64,74,124
1,0,14,37,1,3,54,11,1,59,51,52,62,70,122
0,0,16,36,0,4,49,17,0,53,52,52,69,70,122
5,0,12,31,1,5,53,13,0,63,43,44,56,76,120
1,0,15,36,1,1,55,12,0,57,51,52,63,69,121
1,0,14,39,0,2,53,13,1,57,53,53,66,70,123
1,0,14,31,1,5,58,14,0,64,45,46,59,78,124
3,0,14,36,1,3,52,13,1,59,50,51,63,72,123
1,0,15,31,1,4,59,11,1,65,46,47,57,76,123
1,0,12,39,1,3,49,16,1,54,51,52,67,70,122
1,0,12,33,1,5,58,12,1,65,45,46,57,77,123
0,0,15,36,0,4,52,13,0,56,51,51,64,69,120
3,0,15,38,0,3,54,9,1,61,53,53,62,70,123
1,0,11,40,1,4,53,13,1,59,51,52,64,72,124
1,0,14,38,1,2,53,13,0,56,52,53,65,69,122
1,0,13,36,1,4,60,10,1,66,49,50,59,76,126
1,0,15,37,1,4,49,17,0,54,52,53,69,71,124
3,0,12,33,0,4,59,11,1,67,45,45,56,78,123
1,0,12,34,1,2,55,17,0,58,46,47,63,75,122
1,0,10,41,0,2,56,11,1,60,51,51,62,71,122
0,0,15,35,1,3,51,17,1,55,50,51,67,72,123
2,0,15,36,0,4,52,13,1,59,51,51,64,72,123
1,0,13,39,1,2,53,14,1,57,52,53,66,71,124
1,0,16,30,1,3,58,12,1,63,46,47,58,75,122
1,0,16,31,0,3,58,12,1,63,47,47,59,75,122
2,0,15,31,0,2,57,13,0,61,46,46,59,74,120
1,0,11,34,0,4,56,15,1,62,45,45,60,77,122
1,0,13,34,1,1,57,14,0,59,47,48,61,73,121
1,0,15,34,1,1,54,15,1,57,49,50,64,72,122
1,0,14,39,1,4,53,12,1,59,53,54,65,71,125
1,0,14,37,1,4,54,14,1,60,51,52,65,74,126
0,0,13,36,0,5,56,13,1,62,49,49,62,75,124
0,0,13,38,1,2,54,13,0,56,51,52,64,69,121
1,0,15,33,1,5,58,12,0,64,48,49,60,76,125
1,0,13,31,0,2,58,16,1,62,44,44,60,78,122
1,0,17,32,0,4,53,14,0,58,49,49,63,72,121
0,0,15,37,0,4,55,12,0,59,52,52,64,71,123
1,0,12,37,1,2,55,14,1,59,49,50,63,73,123
0,0,16,33,0,3,54,14,1,58,49,49,63,72,121
1,0,12,37,0,2,55,14,0,58,49,49,63,72,121
1,0,13,35,0,5,61,9,0,67,48,48,57,76,124
4,0,12,33,0,2,55,14,1,62,45,45,59,76,121
1,0,11,34,1,1,58,16,1,61,45,46,61,77,123
0,0,14,30,1,4,59,13,0,63,44,45,57,76,121
1,0,14,35,1,2,58,10,1,62,49,50,59,72,122
1,0,11,35,1,3,58,13,1,63,46,47,59,76,123
0,0,14,35,0,3,55,15,1,59,49,49,64,74,123
1,0,15,32,1,2,59,12,0,62,47,48,59,74,122
0,0,14,34,0,3,58,12,1,62,48,48,60,74,122
1,0,14,34,0,3,58,10,0,62,48,48,58,72,120
1,0,12,37,0,4,56,13,0,61,49,49,62,74,123
1,0,13,36,0,2,54,14,0,57,49,49,63,71,120
1,0,15,30,1,3,56,16,1,61,45,46,61,77,123
1,0,14,37,0,3,53,13,1,58,51,51,64,71,122
0,0,15,31,0,3,56,17,1,60,46,46,63,77,123
1,0,16,34,0,4,56,12,0,61,50,50,62,73,123
1,0,12,33,1,4,59,14,1,65,45,46,59,79,125
1,0,15,35,0,4,57,10,1,63,50,50,60,73,123
1,0,14,34,1,5,57,13,0,63,48,49,61,76,125
1,0,10,37,0,4,57,13,1,63,47,47,60,76,123
1,0,15,33,0,3,53,15,1,58,48,48,63,73,121
1,0,13,35,1,3,57,12,0,61,48,49,60,73,122
1,0,10,38,1,4,56,14,1,62,48,49,62,76,125
1,0,15,34,0,3,52,17,1,57,49,49,66,74,123
0,0,13,36,0,3,59,10,0,62,49,49,59,72,121
0,0,14,33,0,4,59,13,0,63,47,47,60,76,123
1,0,11,42,0,3,49,15,0,53,53,53,68,68,121
1,0,15,35,1,2,57,12,0,60,50,51,62,72,123
1,0,16,37,0,2,50,15,1,54,53,53,68,69,122
1,0,14,36,0,5,55,8,1,62,50,50,58,70,120
0,0,12,35,0,1,61,11,1,63,47,47,58,74,121
1,0,17,36,0,2,53,13,1,57,53,53,66,70,123
1,0,13,39,0,3,54,12,1,59,52,52,64,71,123
0,0,16,34,1,3,57,9,1,61,50,51,59,70,121
1,0,14,36,1,3,56,11,1,61,50,51,61,72,123
0,0,17,31,2,5,57,12,1,63,48,50,60,75,125
1,0,14,32,1,2,64,9,0,67,46,47,55,76,123
1,0,14,35,0,4,55,12,0,60,49,49,61,72,121
2,0,12,34,1,3,61,8,1,67,46,47,54,75,122
2,0,11,33,1,2,59,14,1,64,44,45,58,78,123
2,0,11,35,0,4,59,11,0,65,46,46,57,76,122
1,0,11,37,1,2,58,12,1,62,48,49,60,74,123
1,0,15,36,1,2,52,15,0,55,51,52,66,70,122
1,0,12,38,1,3,56,11,0,60,50,51,61,71,122
1,0,13,35,1,2,52,18,0,55,48,49,66,73,122
1,0,14,38,0,2,54,13,1,58,52,52,65,71,123
2,0,15,31,1,4,53,16,0,59,46,47,62,75,122
0,0,14,35,0,3,55,13,1,59,49,49,62,72,121
1,0,14,36,1,4,55,13,1,61,50,51,63,74,125
0,0,16,34,0,4,54,15,0,58,50,50,65,73,123
0,0,10,36,0,2,62,11,1,65,46,46,57,76,122
1,0,16,36,0,4,53,12,1,59,52,52,64,71,123
1,0,14,35,0,2,56,13,1,60,49,49,62,73,122
3,0,13,39,1,3,52,12,1,59,52,53,64,71,124
1,0,12,37,0,5,54,14,0,60,49,49,63,74,123
1,0,14,36,0,2,54,15,1,58,50,50,65,73,123
1,0,15,34,1,4,53,16,0,58,49,50,65,74,124
1,0,14,34,1,3,55,14,1,60,48,49,62,74,123
1,0,17,28,0,3,55,16,0,59,45,45,61,75,120
1,0,12,36,1,4,56,12,0,61,48,49,60,73,122
1,0,13,39,1,2,49,16,0,52,52,53,68,68,121
1,0,13,34,1,3,57,13,1,62,47,48,60,75,123
1,0,17,38,0,4,45,17,0,50,55,55,72,67,122
1,0,17,34,0,3,56,12,1,61,51,51,63,73,124
1,0,15,34,1,4,58,11,0,63,49,50,60,74,124
1,0,12,35,1,2,54,16,0,57,47,48,63,73,121
3,0,14,28,1,2,60,13,1,66,42,43,55,79,122
1,0,11,38,0,4,56,11,1,62,49,49,60,73,122
1,0,11,31,1,3,62,12,0,66,42,43,54,78,121
0,0,13,38,0,2,56,12,1,59,51,51,63,71,122
0,0,13,35,1,3,58,12,1,62,48,49,60,74,123
0,0,14,36,0,3,57,10,0,60,50,50,60,70,120
0,0,14,35,0,3,54,13,2,59,49,49,62,72,121
1,0,17,37,0,4,52,10,1,58,54,54,64,68,122
0,0,14,35,0,3,52,16,1,56,49,49,65,72,121
1,0,12,37,0,1,55,14,0,57,49,49,63,71,120
2,0,14,33,1,3,61,9,0,66,47,48,56,75,123
1,0,15,33,1,3,55,15,0,59,48,49,63,74,123
1,0,20,29,1,3,56,13,1,61,49,50,62,74,124
1,0,15,31,0,2,58,14,1,62,46,46,60,76,122
0,0,14,36,0,3,55,12,1,59,50,50,62,71,121
1,0,14,35,0,2,58,10,1,62,49,49,59,72,121
1,0,17,30,2,3,52,15,1,57,47,49,62,72,121
1,0,12,37,0,3,56,11,1,61,49,49,60,72,121
1,0,14,31,1,5,56,16,0,62,45,46,61,78,124
1,0,13,38,0,3,52,14,0,56,51,51,65,70,121
1,0,15,36,1,3,55,11,1,60,51,52,62,71,123
0,0,11,36,1,4,59,12,1,64,47,48,59,76,124
1,0,13,36,0,1,57,13,1,60,49,49,62,73,122
1,0,16,37,1,4,43,21,1,49,53,54,74,70,124
1,0,16,35,1,4,53,13,1,59,51,52,64,72,124
1,0,15,35,1,2,53,15,0,56,50,51,65,71,122
1,0,17,37,0,0,51,15,0,52,54,54,69,67,121
0,0,17,33,1,4,49,19,1,54,50,51,69,73,124
2,0,14,32,0,4,59,9,1,66,46,46,55,75,121
2,0,17,33,1,4,55,11,0,61,50,51,61,72,123
0,0,14,34,1,4,58,12,1,63,48,49,60,75,124
1,0,16,33,0,4,55,12,1,61,49,49,61,73,122
0,0,14,38,0,3,50,16,0,53,52,52,68,69,121
1,0,14,37,1,3,54,13,0,58,51,52,64,71,123
2,0,13,33,0,3,57,12,0,62,46,46,58,74,120
1,0,13,35,1,4,56,13,0,61,48,49,61,74,123
1,0,14,35,0,4,57,12,0,62,49,49,61,74,123
1,0,13,36,1,4,52,14,1,58,49,50,63,72,122
1,0,16,34,1,5,50,17,1,57,50,51,67,74,125
0,0,12,36,1,4,59,10,1,64,48,49,58,74,123
1,0,15,34,0,4,53,14,1,59,49,49,63,73,122
1,0,14,37,1,2,52,15,1,56,51,52,66,71,123
1,0,17,34,0,3,54,14,1,59,51,51,65,73,124
1,0,15,32,0,3,59,10,0,63,47,47,57,73,120
1,0,13,36,1,1,56,12,1,59,49,50,61,71,121
1,0,14,37,1,4,52,16,0,57,51,52,67,73,125
0,0,18,33,0,4,52,13,1,57,51,51,64,70,121
1,0,14,35,0,4,57,11,1,63,49,49,60,74,123
0,0,17,31,0,3,55,15,1,59,48,48,63,74,122
1,0,14,35,0,5,51,18,1,58,49,49,67,76,125
1,0,16,36,1,1,49,17,0,51,52,53,69,68,121
1,0,11,34,1,3,60,14,1,65,45,46,59,79,125
0,0,17,36,0,4,54,11,1,59,53,53,64,70,123
1,0,16,34,1,3,55,12,0,59,50,51,62,71,122
1,0,15,36,0,3,53,12,1,58,51,51,63,70,121
1,0,17,35,1,3,50,15,0,54,52,53,67,69,122
1,0,14,31,0,4,57,14,0,62,45,45,59,76,121
0,0,13,38,0,5,46,22,0,51,51,51,73,73,124
0,0,11,33,1,3,60,13,1,64,44,45,57,77,122
1,0,14,36,1,2,53,15,1,57,50,51,65,72,123
1,0,12,34,1,3,59,11,1,64,46,47,57,75,122
1,0,16,35,1,3,54,12,1,59,51,52,63,71,123
0,0,15,35,1,4,57,12,1,62,50,51,62,74,125
1,0,14,35,0,4,54,12,0,59,49,49,61,71,120
1,0,13,34,0,2,57,13,1,61,47,47,60,74,121
1,0,21,36,1,2,46,15,0,49,57,58,72,64,122
1,0,14,36,0,2,58,10,0,61,50,50,60,71,121
1,0,18,37,1,3,50,14,0,54,55,56,69,68,124
1,0,13,37,0,2,56,12,0,59,50,50,62,71,121
1,0,17,31,0,4,60,11,0,65,48,48,59,76,124
1,0,12,33,0,1,59,14,1,62,45,45,59,76,121
2,0,13,35,1,3,59,10,1,65,48,49,58,75,124
1,0,15,37,0,3,49,16,1,54,52,52,68,70,122
1,0,11,33,0,4,55,17,1,61,44,44,61,78,122
1,0,16,37,1,4,52,11,1,58,53,54,64,69,123
0,0,13,41,0,3,53,11,1,57,54,54,65,68,122
1,0,16,37,0,5,54,11,0,60,53,53,64,71,124
1,0,10,40,0,4,58,10,1,64,50,50,60,74,124
0,0,14,37,1,4,54,11,0,58,51,52,62,69,121
0,0,17,33,1,2,55,13,1,58,50,51,63,71,122
1,0,12,42,1,2,51,13,1,55,54,55,67,68,123
1,0,15,38,0,2,53,12,1,57,53,53,65,69,122
0,0,10,41,1,3,53,15,0,56,51,52,66,71,123
1,0,15,37,0,2,53,13,0,56,52,52,65,69,121
1,0,14,33,0,2,62,9,1,66,47,47,56,75,122
1,0,12,35,0,4,58,12,0,63,47,47,59,75,122
1,0,12,41,1,2,53,12,1,57,53,54,65,69,123
1,0,13,35,0,3,58,12,1,63,48,48,60,75,123
2,0,11,40,1,3,53,12,1,59,51,52,63,71,123
0,0,11,39,1,3,53,14,1,57,50,51,64,71,122
2,0,13,31,0,4,58,15,1,65,44,44,59,80,124
1,0,12,37,0,3,55,13,0,59,49,49,62,72,121
1,0,12,36,1,3,54,14,1,59,48,49,62,73,122
1,0,16,36,0,2,53,14,1,57,52,52,66,71,123
1,0,16,31,1,3,55,14,0,59,47,48,61,73,121
1,0,16,33,1,2,58,11,0,61,49,50,60,72,122
1,0,12,38,0,3,52,15,1,57,50,50,65,72,122
1,0,16,35,1,2,54,13,0,57,51,52,64,70,122
1,0,12,36,1,3,56,13,0,60,48,49,61,73,122
1,0,11,33,0,4,57,16,0,62,44,44,60,78,122
1,0,14,35,1,0,57,13,1,59,49,50,62,72,122
2,0,11,39,0,4,52,15,0,58,50,50,65,73,123
1,0,17,37,1,3,50,15,0,54,54,55,69,69,124
1,0,14,36,0,4,57,10,1,63,50,50,60,73,123
1,0,13,39,0,4,55,11,0,60,52,52,63,71,123
1,0,14,35,1,3,54,12,1,59,49,50,61,71,121
1,0,14,34,1,4,55,16,1,61,48,49,64,77,126
1,0,15,36,1,2,52,16,1,56,51,52,67,72,124
1,0,15,36,0,4,54,13,1,60,51,51,64,73,124
0,0,12,35,0,4,58,11,1,63,47,47,58,74,121
0,0,15,31,0,3,60,11,1,64,46,46,57,75,121
1,0,15,31,1,3,57,15,0,61,46,47,61,76,123
2,0,18,33,1,4,48,14,0,54,51,52,65,68,120
1,0,13,34,0,2,58,14,0,61,47,47,61,75,122
1,0,14,38,1,2,52,14,0,55,52,53,66,69,122
1,0,13,35,1,3,55,14,1,60,48,49,62,74,123
1,0,15,32,1,3,52,19,1,57,47,48,66,76,124
1,0,13,35,0,3,50,20,1,55,48,48,68,75,123
1,0,15,33,1,4,56,14,1,62,48,49,62,76,125
1,0,15,40,1,2,51,12,1,55,55,56,67,67,123
1,0,14,30,1,3,56,16,1,61,44,45,60,77,122
1,0,14,35,0,3,56,13,1,61,49,49,62,74,123
2,0,14,33,1,3,56,14,1,62,47,48,61,76,124
1,0,15,32,0,4,58,12,1,64,47,47,59,76,123
1,0,13,35,1,3,56,12,1,61,48,49,60,73,122
1,0,12,37,0,3,54,14,1,59,49,49,63,73,122
0,0,15,38,0,2,51,14,0,53,53,53,67,67,120
1,0,12,35,1,5,56,15,0,62,47,48,62,77,125
0,0,12,35,1,4,56,14,0,60,47,48,61,74,122
0,0,16,34,0,2,54,14,1,57,50,50,64,71,121
1,0,13,36,0,4,53,14,1,59,49,49,63,73,122
1,0,13,38,0,4,54,13,1,60,51,51,64,73,124
1,0,15,31,1,2,59,11,1,63,46,47,57,74,121
0,0,14,33,0,5,56,12,0,61,47,47,59,73,120
1,0,12,37,0,4,53,16,0,58,49,49,65,74,123
1,0,15,33,2,4,53,13,1,59,48,50,61,72,122
1,0,14,37,0,3,53,14,0,57,51,51,65,71,122
3,0,14,35,0,3,53,14,0,59,49,49,63,73,122
0,0,17,37,1,5,53,11,0,58,54,55,65,69,124
1,0,15,37,1,3,54,13,1,59,52,53,65,72,125
1,0,13,37,1,4,53,13,0,58,50,51,63,71,122
2,0,14,36,1,2,54,13,0,58,50,51,63,71,122
1,0,14,35,0,4,56,13,0,61,49,49,62,74,123
0,0,15,37,1,2,51,16,0,53,52,53,68,69,122
2,0,13,38,0,4,53,12,1,60,51,51,63,72,123
1,0,17,39,0,3,51,10,1,56,56,56,66,66,122
1,0,16,36,0,4,53,12,0,58,52,52,64,70,122
1,0,17,37,0,3,45,18,1,50,54,54,72,68,122
1,0,16,34,0,3,55,12,1,60,50,50,62,72,122
2,0,13,36,1,2,56,11,0,60,49,50,60,71,121
1,0,16,35,1,2,52,16,1,56,51,52,67,72,124
0,0,11,36,1,2,58,13,1,61,47,48,60,74,122
1,0,12,32,0,4,58,15,0,63,44,44,59,78,122
1,0,17,37,0,5,48,16,1,55,54,54,70,71,125
2,0,10,34,0,2,61,12,1,66,44,44,56,78,122
4,0,14,33,1,3,55,12,0,62,47,48,59,74,122
1,0,15,38,0,2,50,15,1,54,53,53,68,69,122
1,0,15,32,0,4,56,12,1,62,47,47,59,74,121
1,0,15,36,0,2,52,15,1,56,51,51,66,71,122
1,0,16,35,0,4,54,14,0,59,51,51,65,73,124
1,0,11,34,1,2,57,15,1,61,45,46,60,76,122
1,0,16,37,0,3,53,12,0,57,53,53,65,69,122
2,0,14,34,1,3,59,9,1,65,48,49,57,74,123
1,0,13,34,0,4,56,14,1,62,47,47,61,76,123
1,0,12,37,1,3,56,12,1,61,49,50,61,73,123
1,0,12,32,1,2,55,17,0,58,44,45,61,75,120
0,0,12,35,1,2,59,13,1,62,47,48,60,75,123
1,0,15,33,0,3,55,14,1,60,48,48,62,74,122
1,0,12,37,1,3,52,16,1,57,49,50,65,73,123
1,0,16,34,0,5,55,10,1,62,50,50,60,72,122
0,0,12,37,1,3,53,15,0,56,49,50,64,71,121
2,0,13,36,1,5,55,12,0,62,49,50,61,74,124
1,0,12,39,1,3,53,12,1,58,51,52,63,70,122
1,0,17,36,0,3,50,14,0,54,53,53,67,68,121
1,0,12,34,1,4,55,16,1,61,46,47,62,77,124
0,0,17,37,1,6,51,14,0,57,54,55,68,71,126
1,0,12,36,0,3,58,11,1,63,48,48,59,74,122
1,0,11,37,1,2,58,11,1,62,48,49,59,73,122
1,0,16,37,0,4,53,13,1,59,53,53,66,72,125
1,0,14,35,0,4,53,15,0,58,49,49,64,73,122
1,0,13,36,1,4,56,14,1,62,49,50,63,76,126
1,0,13,39,0,2,54,12,0,57,52,52,64,69,121
1,0,16,39,1,4,50,13,1,56,55,56,68,69,125
1,0,15,31,0,4,57,14,1,63,46,46,60,77,123
0,0,14,34,1,2,59,10,1,62,48,49,58,72,121
0,0,13,36,1,3,57,12,1,61,49,50,61,73,123
1,0,11,38,0,2,56,12,1,60,49,49,61,72,121
1,0,14,35,0,2,55,14,0,58,49,49,63,72,121
1,0,16,35,0,2,54,14,0,57,51,51,65,71,122
1,0,13,31,1,4,56,14,1,62,44,45,58,76,121
2,0,12,33,0,3,54,16,0,59,45,45,61,75,120
0,0,16,33,1,3,58,10,0,61,49,50,59,71,121
1,0,14,37,0,3,57,10,1,62,51,51,61,72,123
1,0,15,34,0,3,55,12,1,60,49,49,61,72,121
1,0,16,35,0,2,52,16,1,56,51,51,67,72,123
1,0,12,35,1,2,58,13,1,62,47,48,60,75,123
1,0,15,35,1,3,55,11,0,59,50,51,61,70,121
1,0,12,37,0,3,54,13,1,59,49,49,62,72,121
1,0,15,27,1,3,62,13,0,66,42,43,55,79,122
1,0,14,36,1,3,56,11,1,61,50,51,61,72,123
1,0,16,38,0,5,50,14,0,56,54,54,68,70,124
1,0,19,38,0,3,50,11,1,55,57,57,68,66,123
1,0,14,33,0,3,60,10,1,65,47,47,57,75,122
1,0,12,30,0,4,61,15,1,67,42,42,57,82,124
2,0,13,38,0,5,48,17,1,56,51,51,68,73,124
1,0,17,32,1,0,57,13,0,58,49,50,62,71,121
1,0,14,32,0,2,56,15,1,60,46,46,61,75,121
1,0,15,36,0,3,54,12,1,59,51,51,63,71,122
1,0,17,34,0,5,54,13,1,61,51,51,64,74,125
0,0,16,34,0,2,56,12,1,59,50,50,62,71,121
2,0,14,30,0,2,61,11,0,65,44,44,55,76,120
1,0,15,33,1,1,54,16,1,57,48,49,64,73,122
0,0,13,34,1,3,59,13,0,62,47,48,60,75,123
0,0,11,37,1,4,55,14,0,59,48,49,62,73,122
1,0,13,40,1,2,53,12,1,57,53,54,65,69,123
1,0,16,34,0,3,52,14,0,56,50,50,64,70,120
2,0,15,40,0,1,51,11,0,54,55,55,66,65,120
0,0,16,38,1,4,50,14,0,54,54,55,68,68,123
0,0,15,38,1,3,55,10,0,58,53,54,63,68,122
1,0,12,37,1,5,57,12,1,64,49,50,61,76,126
1,0,13,36,1,3,55,13,1,60,49,50,62,73,123
1,0,14,34,0,3,58,12,1,63,48,48,60,75,123
0,0,14,35,1,2,56,13,0,58,49,50,62,71,121
0,0,11,32,1,4,61,13,1,66,43,44,56,79,123
1,0,14,34,1,3,56,13,1,61,48,49,61,74,123
1,0,11,34,1,3,57,16,0,61,45,46,61,77,123
1,0,16,32,1,4,57,12,1,63,48,49,60,75,124
1,0,10,32,1,4,60,15,1,66,42,43,57,81,124
1,0,14,36,0,4,55,12,0,60,50,50,62,72,122
1,0,10,38,0,0,59,13,1,61,48,48,61,74,122
1,0,13,34,0,3,58,11,1,63,47,47,58,74,121
0,0,12,36,0,4,58,12,1,63,48,48,60,75,123
1,0,12,32,0,2,59,14,0,62,44,44,58,76,120
1,0,14,32,1,4,58,12,1,64,46,47,58,76,123
1,0,14,36,1,4,54,14,1,60,50,51,64,74,125
1,0,11,36,0,2,59,13,1,63,47,47,60,76,123
1,0,14,36,1,3,53,13,0,57,50,51,63,70,121
1,0,12,37,1,3,56,12,0,60,49,50,61,72,122
1,0,14,33,1,3,57,14,1,62,47,48,61,76,124
1,0,16,31,0,5,55,11,1,62,47,47,58,73,120
0,0,17,31,0,3,52,17,1,56,48,48,65,73,121
2,0,15,30,0,4,56,13,1,63,45,45,58,76,121
1,0,15,30,1,3,59,13,1,64,45,46,58,77,123
1,0,15,34,0,2,53,15,1,57,49,49,64,72,121
0,0,14,36,0,5,52,13,1,58,50,50,63,71,121
1,0,14,36,0,3,53,13,0,57,50,50,63,70,120
1,0,14,34,1,0,57,14,1,59,48,49,62,73,122
2,0,11,38,0,4,56,12,1,63,49,49,61,75,124
1,0,15,36,1,3,56,10,1,61,51,52,61,71,123
1,0,16,30,0,3,60,11,1,65,46,46,57,76,122
0,0,16,33,1,2,56,14,1,59,49,50,63,73,123
1,0,16,33,1,4,55,14,1,61,49,50,63,75,125
1,0,15,36,1,2,52,14,1,56,51,52,65,70,122
1,0,13,36,1,2,58,11,0,61,49,50,60,72,122
1,0,12,37,1,3,56,11,1,61,49,50,60,72,122
1,0,14,38,0,1,53,14,1,56,52,52,66,70,122
1,0,14,35,0,0,54,17,1,56,49,49,66,73,122
1,0,15,37,0,5,52,11,0,58,52,52,63,69,121
1,0,10,36,1,3,58,14,1,63,46,47,60,77,124
1,0,14,35,1,3,58,11,0,62,49,50,60,73,123
2,0,13,35,1,2,55,14,1,60,48,49,62,74,123
1,0,16,36,0,0,54,13,0,55,52,52,65,68,120
1,0,12,37,0,4,56,14,1,62,49,49,63,76,125
1,0,11,40,0,6,51,16,0,58,51,51,67,74,125
1,0,12,38,0,4,55,12,0,60,50,50,62,72,122
1,0,14,36,0,3,53,15,1,58,50,50,65,73,123
3,0,16,34,0,4,51,12,1,59,50,50,62,71,121
1,0,13,37,0,3,58,10,0,62,50,50,60,72,122
1,0,16,32,0,4,57,10,0,62,48,48,58,72,120
1,0,14,39,0,3,53,11,0,57,53,53,64,68,121
1,0,12,38,0,3,54,14,1,59,50,50,64,73,123
1,0,14,41,0,4,49,14,1,55,55,55,69,69,124
1,0,18,33,1,2,55,10,2,60,51,52,61,70,122
1,0,13,36,0,3,56,12,1,61,49,49,61,73,122
1,0,13,30,1,3,56,17,1,61,43,44,60,78,122
1,0,16,36,0,3,50,14,1,55,52,52,66,69,121
1,0,16,37,1,4,50,13,1,56,53,54,66,69,123
1,0,12,38,0,3,51,15,1,56,50,50,65,71,121
1,0,16,33,0,5,54,14,0,60,49,49,63,74,123
0,0,11,33,1,4,56,16,1,61,44,45,60,77,122
0,0,12,37,0,4,60,10,1,65,49,49,59,75,124
1,0,16,37,0,3,51,12,0,55,53,53,65,67,120
1,0,12,37,1,4,52,17,1,58,49,50,66,75,125
1,0,14,34,1,3,55,14,1,60,48,49,62,74,123
1,0,11,38,0,4,58,12,0,63,49,49,61,75,124
1,0,15,36,1,3,53,13,1,58,51,52,64,71,123
1,0,14,36,0,2,55,12,1,59,50,50,62,71,121
3,0,11,37,0,3,56,11,1,63,48,48,59,74,122
0,0,14,32,1,4,56,15,1,61,46,47,61,76,123
1,0,15,37,0,3,47,18,1,52,52,52,70,70,122
1,0,13,37,1,4,53,12,1,59,50,51,62,71,122
1,0,13,34,0,2,62,9,1,66,47,47,56,75,122
0,0,14,38,0,3,52,14,0,55,52,52,66,69,121
1,0,13,36,0,3,54,15,0,58,49,49,64,73,122
1,0,15,36,0,3,55,11,1,60,51,51,62,71,122
1,0,19,32,0,4,53,14,1,59,51,51,65,73,124
4,0,13,32,1,2,58,11,0,64,45,46,56,75,121
1,0,16,41,1,3,50,12,0,54,57,58,69,66,124
1,0,16,34,0,5,55,12,0,61,50,50,62,73,123
0,0,15,37,0,3,50,16,1,54,52,52,68,70,122
1,0,14,35,0,2,58,10,0,61,49,49,59,71,120
2,0,15,29,1,3,64,9,1,70,44,45,53,79,124
1,0,11,39,1,5,59,9,0,65,50,51,59,74,125
1,0,17,35,0,2,55,12,1,59,52,52,64,71,123
1,0,16,31,1,3,56,16,0,60,47,48,63,76,124
1,0,14,33,1,3,58,13,1,63,47,48,60,76,124
1,0,15,33,1,2,58,12,0,61,48,49,60,73,122
0,0,10,39,0,2,57,13,0,59,49,49,62,72,121
1,0,14,36,0,5,50,14,1,57,50,50,64,71,121
1,0,16,32,1,5,57,12,1,64,48,49,60,76,125
1,0,13,40,1,2,54,11,1,58,53,54,64,69,123
0,0,15,33,1,2,61,8,2,65,48,49,56,73,122
1,0,15,34,1,3,51,17,1,56,49,50,66,73,123
1,0,16,38,1,1,56,9,1,59,54,55,63,68,123
0,0,11,38,0,3,59,11,0,62,49,49,60,73,122
1,0,15,35,1,3,52,15,0,56,50,51,65,71,122
1,0,12,41,0,3,52,14,1,57,53,53,67,71,124
0,0,13,36,1,3,57,11,1,61,49,50,60,72,122
1,0,17,37,1,2,51,13,1,55,54,55,67,68,123
1,0,13,35,1,4,56,15,1,62,48,49,63,77,126
1,0,14,37,1,4,49,17,0,54,51,52,68,71,123
2,0,14,34,0,3,53,13,1,59,48,48,61,72,120
1,0,13,35,0,4,60,10,0,65,48,48,58,75,123
1,0,17,33,0,4,53,13,1,59,50,50,63,72,122
1,0,14,30,0,3,58,16,1,63,44,44,60,79,123
2,0,15,33,0,4,52,17,0,58,48,48,65,75,123
1,0,14,39,1,2,52,13,1,56,53,54,66,69,123
1,0,15,33,0,3,55,14,1,60,48,48,62,74,122
1,0,12,37,1,3,56,14,1,61,49,50,63,75,125
0,0,14,37,1,2,50,17,0,52,51,52,68,69,121
1,0,16,36,0,2,51,14,0,54,52,52,66,68,120
0,0,17,32,0,3,56,12,0,59,49,49,61,71,120
0,0,14,36,1,4,56,12,0,60,50,51,62,72,123
0,0,13,36,0,5,59,10,1,65,49,49,59,75,124
1,0,16,33,1,4,58,11,0,63,49,50,60,74,124
1,0,16,34,0,5,51,13,1,58,50,50,63,71,121
0,0,11,34,0,5,60,10,1,66,45,45,55,76,121
1,0,14,35,1,2,55,13,1,59,49,50,62,72,122
1,0,13,36,1,3,55,13,0,59,49,50,62,72,122
1,0,12,40,0,3,50,16,0,54,52,52,68,70,122
0,0,13,33,1,3,57,16,0,60,46,47,62,76,123
2,0,13,34,0,3,59,10,1,65,47,47,57,75,122
1,0,17,35,1,3,52,13,1,57,52,53,65,70,123
1,0,18,30,0,2,53,18,1,57,48,48,66,75,123
1,0,11,35,0,0,60,13,1,62,46,46,59,75,121
4,0,12,31,0,4,60,11,0,68,43,43,54,79,122
3,0,11,36,1,4,54,13,0,61,47,48,60,74,122
1,0,14,34,1,4,51,16,0,56,48,49,64,72,121
0,0,16,34,0,3,56,12,0,59,50,50,62,71,121
1,0,12,37,0,2,57,11,1,61,49,49,60,72,121
1,0,12,39,1,3,51,16,0,55,51,52,67,71,123
1,0,12,38,0,3,56,12,1,61,50,50,62,73,123
1,0,13,37,0,4,49,18,0,54,50,50,68,72,122
0,0,13,33,0,4,57,14,1,62,46,46,60,76,122
2,0,16,33,0,3,56,10,1,62,49,49,59,72,121
1,0,11,39,1,4,57,11,0,62,50,51,61,73,124
1,0,10,39,1,3,53,15,1,58,49,50,64,73,123
1,0,15,34,1,3,53,15,0,57,49,50,64,72,122
1,0,11,35,0,2,56,16,0,59,46,46,62,75,121
1,0,12,40,0,2,52,14,1,56,52,52,66,70,122
1,0,13,34,0,4,55,16,1,61,47,47,63,77,124
1,0,13,38,1,3,52,13,1,57,51,52,64,70,122
0,0,16,28,0,5,58,13,0,63,44,44,57,76,120
0,0,17,34,0,5,47,17,0,52,51,51,68,69,120
1,0,14,36,0,3,51,18,1,56,50,50,68,74,124
1,0,15,34,0,3,54,14,1,59,49,49,63,73,122
0,0,15,34,1,3,53,15,1,57,49,50,64,72,122
1,0,12,36,0,3,55,14,1,60,48,48,62,74,122
1,0,12,34,1,3,55,15,0,59,46,47,61,74,121
1,0,14,31,0,2,60,11,1,64,45,45,56,75,120
0,0,13,38,1,1,52,16,1,54,51,52,67,70,122
1,0,14,38,1,4,54,12,1,60,52,53,64,72,125
1,0,13,38,0,3,54,14,1,59,51,51,65,73,124
0,0,15,37,0,3,54,13,0,57,52,52,65,70,122
1,0,14,36,1,3,56,12,0,60,50,51,62,72,123
1,0,16,34,0,3,54,14,0,58,50,50,64,72,122
1,0,15,32,0,3,52,17,1,57,47,47,64,74,121
1,0,13,36,1,4,57,11,1,63,49,50,60,74,124
1,0,11,36,1,1,56,15,0,58,47,48,62,73,121
1,0,15,33,1,1,53,18,1,56,48,49,66,74,123
2,0,16,33,1,3,51,16,0,56,49,50,65,72,122
1,0,17,35,0,3,54,12,0,58,52,52,64,70,122
0,0,15,33,0,6,56,14,1,63,48,48,62,77,125
0,0,16,35,0,3,52,14,1,56,51,51,65,70,121
1,0,15,35,0,5,55,13,0,61,50,50,63,74,124
1,0,15,34,1,3,56,13,0,60,49,50,62,73,123
1,0,15,34,0,4,54,12,1,60,49,49,61,72,121
1,0,13,37,1,2,53,14,1,57,50,51,64,71,122
2,0,13,36,0,2,55,13,0,59,49,49,62,72,121
1,0,15,38,0,3,48,15,0,52,53,53,68,67,120
0,0,17,36,0,4,52,12,1,57,53,53,65,69,122
1,0,14,32,0,3,58,11,1,63,46,46,57,74,120
2,0,13,37,1,3,55,11,1,61,50,51,61,72,123
1,0,14,38,0,2,54,12,0,57,52,52,64,69,121
1,0,10,39,1,1,57,12,1,60,49,50,61,72,122
1,0,15,34,0,3,55,14,0,59,49,49,63,73,122
1,0,14,36,1,4,53,14,1,59,50,51,64,73,124
1,0,11,36,1,4,57,13,1,63,47,48,60,76,124
1,0,16,32,1,3,55,14,0,59,48,49,62,73,122
1,0,14,39,0,4,50,13,1,56,53,53,66,69,122
1,0,16,33,1,3,56,12,0,60,49,50,61,72,122
0,0,14,33,0,3,58,12,1,62,47,47,59,74,121
1,0,17,31,1,4,50,18,1,56,48,49,66,74,123
1,0,11,35,0,3,59,12,0,63,46,46,58,75,121
1,0,15,33,0,4,54,16,1,60,48,48,64,76,124
1,0,15,36,0,4,54,14,0,59,51,51,65,73,124
1,0,16,34,1,3,49,16,0,53,50,51,66,69,120
1,0,12,35,0,3,59,11,1,64,47,47,58,75,122
1,0,12,36,1,2,60,10,1,64,48,49,58,74,123
1,0,13,33,1,5,58,13,1,65,46,47,59,78,125
0,0,12,37,0,3,59,10,1,63,49,49,59,73,122
0,0,14,33,1,3,55,17,1,59,47,48,64,76,124
0,0,14,40,0,3,50,13,1,54,54,54,67,67,121
0,0,13,35,0,3,55,14,1,59,48,48,62,73,121
2,0,13,35,1,2,54,13,1,59,48,49,61,72,121
1,0,13,36,0,2,53,16,0,56,49,49,65,72,121
0,0,15,36,0,4,54,14,0,58,51,51,65,72,123
2,0,16,33,0,4,55,12,1,62,49,49,61,74,123
1,0,18,35,0,4,50,15,0,55,53,53,68,70,123
1,0,11,35,1,2,58,15,1,62,46,47,61,77,124
1,0,15,37,0,3,52,12,0,56,52,52,64,68,120
1,0,15,34,1,2,53,15,0,56,49,50,64,71,121
0,0,16,36,0,3,51,15,1,55,52,52,67,70,122
1,0,14,36,1,3,53,14,1,58,50,51,64,72,123
1,0,15,32,1,1,55,17,1,58,47,48,64,75,123
1,0,13,37,1,3,52,17,0,56,50,51,67,73,124
1,0,14,37,1,2,51,16,1,55,51,52,67,71,123
0,0,13,41,0,2,49,15,1,52,54,54,69,67,121
1,0,19,37,0,4,49,13,1,55,56,56,69,68,124
0,0,14,34,0,5,52,14,1,58,48,48,62,72,120
1,0,12,40,1,2,53,13,0,56,52,53,65,69,122
0,0,11,33,0,4,57,18,1,62,44,44,62,80,124
1,0,12,35,0,3,53,16,1,58,47,47,63,74,121
1,0,14,35,1,2,54,14,1,58,49,50,63,72,122
0,0,12,40,1,3,56,10,0,59,52,53,62,69,122
1,0,12,37,0,3,54,14,1,59,49,49,63,73,122
3,0,15,35,0,4,53,11,1,61,50,50,61,72,122
0,0,15,33,1,4,54,13,0,58,48,49,61,71,120
1,0,15,36,1,3,55,12,1,60,51,52,63,72,124
1,0,13,38,0,3,52,16,0,56,51,51,67,72,123
1,0,14,33,1,2,57,13,0,60,47,48,60,73,121
1,0,13,36,1,2,53,16,1,57,49,50,65,73,123
0,0,12,39,1,1,51,17,1,53,51,52,68,70,122
2,0,15,30,1,1,61,10,1,65,45,46,55,75,121
1,0,16,31,1,3,59,12,1,64,47,48,59,76,124
1,0,12,33,0,3,62,10,0,66,45,45,55,76,121
0,0,9,41,1,4,54,13,1,59,50,51,63,72,123
1,0,13,40,1,5,51,14,0,57,53,54,67,71,125
0,0,16,39,1,2,53,10,1,56,55,56,65,66,122
1,0,10,37,1,2,60,10,1,64,47,48,57,74,122
1,0,13,30,1,3,61,14,1,66,43,44,57,80,124
1,0,16,31,0,2,61,10,1,65,47,47,57,75,122
0,0,12,39,1,5,49,19,0,54,51,52,70,73,125
1,0,13,34,0,4,57,13,1,63,47,47,60,76,123
1,0,15,35,0,5,51,16,1,58,50,50,66,74,124
1,0,18,34,1,3,47,18,1,52,52,53,70,70,123
0,0,13,40,0,2,46,19,1,49,53,53,72,68,121
3,0,16,29,1,5,58,12,0,66,45,46,57,78,124
1,0,13,37,0,4,53,15,1,59,50,50,65,74,124
1,0,15,32,0,3,52,19,0,56,47,47,66,75,122
1,0,13,35,1,4,57,13,1,63,48,49,61,76,125
1,0,13,37,0,5,52,11,2,60,50,50,61,71,121
1,0,14,35,0,2,55,13,1,59,49,49,62,72,121
1,0,14,32,1,4,60,12,1,66,46,47,58,78,125
1,0,16,29,1,4,58,12,0,63,45,46,57,75,121
1,0,14,38,0,4,52,13,0,57,52,52,65,70,122
1,0,16,37,0,3,51,14,0,55,53,53,67,69,122
1,0,14,36,1,3,54,12,1,59,50,51,62,71,122
2,0,14,34,1,6,51,15,1,60,48,49,63,75,124
2,0,14,36,0,3,50,14,1,56,50,50,64,70,120
1,0,16,34,0,4,51,17,0,56,50,50,67,73,123
1,0,15,34,1,4,52,16,1,58,49,50,65,74,124
1,0,13,40,0,2,51,13,0,54,53,53,66,67,120
0,0,12,34,0,6,58,13,1,65,46,46,59,78,124
1,0,14,37,0,5,51,13,1,58,51,51,64,71,122
0,0,15,34,1,4,55,15,1,60,49,50,64,75,125
2,0,15,32,1,2,54,15,0,58,47,48,62,73,121
1,0,15,31,1,4,59,12,0,64,46,47,58,76,123
1,0,13,32,1,2,58,15,0,61,45,46,60,76,122
0,0,13,37,1,3,56,11,0,59,50,51,61,70,121
1,0,13,38,0,2,55,12,0,58,51,51,63,70,121
3,0,14,33,0,4,52,17,0,59,47,47,64,76,123
2,0,14,35,1,5,57,11,0,64,49,50,60,75,125
1,0,13,36,0,6,54,14,0,61,49,49,63,75,124
1,0,19,36,1,2,46,16,1,50,55,56,71,66,122
3,0,13,32,0,5,55,13,1,64,45,45,58,77,122
3,0,14,34,0,5,55,12,1,64,48,48,60,76,124
1,0,14,32,0,3,55,15,1,60,46,46,61,75,121
0,0,15,33,1,3,51,18,1,55,48,49,66,73,122
0,0,15,37,1,3,54,11,0,57,52,53,63,68,121
1,0,11,39,1,2,54,14,0,57,50,51,64,71,122
1,0,13,34,1,3,52,18,1,57,47,48,65,75,123
2,0,9,39,1,2,53,15,1,58,48,49,63,73,122
1,0,13,35,0,2,58,12,1,62,48,48,60,74,122
3,0,11,35,0,3,57,12,1,64,46,46,58,76,122
0,0,14,38,1,2,49,17,1,52,52,53,69,69,122
1,0,14,37,1,3,53,14,1,58,51,52,65,72,124
1,0,16,30,0,3,63,9,1,68,46,46,55,77,123
1,0,13,35,0,5,58,13,1,65,48,48,61,78,126
1,0,15,32,1,3,57,13,1,62,47,48,60,75,123
1,0,15,38,1,3,47,16,1,52,53,54,69,68,122
1,0,12,40,0,2,57,10,1,61,52,52,62,71,123
1,0,15,36,1,2,54,13,1,58,51,52,64,71,123
1,0,15,37,0,3,50,14,1,55,52,52,66,69,121
1,0,13,35,0,4,54,14,1,60,48,48,62,74,122
1,0,15,32,1,5,55,17,0,61,47,48,64,78,126
1,0,13,38,1,3,56,10,0,60,51,52,61,70,122
1,0,12,38,1,4,55,11,1,61,50,51,61,72,123
1,0,12,38,0,1,55,13,1,58,50,50,63,71,121
1,0,14,36,0,5,57,11,1,64,50,50,61,75,125
1,0,11,36,0,5,58,13,0,64,47,47,60,77,124
1,0,16,37,1,3,52,13,0,56,53,54,66,69,123
1,0,17,32,0,3,56,14,1,61,49,49,63,75,124
1,0,16,33,1,4,55,14,1,61,49,50,63,75,125
0,0,15,37,1,4,51,15,0,55,52,53,67,70,123
1,0,13,34,1,3,56,14,0,60,47,48,61,74,122
1,0,11,39,0,1,52,17,0,54,50,50,67,71,121
0,0,17,36,1,2,54,11,1,57,53,54,64,68,122
1,0,15,37,1,2,57,9,0,60,52,53,61,69,122
1,0,15,34,0,3,58,10,2,64,49,49,59,74,123
1,0,13,36,0,2,54,15,0,57,49,49,64,72,121
1,0,15,34,0,5,51,15,0,57,49,49,64,72,121
0,0,13,35,0,4,55,13,1,60,48,48,61,73,121
1,0,15,36,1,3,52,15,1,57,51,52,66,72,124
1,0,11,35,0,5,61,12,1,68,46,46,58,80,126
1,0,12,34,1,5,56,12,1,63,46,47,58,75,122
1,0,12,36,1,2,57,14,1,61,48,49,62,75,124
1,0,15,35,1,3,54,13,1,59,50,51,63,72,123
1,0,12,37,1,3,57,13,1,62,49,50,62,75,125
1,0,12,37,1,1,54,16,1,57,49,50,65,73,123
1,0,15,36,1,4,52,15,1,58,51,52,66,73,125
1,0,13,38,0,4,52,15,1,58,51,51,66,73,124
2,0,18,32,0,3,50,15,0,55,50,50,65,70,120
0,0,15,35,1,4,57,12,0,61,50,51,62,73,124
2,0,18,31,0,3,55,11,0,60,49,49,60,71,120
0,0,13,36,0,4,55,12,1,60,49,49,61,72,121
1,0,16,34,0,2,58,10,1,62,50,50,60,72,122
1,0,13,36,0,5,56,13,1,63,49,49,62,76,125
1,0,15,34,1,5,55,13,1,62,49,50,62,75,125
2,0,16,34,0,4,50,16,0,56,50,50,66,72,122
1,0,16,31,1,4,55,14,0,60,47,48,61,74,122
0,0,14,32,1,3,60,12,0,63,46,47,58,75,122
1,0,15,36,0,3,55,12,1,60,51,51,63,72,123
1,0,11,40,0,5,51,12,1,58,51,51,63,70,121
0,0,11,37,1,2,58,11,1,61,48,49,59,72,121
1,0,15,37,1,3,54,10,1,59,52,53,62,69,122
1,0,15,36,0,2,55,12,1,59,51,51,63,71,122
1,0,15,36,0,0,56,13,1,58,51,51,64,71,122
1,0,14,31,1,2,57,16,0,60,45,46,61,76,122
1,0,16,35,1,3,54,12,1,59,51,52,63,71,123
1,0,13,35,0,3,54,14,1,59,48,48,62,73,121
0,0,15,35,1,3,56,13,1,60,50,51,63,73,124
0,0,14,32,0,5,60,12,1,66,46,46,58,78,124
1,0,13,32,0,3,63,10,1,68,45,45,55,78,123
1,0,17,38,1,2,47,12,3,53,55,56,67,65,121
0,0,14,31,0,5,59,15,1,65,45,45,60,80,125
1,0,15,37,1,4,55,10,1,61,52,53,62,71,124
1,0,14,37,1,3,55,12,1,60,51,52,63,72,124
1,0,13,39,0,4,52,14,1,58,52,52,66,72,124
1,0,15,35,0,2,57,11,1,61,50,50,61,72,122
1,0,16,32,1,5,50,16,1,57,48,49,64,73,122
4,0,15,33,0,4,54,12,0,62,48,48,60,74,122
1,0,14,35,1,4,51,16,0,56,49,50,65,72,122
1,0,11,36,1,4,56,15,0,61,47,48,62,76,124
1,0,14,39,0,4,46,17,1,52,53,53,70,69,122
1,0,15,35,0,2,52,16,1,56,50,50,66,72,122
1,0,15,38,1,2,50,14,1,54,53,54,67,68,122
1,0,12,38,1,5,56,11,1,63,50,51,61,74,125
1,0,13,35,0,1,59,12,1,62,48,48,60,74,122
1,0,15,33,0,4,59,10,0,64,48,48,58,74,122
1,0,14,29,1,4,59,16,1,65,43,44,59,81,125
2,0,14,36,0,2,51,15,0,55,50,50,65,70,120
1,0,17,36,1,2,49,16,1,53,53,54,69,69,123
0,0,11,36,1,4,56,14,1,61,47,48,61,75,123
1,0,12,38,0,2,57,10,0,60,50,50,60,70,120
1,0,12,34,0,5,57,14,1,64,46,46,60,78,124
1,0,14,33,1,3,62,7,1,67,47,48,54,74,122
1,0,10,36,1,4,57,12,2,64,46,47,58,76,123
0,0,13,34,0,2,55,16,1,58,47,47,63,74,121
0,0,12,35,1,3,54,16,0,57,47,48,63,73,121
1,0,15,34,1,2,57,10,1,61,49,50,59,71,121
1,0,14,32,1,3,60,13,0,64,46,47,59,77,124
1,0,12,35,0,4,51,20,1,57,47,47,67,77,124
0,0,16,34,1,4,54,13,1,59,50,51,63,72,123
1,0,17,38,1,0,51,12,1,53,55,56,67,65,121
1,0,10,34,0,1,61,13,1,64,44,44,57,77,121
1,0,13,35,0,4,57,13,0,62,48,48,61,75,123
1,0,16,30,0,2,55,16,0,58,46,46,62,74,120
1,0,12,37,0,5,51,16,1,58,49,49,65,74,123
1,0,13,36,0,3,54,14,0,58,49,49,63,72,121
1,0,18,32,1,5,50,15,1,57,50,51,65,72,123
1,0,11,36,1,3,60,10,0,64,47,48,57,74,122
1,0,16,32,1,2,55,14,1,59,48,49,62,73,122
2,0,16,33,0,3,54,12,0,59,49,49,61,71,120
1,0,17,34,1,2,56,11,1,60,51,52,62,71,123
1,0,14,35,0,3,53,16,0,57,49,49,65,73,122
1,0,13,34,1,4,56,16,0,61,47,48,63,77,125
1,0,17,32,1,5,56,13,0,62,49,50,62,75,125
1,0,12,35,1,4,57,12,0,62,47,48,59,74,122
0,0,17,30,1,3,57,13,1,61,47,48,60,74,122
0,0,13,37,1,4,53,16,1,58,50,51,66,74,125
1,0,13,35,1,4,53,17,1,59,48,49,65,76,125
1,0,13,37,1,3,58,9,1,63,50,51,59,72,123
3,0,13,32,0,3,58,13,0,64,45,45,58,77,122
1,0,15,35,0,5,49,16,0,55,50,50,66,71,121
1,0,13,34,1,5,56,15,1,63,47,48,62,78,126
2,0,13,35,1,3,57,12,1,63,48,49,60,75,124
1,0,16,36,0,3,56,11,0,60,52,52,63,71,123
2,0,12,30,1,4,62,10,1,69,42,43,52,79,122
1,0,14,36,1,4,51,15,0,56,50,51,65,71,122
0,0,14,34,0,3,57,13,1,61,48,48,61,74,122
0,0,11,39,0,3,54,14,1,58,50,50,64,72,122
0,0,13,41,1,2,52,12,0,54,54,55,66,66,121
2,0,15,29,1,4,58,14,0,64,44,45,58,78,123
1,0,15,35,0,4,53,12,1,59,50,50,62,71,121
1,0,15,36,1,4,54,14,0,59,51,52,65,73,125
0,0,12,37,0,5,57,12,0,62,49,49,61,74,123
3,0,13,35,1,2,56,13,0,61,48,49,61,74,123
1,0,15,39,0,5,47,16,1,54,54,54,70,70,124
1,0,16,30,1,3,56,14,1,61,46,47,60,75,122
1,0,16,34,1,2,52,15,1,56,50,51,65,71,122
1,0,13,37,0,3,55,11,1,60,50,50,61,71,121
1,0,12,38,1,3,51,17,1,56,50,51,67,73,124
1,0,15,38,1,4,53,13,1,59,53,54,66,72,126
4,0,16,37,0,3,50,10,1,58,53,53,63,68,121
1,0,15,34,0,2,51,18,1,55,49,49,67,73,122
1,0,15,36,1,3,52,15,1,57,51,52,66,72,124
1,0,15,34,1,3,55,14,0,59,49,50,63,73,123
0,0,16,35,1,2,55,12,0,57,51,52,63,69,121
1,0,9,40,1,5,56,13,0,62,49,50,62,75,125
1,0,13,35,0,2,55,14,0,58,48,48,62,72,120
1,0,13,35,0,2,55,14,0,58,48,48,62,72,120
1,0,13,33,1,3,55,15,1,60,46,47,61,75,122
1,0,17,35,1,2,52,15,1,56,52,53,67,71,124
1,0,17,33,0,2,52,15,1,56,50,50,65,71,121
1,0,15,33,1,2,57,13,0,60,48,49,61,73,122
1,0,16,36,1,2,55,11,0,58,52,53,63,69,122
0,0,14,36,1,2,53,15,1,56,50,51,65,71,122
1,0,12,38,0,3,51,15,1,56,50,50,65,71,121
1,0,17,33,1,3,52,13,1,57,50,51,63,70,121
1,0,14,36,1,0,54,16,1,56,50,51,66,72,123
1,0,13,36,0,0,59,12,0,60,49,49,61,72,121
1,0,17,31,0,4,56,13,1,62,48,48,61,75,123
1,0,15,30,0,4,57,14,1,63,45,45,59,77,122
1,0,15,33,1,4,55,15,1,61,48,49,63,76,125
1,0,12,34,1,2,60,12,1,64,46,47,58,76,123
1,0,14,37,1,4,55,12,1,61,51,52,63,73,125
1,0,14,32,1,2,56,15,0,59,46,47,61,74,121
2,0,13,33,1,5,55,12,1,63,46,47,58,75,122
1,0,16,36,0,6,52,13,0,59,52,52,65,72,124
0,0,14,35,1,3,59,11,1,63,49,50,60,74,124
2,0,9,36,1,3,59,13,0,64,45,46,58,77,123
1,0,13,32,0,1,61,12,0,63,45,45,57,75,120
1,0,15,36,1,2,55,12,0,58,51,52,63,70,122
1,0,12,34,1,3,59,11,0,63,46,47,57,74,121
1,0,14,39,0,0,54,13,0,55,53,53,66,68,121
0,0,12,37,1,2,56,14,1,59,49,50,63,73,123
1,0,13,36,1,3,56,11,1,61,49,50,60,72,122
1,0,13,35,1,3,57,13,1,62,48,49,61,75,124
1,0,17,35,1,3,49,16,1,54,52,53,68,70,123
0,0,10,39,0,4,53,15,1,58,49,49,64,73,122
1,0,18,33,1,3,53,11,1,58,51,52,62,69,121
1,0,15,38,0,2,53,11,0,56,53,53,64,67,120
1,0,12,34,0,4,56,16,0,61,46,46,62,77,123
1,0,15,37,0,4,51,14,0,56,52,52,66,70,122
0,0,13,34,0,2,60,12,1,63,47,47,59,75,122
0,0,16,34,0,0,57,12,1,58,50,50,62,70,120
2,0,15,32,1,3,54,14,0,59,47,48,61,73,121
1,0,16,33,0,2,56,12,0,59,49,49,61,71,120
1,0,17,31,0,4,58,12,0,63,48,48,60,75,123
1,0,13,41,1,4,49,16,0,54,54,55,70,70,125
1,0,13,33,0,3,58,13,1,63,46,46,59,76,122
1,0,15,35,1,3,51,16,1,56,50,51,66,72,123
1,0,13,35,0,5,55,15,1,62,48,48,63,77,125
1,0,15,38,1,4,52,11,1,58,53,54,64,69,123
1,0,15,36,1,2,56,11,1,60,51,52,62,71,123
2,0,12,35,1,5,57,9,1,65,47,48,56,74,122
1,0,11,34,0,6,53,19,1,61,45,45,64,80,125
2,0,15,32,1,2,54,15,1,59,47,48,62,74,122
1,0,14,36,0,3,58,11,0,62,50,50,61,73,123
1,0,16,33,0,4,52,17,1,58,49,49,66,75,124
0,0,13,36,0,3,57,11,0,60,49,49,60,71,120
1,0,15,37,0,3,54,12,0,58,52,52,64,70,122
0,0,16,35,1,3,57,10,1,61,51,52,61,71,123
1,0,12,40,1,2,54,12,0,57,52,53,64,69,122
1,0,15,34,0,4,53,17,0,58,49,49,66,75,124
0,0,14,36,0,4,55,14,1,60,50,50,64,74,124
1,0,16,36,0,3,51,14,1,56,52,52,66,70,122
4,0,13,31,0,3,59,12,1,67,44,44,56,79,123
1,0,16,36,0,2,51,15,0,54,52,52,67,69,121
1,0,16,33,0,4,55,14,1,61,49,49,63,75,124
1,0,17,31,1,3,51,19,1,56,48,49,67,75,124
0,0,13,34,1,4,58,11,0,62,47,48,58,73,121
1,0,16,33,0,2,53,17,0,56,49,49,66,73,122
1,0,13,38,0,4,55,13,1,61,51,51,64,74,125
1,0,11,29,1,3,62,17,1,67,40,41,57,84,125
1,0,14,38,0,2,54,12,0,57,52,52,64,69,121
1,0,14,33,1,2,55,16,1,59,47,48,63,75,123
1,0,12,37,1,7,54,9,1,63,49,50,58,72,122
0,0,15,31,0,4,57,15,0,61,46,46,61,76,122
1,0,17,36,0,5,51,11,1,58,53,53,64,69,122
1,0,15,39,0,3,49,15,1,54,54,54,69,69,123
1,0,13,33,0,5,57,13,1,64,46,46,59,77,123
1,0,15,36,0,4,52,13,0,57,51,51,64,70,121
0,0,10,39,1,5,55,11,1,61,49,50,60,72,122
1,0,20,35,0,2,50,13,1,54,55,55,68,67,122
1,0,15,35,1,3,57,10,0,61,50,51,60,71,122
1,0,17,34,0,2,55,12,0,58,51,51,63,70,121
1,0,20,33,0,3,53,11,1,58,53,53,64,69,122
2,0,10,36,1,4,59,10,0,65,46,47,56,75,122
1,0,15,34,0,3,55,13,1,60,49,49,62,73,122
1,0,16,36,0,3,52,12,1,57,52,52,64,69,121
1,0,17,28,0,4,57,12,2,64,45,45,57,76,121
1,0,12,34,1,2,61,11,0,64,46,47,57,75,122
1,0,17,36,0,5,52,13,1,59,53,53,66,72,125
2,0,13,36,1,3,53,14,0,58,49,50,63,72,122
0,0,14,40,1,3,47,18,0,50,54,55,72,68,123
1,0,15,39,1,3,53,11,0,57,54,55,65,68,123
1,0,12,38,0,4,52,17,0,57,50,50,67,74,124
1,0,14,34,1,3,53,15,0,57,48,49,63,72,121
1,0,15,35,1,3,51,16,1,56,50,51,66,72,123
1,0,17,34,0,4,55,10,0,60,51,51,61,70,121
1,0,17,36,1,2,48,16,1,52,53,54,69,68,122
1,0,15,33,1,4,55,13,0,60,48,49,61,73,122
3,0,15,29,0,6,59,13,0,68,44,44,57,81,125
0,0,15,38,0,3,53,10,1,57,53,53,63,67,120
1,0,14,36,0,4,56,12,1,62,50,50,62,74,124
2,0,12,38,1,3,52,15,1,58,50,51,65,73,124
1,0,15,34,1,4,53,16,0,58,49,50,65,74,124
1,0,15,35,1,1,52,17,0,54,50,51,67,71,122
0,0,12,39,0,3,53,13,0,56,51,51,64,69,120
1,0,13,31,1,4,57,17,1,63,44,45,61,80,125
1,0,12,37,1,4,57,13,0,62,49,50,62,75,125
0,0,11,40,0,2,51,16,0,53,51,51,67,69,120
1,0,12,36,1,3,57,12,0,61,48,49,60,73,122
0,0,14,34,1,2,52,18,0,54,48,49,66,72,121
1,0,11,36,1,4,58,11,1,64,47,48,58,75,123
1,0,14,39,1,3,50,15,0,54,53,54,68,69,123
1,0,12,34,0,2,61,10,0,64,46,46,56,74,120
1,0,13,38,1,4,52,15,0,57,51,52,66,72,124
1,0,16,35,1,3,54,12,1,59,51,52,63,71,123
2,0,15,31,1,4,55,15,0,61,46,47,61,76,123
1,0,12,37,0,3,54,14,0,58,49,49,63,72,121
1,0,13,34,1,2,59,11,1,63,47,48,58,74,122
1,0,12,36,1,3,55,15,1,60,48,49,63,75,124
1,0,13,33,1,2,56,15,0,59,46,47,61,74,121
1,0,12,36,1,4,53,16,1,59,48,49,64,75,124
2,0,13,34,0,2,57,12,0,61,47,47,59,73,120
1,0,11,35,1,4,58,14,1,64,46,47,60,78,125
1,0,15,36,1,3,51,14,0,55,51,52,65,69,121
1,0,13,38,0,5,52,14,1,59,51,51,65,73,124
1,0,15,34,1,1,57,13,1,60,49,50,62,73,123
1,0,15,32,1,2,57,13,1,61,47,48,60,74,122
2,0,13,34,1,4,57,11,1,64,47,48,58,75,123
2,0,16,36,1,2,51,13,0,55,52,53,65,68,121
0,0,13,36,0,1,58,12,0,59,49,49,61,71,120
2,0,13,33,1,4,53,17,1,60,46,47,63,77,124
1,0,15,32,0,4,56,14,1,62,47,47,61,76,123
0,0,13,29,1,5,63,9,1,69,42,43,51,78,121
1,0,20,33,2,3,47,14,1,52,53,55,67,66,121
1,0,10,37,1,3,54,15,1,59,47,48,62,74,122
1,0,17,34,1,3,51,15,0,55,51,52,66,70,122
0,0,15,34,0,3,54,14,1,58,49,49,63,72,121
0,0,15,34,0,2,53,17,0,55,49,49,66,72,121
1,0,13,40,0,3,51,13,1,56,53,53,66,69,122
0,0,15,34,0,3,56,14,0,59,49,49,63,73,122
0,0,14,36,0,3,53,14,0,56,50,50,64,70,120
0,0,12,36,0,3,53,16,1,57,48,48,64,73,121
1,0,15,37,1,3,53,13,0,57,52,53,65,70,123
4,0,14,34,1,3,56,10,1,64,48,49,58,74,123
1,0,15,35,1,3,54,12,0,58,50,51,62,70,121
1,0,15,35,0,4,52,15,1,58,50,50,65,73,123
1,0,14,34,1,2,55,15,1,59,48,49,63,74,123
1,0,16,33,1,2,55,13,1,59,49,50,62,72,122
1,0,16,36,1,3,52,13,1,57,52,53,65,70,123
1,0,16,36,0,4,52,14,0,57,52,52,66,71,123
1,0,14,35,0,3,53,15,0,57,49,49,64,72,121
0,0,15,35,0,2,56,12,1,59,50,50,62,71,121
2,0,14,37,0,4,53,12,1,60,51,51,63,72,123
1,0,15,35,0,5,54,15,1,61,50,50,65,76,126
1,0,14,35,1,3,57,10,1,62,49,50,59,72,122
0,0,16,35,1,4,55,12,1,60,51,52,63,72,124
1,0,11,36,1,2,57,13,1,61,47,48,60,74,122
1,0,14,34,1,3,60,10,1,65,48,49,58,75,124
1,0,14,39,0,3,50,15,1,55,53,53,68,70,123
1,0,12,35,1,2,57,14,1,61,47,48,61,75,123
1,0,16,32,0,4,52,17,1,58,48,48,65,75,123
1,0,13,38,1,2,54,12,0,57,51,52,63,69,121
0,0,17,35,1,3,51,14,1,55,52,53,66,69,122
1,0,15,36,1,3,52,14,1,57,51,52,65,71,123
1,0,13,37,0,1,53,16,1,56,50,50,66,72,122
1,0,12,36,0,3,54,16,0,58,48,48,64,74,122
0,0,15,35,0,3,55,13,1,59,50,50,63,72,122
1,0,15,34,0,0,58,11,1,60,49,49,60,71,120
2,0,13,35,0,4,59,9,0,65,48,48,57,74,122
1,0,11,34,1,6,57,16,1,65,45,46,61,81,127
2,0,11,37,1,0,54,16,1,57,48,49,64,73,122
2,0,11,40,0,3,51,15,1,57,51,51,66,72,123
2,0,15,38,0,3,53,9,1,59,53,53,62,68,121
0,0,11,34,1,4,57,15,1,62,45,46,60,77,123
0,0,13,33,0,6,61,12,1,68,46,46,58,80,126
1,0,14,37,1,5,53,14,0,59,51,52,65,73,125
1,0,14,35,0,3,55,14,1,60,49,49,63,74,123
1,0,16,30,0,3,59,13,1,64,46,46,59,77,123
1,0,13,41,1,0,55,10,0,56,54,55,64,66,121
1,0,18,32,1,2,52,12,2,57,50,51,62,69,120
1,0,14,39,0,4,53,13,1,59,53,53,66,72,125
3,0,12,33,1,3,55,13,1,62,45,46,58,75,121
1,0,13,36,0,5,52,17,0,58,49,49,66,75,124
2,0,15,37,0,3,48,15,0,53,52,52,67,68,120
0,0,12,40,1,3,50,15,0,53,52,53,67,68,121
1,0,12,36,1,5,54,12,0,60,48,49,60,72,121
5,0,18,33,1,5,52,10,1,63,51,52,61,73,125
1,0,16,37,0,3,53,11,0,57,53,53,64,68,121
1,0,11,36,0,4,59,12,1,65,47,47,59,77,124
0,0,15,34,0,3,57,13,1,61,49,49,62,74,123
1,0,13,36,1,2,57,11,1,61,49,50,60,72,122
0,0,10,41,0,4,53,14,0,57,51,51,65,71,122
1,0,16,31,0,2,52,18,0,55,47,47,65,73,120
1,0,15,36,1,3,53,15,0,57,51,52,66,72,124
1,0,15,36,1,4,56,10,1,62,51,52,61,72,124
1,0,15,34,1,3,53,14,1,58,49,50,63,72,122
1,0,13,37,0,3,54,13,0,58,50,50,63,71,121
1,0,14,39,1,5,52,14,0,58,53,54,67,72,126
1,0,13,35,1,3,54,15,0,58,48,49,63,73,122
0,0,12,35,1,4,58,13,0,62,47,48,60,75,123
1,0,14,36,1,3,55,13,0,59,50,51,63,72,123
1,0,12,38,1,2,59,9,0,62,50,51,59,71,122
0,0,11,37,0,4,57,11,1,62,48,48,59,73,121
1,0,13,38,1,3,55,11,1,60,51,52,62,71,123
0,0,14,37,0,5,53,15,0,58,51,51,66,73,124
0,0,10,36,0,2,61,12,0,63,46,46,58,75,121
1,0,14,37,1,1,52,15,0,54,51,52,66,69,121
1,0,14,38,1,4,54,11,1,60,52,53,63,71,124
1,0,16,36,1,2,53,12,0,56,52,53,64,68,121
1,0,12,36,1,2,55,12,1,59,48,49,60,71,120
1,0,13,36,0,3,57,12,0,61,49,49,61,73,122
1,0,14,38,0,2,50,16,0,53,52,52,68,69,121
1,0,15,36,1,5,53,13,0,59,51,52,64,72,124
2,0,13,30,1,2,61,12,1,66,43,44,55,78,122
1,0,16,33,1,3,54,14,1,59,49,50,63,73,123
0,0,14,30,0,2,60,15,0,62,44,44,59,77,121
1,0,12,35,0,4,58,12,0,63,47,47,59,75,122
0,0,11,34,1,2,61,11,1,64,45,46,56,75,121
1,0,14,31,0,3,59,12,1,64,45,45,57,76,121
1,0,10,38,1,5,55,11,1,62,48,49,59,73,122
1,0,14,29,0,4,60,12,1,66,43,43,55,78,121
0,0,12,36,0,2,56,14,0,58,48,48,62,72,120
0,0,13,38,1,4,54,13,0,58,51,52,64,71,123
1,0,14,32,1,3,56,16,0,60,46,47,62,76,123
4,0,13,31,1,3,54,15,0,61,44,45,59,76,121
1,0,14,33,0,3,56,14,1,61,47,47,61,75,122
1,0,14,36,1,3,55,14,1,60,50,51,64,74,125
0,0,11,38,1,3,55,13,1,59,49,50,62,72,122
1,0,14,33,1,3,59,11,1,64,47,48,58,75,123
0,0,12,33,0,3,59,13,1,63,45,45,58,76,121
1,0,19,33,0,3,50,15,1,55,52,52,67,70,122
1,0,14,32,0,3,58,12,1,63,46,46,58,75,121
1,0,16,33,1,3,55,13,1,60,49,50,62,73,123
1,0,14,37,1,5,52,14,0,58,51,52,65,72,124
0,0,14,37,0,4,56,11,1,61,51,51,62,72,123
1,0,12,38,1,3,55,13,1,60,50,51,63,73,124
1,0,12,35,0,3,57,12,1,62,47,47,59,74,121
1,0,14,33,0,3,55,15,1,60,47,47,62,75,122
1,0,14,36,1,3,53,11,2,59,50,51,61,70,121
1,0,16,37,0,4,53,10,0,58,53,53,63,68,121
0,0,16,31,1,4,59,11,1,64,47,48,58,75,123
1,0,10,37,0,4,56,15,1,62,47,47,62,77,124
1,0,13,35,0,5,54,15,1,61,48,48,63,76,124
1,0,14,34,0,3,57,11,0,61,48,48,59,72,120
1,0,13,35,0,4,53,17,1,59,48,48,65,76,124
1,0,13,37,1,4,53,14,1,59,50,51,64,73,124
1,0,14,33,0,5,56,14,0,62,47,47,61,76,123
1,0,12,35,1,3,55,15,0,59,47,48,62,74,122
1,0,12,36,0,3,53,15,1,58,48,48,63,73,121
1,0,12,40,1,2,50,17,1,54,52,53,69,71,124
1,0,13,38,1,4,53,14,0,58,51,52,65,72,124
1,0,15,38,1,2,52,12,1,56,53,54,65,68,122
0,0,13,36,0,3,59,11,1,63,49,49,60,74,123
0,0,15,35,0,4,50,17,0,54,50,50,67,71,121
1,0,15,33,0,4,55,14,1,61,48,48,62,75,123
1,0,14,35,1,3,53,15,1,58,49,50,64,73,123
1,0,12,36,0,4,59,10,0,64,48,48,58,74,122
1,0,17,31,0,3,52,16,0,56,48,48,64,72,120
1,0,14,33,0,1,57,14,1,60,47,47,61,74,121
0,0,13,39,1,3,51,16,1,55,52,53,68,71,124
1,0,14,40,0,3,52,13,0,56,54,54,67,69,123
2,0,18,33,1,3,52,12,1,58,51,52,63,70,122
1,0,13,36,1,4,54,13,0,59,49,50,62,72,122
0,0,17,35,0,3,51,14,1,55,52,52,66,69,121
0,0,15,36,1,3,53,14,0,56,51,52,65,70,122
1,0,16,37,1,4,51,12,1,57,53,54,65,69,123
1,0,11,37,1,2,57,14,0,60,48,49,62,74,123
1,0,12,37,1,4,57,11,1,63,49,50,60,74,124
0,0,18,33,0,3,55,11,0,58,51,51,62,69,120
1,0,19,33,0,5,52,12,1,59,52,52,64,71,123
1,0,16,35,0,3,49,17,1,54,51,51,68,71,122
0,0,16,31,0,3,56,15,1,60,47,47,62,75,122
1,0,14,34,1,4,51,19,0,56,48,49,67,75,124
1,0,14,35,0,3,52,17,0,56,49,49,66,73,122
2,0,10,36,1,5,58,12,1,66,46,47,58,78,125
1,0,12,35,0,2,60,11,0,63,47,47,58,74,121
1,0,16,34,0,4,52,14,0,57,50,50,64,71,121
0,0,14,36,1,3,54,13,0,57,50,51,63,70,121
1,0,14,34,1,3,55,15,1,60,48,49,63,75,124
1,0,12,34,1,2,56,15,1,60,46,47,61,75,122
1,0,14,36,1,2,54,14,0,57,50,51,64,71,122
1,0,12,35,1,3,58,11,0,62,47,48,58,73,121
1,0,16,34,1,0,51,19,0,52,50,51,69,71,122
1,0,12,34,1,3,54,17,1,59,46,47,63,76,123
1,0,13,35,0,3,57,12,0,61,48,48,60,73,121
1,0,12,37,0,4,54,13,1,60,49,49,62,73,122
1,0,13,34,1,3,55,14,0,59,47,48,61,73,121
0,0,13,33,1,3,59,14,1,63,46,47,60,77,124
1,0,14,35,1,3,53,15,0,57,49,50,64,72,122
1,0,13,34,0,3,57,13,0,61,47,47,60,74,121
1,0,15,32,1,3,61,10,1,66,47,48,57,76,124
1,0,13,35,0,3,56,14,1,61,48,48,62,75,123
3,0,13,28,0,3,61,12,1,68,41,41,53,80,121
1,0,14,33,0,4,56,15,0,61,47,47,62,76,123
1,0,12,38,0,5,55,13,1,62,50,50,63,75,125
0,0,16,31,1,3,53,18,1,57,47,48,65,75,123
1,0,19,34,0,2,52,12,1,56,53,53,65,68,121
1,0,13,34,1,4,55,15,0,60,47,48,62,75,123
0,0,15,38,0,3,54,12,1,58,53,53,65,70,123
1,0,15,37,1,3,52,14,0,56,52,53,66,70,123
1,0,13,35,1,4,54,14,1,60,48,49,62,74,123
1,0,13,37,0,4,54,13,0,59,50,50,63,72,122
1,0,14,35,0,3,53,16,1,58,49,49,65,74,123
1,0,13,36,0,3,56,12,1,61,49,49,61,73,122
1,0,15,34,1,3,57,12,0,61,49,50,61,73,123
0,0,12,33,1,4,57,13,0,61,45,46,58,74,120
1,0,14,36,0,3,55,12,0,59,50,50,62,71,121
0,0,12,38,1,4,54,12,0,58,50,51,62,70,121
1,0,16,35,0,1,51,17,0,53,51,51,68,70,121
2,0,13,34,1,3,54,14,1,60,47,48,61,74,122
0,0,14,36,1,3,54,14,1,58,50,51,64,72,123
1,0,14,34,0,3,55,14,0,59,48,48,62,73,121
1,0,18,39,0,6,51,8,1,59,57,57,65,67,124
1,0,13,34,0,0,59,13,1,61,47,47,60,74,121
1,0,15,34,0,4,53,14,1,59,49,49,63,73,122
1,0,14,38,1,4,53,14,0,58,52,53,66,72,125
1,0,13,35,1,3,56,13,0,60,48,49,61,73,122
1,0,14,37,1,3,53,14,0,57,51,52,65,71,123
0,0,13,34,0,3,60,11,0,63,47,47,58,74,121
1,0,13,38,0,2,54,14,1,58,51,51,65,72,123
2,0,13,35,0,5,56,12,0,63,48,48,60,75,123
0,0,14,36,0,2,56,12,0,58,50,50,62,70,120
1,0,11,35,1,4,52,21,1,58,46,47,67,79,126
1,0,12,38,1,3,56,12,0,60,50,51,62,72,123
2,0,15,35,1,3,53,13,0,58,50,51,63,71,122
0,0,12,36,1,4,58,12,0,62,48,49,60,74,123
1,0,14,39,1,3,51,13,1,56,53,54,66,69,123
1,0,13,40,0,2,52,13,0,55,53,53,66,68,121
1,0,15,37,1,3,53,12,1,58,52,53,64,70,123
1,0,16,31,0,5,60,11,0,66,47,47,58,77,124
1,0,14,37,1,4,52,14,1,58,51,52,65,72,124
1,0,13,36,1,3,50,19,0,54,49,50,68,73,123
0,0,14,37,0,3,53,14,0,56,51,51,65,70,121
0,0,15,38,0,4,53,13,0,57,53,53,66,70,123
0,0,13,34,0,3,59,12,1,63,47,47,59,75,122
0,0,14,35,1,3,58,11,1,62,49,50,60,73,123
0,0,13,40,1,3,51,14,1,55,53,54,67,69,123
1,0,15,30,1,2,62,10,1,66,45,46,55,76,122
0,0,15,34,0,2,56,14,0,58,49,49,63,72,121
0,0,12,35,0,4,53,19,1,58,47,47,66,77,124
1,0,14,34,1,4,58,12,0,63,48,49,60,75,124
0,0,12,35,0,3,57,14,0,60,47,47,61,74,121
1,0,14,37,1,2,54,12,1,58,51,52,63,70,122
0,0,15,34,1,5,53,16,1,59,49,50,65,75,125
1,0,17,34,1,4,54,11,1,60,51,52,62,71,123
2,0,13,39,1,3,53,11,0,58,52,53,63,69,122
2,0,14,32,0,3,58,13,0,63,46,46,59,76,122
1,0,15,33,1,3,55,14,0,59,48,49,62,73,122
1,0,15,35,1,3,52,16,0,56,50,51,66,72,123
1,0,12,38,0,4,54,11,1,60,50,50,61,71,121
1,0,18,35,1,3,51,14,1,56,53,54,67,70,124
0,0,17,34,1,3,55,12,1,59,51,52,63,71,123
1,0,12,35,1,4,57,14,1,63,47,48,61,77,125
1,0,14,33,0,4,57,13,1,63,47,47,60,76,123
2,0,13,37,1,2,56,11,0,60,50,51,61,71,122
1,0,13,33,1,2,54,18,1,58,46,47,64,76,123
1,0,16,36,0,3,54,12,0,58,52,52,64,70,122
1,0,10,34,0,2,64,10,1,68,44,44,54,78,122
1,0,13,32,0,3,56,17,0,60,45,45,62,77,122
1,0,12,38,0,3,53,16,1,58,50,50,66,74,124
1,0,13,39,1,2,54,13,1,58,52,53,65,71,124
1,0,16,35,1,3,55,12,1,60,51,52,63,72,124
1,0,16,35,0,3,51,16,1,56,51,51,67,72,123
3,0,11,33,2,3,60,9,0,66,44,46,53,75,121
2,0,12,36,1,3,53,16,1,59,48,49,64,75,124
1,0,15,33,1,5,57,10,1,64,48,49,58,74,123
1,0,14,36,1,5,53,13,1,60,50,51,63,73,124
1,0,14,33,1,2,56,16,0,59,47,48,63,75,123
1,0,13,35,1,1,56,14,1,59,48,49,62,73,122
1,0,18,32,1,4,55,14,1,61,50,51,64,75,126
1,0,13,37,0,3,53,15,0,57,50,50,65,72,122
1,0,12,35,1,3,55,16,1,60,47,48,63,76,124
1,0,18,33,1,3,50,16,1,55,51,52,67,71,123
2,0,14,34,0,3,57,12,0,62,48,48,60,74,122
0,0,14,37,0,1,51,17,1,53,51,51,68,70,121
1,0,12,37,0,3,54,15,1,59,49,49,64,74,123
1,0,16,36,1,5,53,12,1,60,52,53,64,72,125
1,0,13,35,1,4,53,14,0,58,48,49,62,72,121
2,0,13,36,0,2,55,11,1,60,49,49,60,71,120
1,0,12,36,0,4,59,11,1,65,48,48,59,76,124
1,0,12,39,1,5,55,12,0,61,51,52,63,73,125
1,0,13,37,0,3,55,14,1,60,50,50,64,74,124
1,0,12,36,0,2,56,13,1,60,48,48,61,73,121
1,0,14,34,0,3,56,13,1,61,48,48,61,74,122
1,0,16,39,0,2,51,11,0,54,55,55,66,65,120
1,0,17,32,1,4,55,14,1,61,49,50,63,75,125
0,0,15,35,1,4,54,15,1,59,50,51,65,74,125
0,0,11,34,0,3,61,11,1,65,45,45,56,76,121
1,0,18,34,1,2,48,18,1,52,52,53,70,70,123
0,0,16,35,0,3,54,13,0,57,51,51,64,70,121
6,0,13,33,0,3,54,11,0,63,46,46,57,74,120
1,0,14,33,0,5,55,13,1,62,47,47,60,75,122
1,0,14,31,1,3,58,13,0,62,45,46,58,75,121
1,0,19,31,1,3,52,14,1,57,50,51,64,71,122
1,0,15,30,1,3,55,16,1,60,45,46,61,76,122
0,0,12,36,0,4,61,9,1,66,48,48,57,75,123
1,0,11,37,1,4,58,13,1,64,48,49,61,77,126
1,0,12,36,1,3,55,14,1,60,48,49,62,74,123
1,0,14,34,1,2,56,14,0,59,48,49,62,73,122
0,0,15,35,0,4,54,12,1,59,50,50,62,71,121
1,0,13,35,1,2,58,12,0,61,48,49,60,73,122
1,0,12,32,1,4,61,12,1,67,44,45,56,79,124
1,0,18,32,1,2,54,14,0,57,50,51,64,71,122
0,0,17,34,1,2,54,13,1,57,51,52,64,70,122
8,0,14,35,1,3,53,9,1,65,49,50,58,74,124
0,0,17,33,1,4,52,15,1,57,50,51,65,72,123
1,0,14,34,1,2,59,11,1,63,48,49,59,74,123
1,0,13,39,1,3,54,11,1,59,52,53,63,70,123
1,0,15,37,0,4,55,12,0,60,52,52,64,72,124
3,0,17,34,0,4,48,15,0,55,51,51,66,70,121
1,0,14,36,0,3,52,13,2,58,50,50,63,71,121
1,0,11,39,1,3,54,12,0,58,50,51,62,70,121
1,0,12,39,0,3,54,12,1,59,51,51,63,71,122
1,0,13,38,1,3,54,12,0,58,51,52,63,70,122
1,0,15,35,0,4,57,11,0,62,50,50,61,73,123
0,0,14,35,0,2,57,12,1,60,49,49,61,72,121
2,0,15,35,0,5,53,13,1,61,50,50,63,74,124
1,0,13,32,0,3,58,13,1,63,45,45,58,76,121
1,0,13,38,0,3,51,14,1,56,51,51,65,70,121
0,0,15,39,0,4,51,13,0,55,54,54,67,68,122
1,0,13,38,0,2,55,12,1,59,51,51,63,71,122
2,0,13,31,1,3,59,12,1,65,44,45,56,77,122
1,0,14,33,1,3,56,13,1,61,47,48,60,74,122
0,0,12,35,1,3,58,12,0,61,47,48,59,73,121
1,0,10,33,1,3,64,10,1,69,43,44,53,79,123
1,0,14,35,1,4,58,9,0,63,49,50,58,72,122
1,0,15,39,0,4,52,12,0,57,54,54,66,69,123
1,0,19,31,1,4,56,12,1,62,50,51,62,74,125
1,0,14,36,0,3,54,14,1,59,50,50,64,73,123
0,0,14,32,1,4,60,11,1,65,46,47,57,76,123
1,0,13,37,0,4,57,11,1,63,50,50,61,74,124
1,0,13,39,0,2,52,13,1,56,52,52,65,69,121
1,0,14,32,1,3,58,13,0,62,46,47,59,75,122
1,0,14,36,0,3,54,12,1,59,50,50,62,71,121
1,0,15,33,0,2,54,16,0,57,48,48,64,73,121
2,0,12,35,0,3,57,13,1,63,47,47,60,76,123
0,0,15,29,1,2,57,18,1,60,44,45,62,78,123
0,0,14,41,0,2,51,12,0,53,55,55,67,65,120
1,0,14,34,1,5,58,11,1,65,48,49,59,76,125
1,0,15,33,0,4,56,12,1,62,48,48,60,74,122
1,0,13,34,0,3,55,16,1,60,47,47,63,76,123
1,0,14,34,0,5,57,12,1,64,48,48,60,76,124
1,0,14,36,0,3,55,14,1,60,50,50,64,74,124
1,0,15,31,0,4,57,13,0,62,46,46,59,75,121
1,0,10,39,0,5,57,13,0,63,49,49,62,76,125
1,0,14,36,0,4,54,11,1,60,50,50,61,71,121
1,0,12,37,1,5,53,11,1,60,49,50,60,71,121
1,0,14,36,0,4,54,14,1,60,50,50,64,74,124
0,0,13,33,1,4,56,16,1,61,46,47,62,77,124
1,0,16,33,1,6,50,14,0,57,49,50,63,71,121
1,0,16,36,0,4,56,10,0,61,52,52,62,71,123
1,0,11,37,1,4,55,13,1,61,48,49,61,74,123
2,0,14,35,0,3,56,11,0,61,49,49,60,72,121
1,0,12,32,0,5,64,9,1,71,44,44,53,80,124
1,0,15,34,0,4,55,14,1,61,49,49,63,75,124
2,0,14,32,1,5,55,14,1,63,46,47,60,77,124
1,0,12,33,1,2,58,13,1,62,45,46,58,75,121
1,0,18,32,0,2,54,13,1,58,50,50,63,71,121
1,0,13,36,0,4,56,12,1,62,49,49,61,74,123
1,0,12,36,1,3,58,11,1,63,48,49,59,74,123
2,0,12,37,0,4,56,11,0,62,49,49,60,73,122
0,0,13,40,1,3,54,11,1,58,53,54,64,69,123
1,0,16,33,1,3,54,13,1,59,49,50,62,72,122
1,0,14,34,1,4,60,10,0,65,48,49,58,75,124
2,0,14,32,1,5,58,13,0,65,46,47,59,78,125
1,0,15,37,1,4,55,11,1,61,52,53,63,72,125
1,0,12,34,0,4,57,14,0,62,46,46,60,76,122
1,0,15,34,0,3,55,12,0,59,49,49,61,71,120
2,0,12,38,1,4,49,17,1,56,50,51,67,73,124
2,0,12,36,1,1,59,10,0,62,48,49,58,72,121
1,0,18,31,1,2,56,13,0,59,49,50,62,72,122
0,0,16,33,1,2,51,17,1,54,49,50,66,71,121
1,0,14,35,1,3,56,13,0,60,49,50,62,73,123
1,0,14,32,0,3,58,13,1,63,46,46,59,76,122
1,0,14,37,0,3,55,12,0,59,51,51,63,71,122
0,0,15,37,0,1,54,13,1,56,52,52,65,69,121
1,0,15,31,0,6,58,10,1,66,46,46,56,76,122
1,0,13,36,0,2,57,11,1,61,49,49,60,72,121
1,0,15,40,0,2,51,13,0,54,55,55,68,67,122
1,0,18,33,0,5,48,15,1,55,51,51,66,70,121
1,0,11,37,1,4,56,13,1,62,48,49,61,75,124
0,0,12,35,0,3,56,14,1,60,47,47,61,74,121
0,0,14,35,1,5,53,16,0,58,49,50,65,74,124
1,0,12,38,1,4,52,17,0,57,50,51,67,74,125
3,0,14,33,1,2,58,11,1,64,47,48,58,75,123
2,0,14,35,0,3,53,14,1,59,49,49,63,73,122
1,0,13,36,1,2,56,11,0,59,49,50,60,70,120
1,0,16,36,0,5,52,13,1,59,52,52,65,72,124
1,0,14,41,0,3,50,13,0,54,55,55,68,67,122
1,0,15,32,0,4,56,14,0,61,47,47,61,75,122
0,0,15,34,1,5,55,14,1,61,49,50,63,75,125
0,0,15,34,1,4,53,16,0,57,49,50,65,73,123
0,0,13,38,1,3,53,13,1,57,51,52,64,70,122
1,0,14,30,1,3,58,14,1,63,44,45,58,77,122
0,0,13,39,1,6,49,13,0,55,52,53,65,68,121
0,0,15,33,1,0,64,8,0,64,48,49,56,72,121
1,0,13,36,1,4,57,12,0,62,49,50,61,74,124
3,0,13,30,1,5,59,10,0,67,43,44,53,77,121
1,0,18,36,0,4,49,16,1,55,54,54,70,71,125
1,0,12,36,0,2,54,15,1,58,48,48,63,73,121
1,0,11,38,0,3,56,12,1,61,49,49,61,73,122
2,0,12,37,1,4,56,11,0,62,49,50,60,73,123
1,0,16,31,0,3,57,13,0,61,47,47,60,74,121
0,0,14,36,1,3,53,14,0,56,50,51,64,70,121
1,0,20,32,0,3,52,13,0,56,52,52,65,69,121
1,0,13,33,1,3,55,16,1,60,46,47,62,76,123
1,0,12,34,1,2,58,15,1,62,46,47,61,77,124
1,0,16,33,0,3,57,11,1,62,49,49,60,73,122
1,0,16,40,1,1,50,11,0,52,56,57,67,63,120
0,0,12,34,1,4,60,11,1,65,46,47,57,76,123
1,0,16,34,0,3,58,9,0,62,50,50,59,71,121
0,0,17,37,0,3,52,11,1,56,54,54,65,67,121
1,0,13,33,0,2,62,10,1,66,46,46,56,76,122
2,0,15,33,1,4,54,13,0,60,48,49,61,73,122
1,0,16,32,0,4,58,11,1,64,48,48,59,75,123
1,0,16,32,1,3,54,14,0,58,48,49,62,72,121
1,0,12,39,1,4,49,17,1,55,51,52,68,72,124
1,0,14,34,0,2,58,12,1,62,48,48,60,74,122
1,0,11,37,0,3,53,15,0,57,48,48,63,72,120
1,0,16,34,1,3,54,12,0,58,50,51,62,70,121
1,0,16,37,1,4,53,12,0,58,53,54,65,70,124
1,0,15,34,1,2,57,11,1,61,49,50,60,72,122
1,0,13,41,1,3,49,14,1,54,54,55,68,68,123
0,0,15,36,1,1,57,11,1,59,51,52,62,70,122
1,0,13,36,1,3,53,15,0,57,49,50,64,72,122
1,0,11,35,1,2,57,14,1,61,46,47,60,75,122
1,0,14,34,1,4,56,12,1,62,48,49,60,74,123
1,0,13,34,0,2,58,12,0,61,47,47,59,73,120
0,0,12,38,1,3,57,10,1,61,50,51,60,71,122
1,0,15,34,1,3,54,12,1,59,49,50,61,71,121
2,0,16,34,0,4,50,15,1,57,50,50,65,72,122
1,0,15,35,1,3,54,15,1,59,50,51,65,74,125
1,0,11,39,0,5,56,12,0,62,50,50,62,74,124
1,0,12,35,0,4,53,15,1,59,47,47,62,74,121
2,0,16,33,1,1,56,12,1,60,49,50,61,72,122
1,0,14,36,1,3,52,15,1,57,50,51,65,72,123
1,0,14,31,0,3,58,13,1,63,45,45,58,76,121
1,0,13,33,0,4,53,18,1,59,46,46,64,77,123
1,0,13,39,1,3,54,11,1,59,52,53,63,70,123
2,0,13,36,1,3,54,13,1,60,49,50,62,73,123
2,0,16,33,1,2,50,17,0,54,49,50,66,71,121
1,0,12,35,1,3,58,13,1,63,47,48,60,76,124
2,0,13,30,0,2,57,17,0,61,43,43,60,78,121
1,0,16,32,0,5,56,12,0,62,48,48,60,74,122
1,0,13,36,0,3,57,13,1,62,49,49,62,75,124
1,0,12,37,0,3,58,10,0,62,49,49,59,72,121
0,0,12,35,1,4,57,13,1,62,47,48,60,75,123
2,0,16,35,0,4,54,11,0,60,51,51,62,71,122
0,0,15,37,0,2,52,14,1,55,52,52,66,69,121
1,0,14,32,1,2,59,13,1,63,46,47,59,76,123
1,0,13,34,0,3,53,17,0,57,47,47,64,74,121
1,0,12,35,0,3,56,14,0,60,47,47,61,74,121
1,0,14,35,1,3,56,12,1,61,49,50,61,73,123
2,0,11,41,0,2,51,13,1,56,52,52,65,69,121
0,0,12,35,0,3,56,14,0,59,47,47,61,73,120
1,0,14,35,0,2,54,15,0,57,49,49,64,72,121
1,0,17,35,0,2,49,14,2,54,52,52,66,68,120
3,0,13,39,0,5,54,10,1,63,52,52,62,73,125
1,0,14,30,1,3,57,16,1,62,44,45,60,78,123
1,0,12,37,1,3,56,13,1,61,49,50,62,74,124
1,0,13,34,0,3,59,12,0,63,47,47,59,75,122
1,0,14,33,0,2,58,12,0,61,47,47,59,73,120
1,0,15,33,0,4,53,16,1,59,48,48,64,75,123
0,0,13,33,1,4,53,18,0,57,46,47,64,75,122
1,0,14,35,0,3,57,12,1,62,49,49,61,74,123
0,0,13,38,0,3,55,13,1,59,51,51,64,72,123
1,0,15,35,0,2,56,12,1,60,50,50,62,72,122
1,0,10,35,0,2,63,10,0,66,45,45,55,76,121
0,0,10,37,0,2,61,10,1,64,47,47,57,74,121
0,0,10,39,0,4,54,14,1,59,49,49,63,73,122
1,0,10,36,0,3,58,15,1,63,46,46,61,78,124
1,0,14,35,0,2,54,14,0,57,49,49,63,71,120
3,0,15,35,1,5,50,15,0,58,50,51,65,73,124
0,0,12,38,0,2,58,10,1,61,50,50,60,71,121
3,0,12,38,1,4,54,11,1,62,50,51,61,73,124
1,0,14,38,1,3,47,18,1,52,52,53,70,70,123
0,0,11,37,0,5,56,11,0,61,48,48,59,72,120
1,0,15,32,0,2,62,9,1,66,47,47,56,75,122
1,0,11,41,1,3,53,12,0,57,52,53,64,69,122
1,0,15,34,1,5,55,14,1,62,49,50,63,76,126
1,0,13,34,1,3,56,15,1,61,47,48,62,76,124
1,0,17,32,1,4,53,15,1,59,49,50,64,74,124
1,0,14,35,0,3,57,13,1,62,49,49,62,75,124
1,0,18,28,0,6,50,17,0,57,46,46,63,74,120
2,0,12,35,0,3,59,11,1,65,47,47,58,76,123
1,0,15,36,0,5,56,10,0,62,51,51,61,72,123
1,0,13,36,1,2,56,13,0,59,49,50,62,72,122
1,0,15,32,0,0,58,15,0,59,47,47,62,74,121
1,0,13,36,1,2,59,9,1,63,49,50,58,72,122
1,0,11,40,1,4,52,14,0,57,51,52,65,71,123
1,0,17,32,0,2,54,15,1,58,49,49,64,73,122
0,0,14,36,1,3,54,13,1,58,50,51,63,71,122
1,0,15,34,0,4,55,11,1,61,49,49,60,72,121
1,0,14,37,1,4,50,17,0,55,51,52,68,72,124
0,0,15,33,0,3,55,15,1,59,48,48,63,74,122
1,0,18,34,1,2,54,11,1,58,52,53,63,69,122
0,0,13,34,1,3,58,14,1,62,47,48,61,76,124
1,0,12,36,1,4,56,14,0,61,48,49,62,75,124
3,0,12,35,0,4,59,10,0,66,47,47,57,76,123
0,0,15,35,1,5,58,11,0,63,50,51,61,74,125
1,0,13,34,1,2,57,14,0,60,47,48,61,74,122
1,0,13,32,1,6,59,14,1,67,45,46,59,81,127
3,0,20,31,1,2,52,13,1,58,51,52,64,71,123
1,0,16,37,0,2,53,12,0,56,53,53,65,68,121
1,0,15,34,1,5,54,14,0,60,49,50,63,74,124
1,0,15,36,1,3,54,12,1,59,51,52,63,71,123
0,0,12,41,1,2,55,11,0,57,53,54,64,68,122
2,0,14,35,1,4,54,14,1,61,49,50,63,75,125
1,0,12,35,0,3,57,13,1,62,47,47,60,75,122
1,0,12,38,1,4,55,14,1,61,50,51,64,75,126
1,0,13,41,0,4,51,13,1,57,54,54,67,70,124
1,0,14,34,0,2,55,14,1,59,48,48,62,73,121
3,0,14,37,0,4,52,12,1,60,51,51,63,72,123
1,0,13,34,0,5,53,18,1,60,47,47,65,78,125
1,0,14,36,2,2,55,12,1,59,50,52,62,71,123
1,0,13,36,0,3,57,11,0,61,49,49,60,72,121
0,0,14,36,0,4,54,15,0,58,50,50,65,73,123
0,0,13,35,1,4,55,14,0,59,48,49,62,73,122
2,0,13,33,0,2,59,12,1,64,46,46,58,76,122
1,0,18,32,1,4,53,15,1,59,50,51,65,74,125
1,0,14,36,1,3,53,15,1,58,50,51,65,73,124
1,0,13,37,0,2,55,13,0,58,50,50,63,71,121
1,0,12,35,0,3,59,12,0,63,47,47,59,75,122
1,0,13,37,1,3,50,17,0,54,50,51,67,71,122
1,0,13,36,0,6,55,11,1,63,49,49,60,74,123
1,0,14,34,1,1,59,11,0,61,48,49,59,72,121
1,0,17,33,0,4,57,10,1,63,50,50,60,73,123
2,0,14,39,1,3,50,13,0,55,53,54,66,68,122
2,0,15,33,1,3,56,13,0,61,48,49,61,74,123
0,0,17,34,0,5,54,14,1,60,51,51,65,74,125
1,0,14,35,1,2,53,15,0,56,49,50,64,71,121
1,0,15,37,0,3,50,16,0,54,52,52,68,70,122
0,0,13,38,0,2,56,12,0,58,51,51,63,70,121
2,0,13,34,1,5,55,12,1,63,47,48,59,75,123
1,0,14,38,0,5,55,12,1,62,52,52,64,74,126
1,0,14,37,0,3,51,15,1,56,51,51,66,71,122
1,0,12,33,1,2,58,14,0,61,45,46,59,75,121
0,9,13,36,1,1,48,13,0,58,49,50,62,71,121
1,0,15,38,1,4,56,8,1,62,53,54,61,70,124
0,0,12,38,0,2,56,12,0,58,50,50,62,70,120
0,0,12,33,1,4,58,15,1,63,45,46,60,78,124
1,0,13,35,1,3,58,11,0,62,48,49,59,73,122
2,0,15,34,1,3,54,13,0,59,49,50,62,72,122
1,0,14,31,0,2,59,13,1,63,45,45,58,76,121
2,0,13,37,1,5,52,11,1,60,50,51,61,71,122
1,0,15,33,1,4,57,13,0,62,48,49,61,75,124
1,0,15,37,0,4,53,12,0,58,52,52,64,70,122
1,0,11,40,1,4,53,14,1,59,51,52,65,73,125
0,0,14,39,1,3,53,11,0,56,53,54,64,67,121
1,0,14,37,0,4,53,12,0,58,51,51,63,70,121
1,0,14,36,0,4,53,15,0,58,50,50,65,73,123
1,0,16,39,0,2,49,15,1,53,55,55,70,68,123
1,0,13,37,1,4,53,13,1,59,50,51,63,72,123
1,0,13,36,0,3,56,12,1,61,49,49,61,73,122
1,0,15,38,0,2,50,14,1,54,53,53,67,68,121
1,0,15,35,1,3,54,15,1,59,50,51,65,74,125
1,0,13,34,1,4,53,15,1,59,47,48,62,74,122
1,0,14,36,1,3,55,13,1,60,50,51,63,73,124
1,0,14,35,1,3,53,14,0,57,49,50,63,71,121
1,0,13,36,0,2,55,13,1,59,49,49,62,72,121
1,0,11,39,0,0,54,15,0,55,50,50,65,70,120
1,0,12,39,1,4,54,13,0,59,51,52,64,72,124
1,0,10,34,0,3,59,14,1,64,44,44,58,78,122
3,0,15,34,1,5,50,14,1,59,49,50,63,73,123
0,0,15,33,0,5,59,10,0,64,48,48,58,74,122
1,0,14,35,0,2,55,14,0,58,49,49,63,72,121
0,0,15,38,1,2,52,13,0,54,53,54,66,67,121
1,0,10,34,0,2,63,11,1,67,44,44,55,78,122
1,0,16,39,1,3,49,11,1,54,55,56,66,65,121
3,0,16,34,0,1,55,10,1,60,50,50,60,70,120
0,0,12,35,0,3,55,16,1,59,47,47,63,75,122
1,0,16,38,0,2,52,13,1,56,54,54,67,69,123
2,0,13,36,0,3,55,11,1,61,49,49,60,72,121
1,0,12,37,0,2,54,15,0,57,49,49,64,72,121
1,0,17,32,0,3,55,14,1,60,49,49,63,74,123
1,0,13,33,0,3,61,10,0,65,46,46,56,75,121
1,0,14,40,0,3,49,13,0,53,54,54,67,66,120
1,0,13,37,0,2,56,11,1,60,50,50,61,71,121
1,0,15,34,0,3,56,11,1,61,49,49,60,72,121
0,0,13,34,1,4,58,13,0,62,47,48,60,75,123
1,0,12,34,0,2,59,11,1,63,46,46,57,74,120
1,0,14,33,0,5,54,15,1,61,47,47,62,76,123
0,0,11,36,1,3,61,10,0,64,47,48,57,74,122
1,0,13,36,1,4,49,18,1,55,49,50,67,73,123
1,0,14,37,1,3,54,12,1,59,51,52,63,71,123
1,0,13,37,0,3,56,13,0,60,50,50,63,73,123
1,0,14,38,0,4,53,13,0,58,52,52,65,71,123
1,0,13,34,1,4,56,14,1,62,47,48,61,76,124
1,0,10,38,1,4,59,10,1,65,48,49,58,75,124
1,0,17,31,1,2,58,11,0,61,48,49,59,72,121
1,0,12,34,1,3,61,11,1,66,46,47,57,77,124
0,0,13,33,1,3,58,14,1,62,46,47,60,76,123
1,0,13,35,0,3,50,20,1,55,48,48,68,75,123
1,0,15,33,1,3,57,12,1,62,48,49,60,74,123
1,0,13,32,0,3,59,14,1,64,45,45,59,78,123
1,0,11,34,1,2,59,13,1,63,45,46,58,76,122
0,0,12,38,0,3,57,10,1,61,50,50,60,71,121
1,0,13,35,1,3,58,13,1,63,48,49,61,76,125
1,0,14,33,0,7,51,15,0,59,47,47,62,74,121
1,0,16,40,1,2,46,16,0,49,56,57,72,65,122
1,0,13,33,0,6,56,14,0,63,46,46,60,77,123
2,0,11,37,0,5,54,15,1,62,48,48,63,77,125
3,0,13,34,1,5,52,13,0,60,47,48,60,73,121
4,0,14,28,0,2,60,13,0,66,42,42,55,79,121
1,0,12,39,1,5,58,10,1,65,51,52,61,75,127
1,0,18,31,0,4,53,13,1,59,49,49,62,72,121
0,0,16,37,1,4,53,12,1,58,53,54,65,70,124
0,0,16,33,1,4,53,15,0,57,49,50,64,72,122
0,0,14,38,0,2,56,11,0,58,52,52,63,69,121
1,0,12,40,0,2,51,15,0,54,52,52,67,69,121
1,0,15,40,1,0,49,16,1,51,55,56,71,67,123
0,0,12,36,0,3,55,14,1,59,48,48,62,73,121
1,0,14,38,1,2,54,12,0,57,52,53,64,69,122
0,0,14,36,0,3,56,13,1,60,50,50,63,73,123
1,0,12,35,0,4,58,12,1,64,47,47,59,76,123
1,0,15,33,1,3,59,8,2,65,48,49,56,73,122
1,0,13,37,0,1,55,13,1,58,50,50,63,71,121
1,0,15,31,1,2,57,14,0,60,46,47,60,74,121
1,0,15,39,0,3,50,12,1,55,54,54,66,67,121
1,0,13,35,0,3,51,18,1,56,48,48,66,74,122
1,0,13,35,1,5,54,13,1,61,48,49,61,74,123
1,0,12,35,1,2,59,11,1,63,47,48,58,74,122
1,0,15,38,0,4,51,13,0,56,53,53,66,69,122
1,0,14,36,1,3,55,13,1,60,50,51,63,73,124
1,0,16,34,1,3,53,14,1,58,50,51,64,72,123
1,0,18,33,2,4,52,12,1,58,51,53,63,70,123
0,0,12,35,1,2,61,10,0,63,47,48,57,73,121
1,0,16,32,1,4,58,11,1,64,48,49,59,75,124
1,0,14,35,0,4,55,13,1,61,49,49,62,74,123
1,0,13,36,0,3,57,12,1,62,49,49,61,74,123
2,0,13,32,0,3,55,16,1,61,45,45,61,77,122
2,0,14,35,1,4,51,14,2,59,49,50,63,73,123
1,0,18,37,1,4,49,15,0,54,55,56,70,69,125
1,0,13,34,1,3,57,13,0,61,47,48,60,74,122
1,0,17,32,0,3,55,14,0,59,49,49,63,73,122
1,0,16,36,1,4,47,16,1,53,52,53,68,69,122
1,0,14,34,1,5,58,12,0,64,48,49,60,76,125
1,0,16,35,0,3,54,11,1,59,51,51,62,70,121
1,0,15,38,0,4,52,13,1,58,53,53,66,71,124
0,0,15,37,0,3,52,14,1,56,52,52,66,70,122
1,0,16,35,0,2,54,12,1,58,51,51,63,70,121
1,0,11,41,1,1,52,15,1,55,52,53,67,70,123
0,0,15,34,1,3,56,13,0,59,49,50,62,72,122
0,0,16,35,0,5,49,18,1,55,51,51,69,73,124
1,0,15,33,0,4,56,12,0,61,48,48,60,73,121
1,0,14,35,0,3,53,15,1,58,49,49,64,73,122
1,0,12,37,0,4,54,15,1,60,49,49,64,75,124
1,0,18,36,1,3,49,14,1,54,54,55,68,68,123
0,0,12,35,1,5,61,10,1,67,47,48,57,77,125
0,0,12,37,0,4,55,13,1,60,49,49,62,73,122
1,0,14,34,1,4,53,15,0,58,48,49,63,73,122
1,0,15,39,1,2,49,14,0,52,54,55,68,66,121
1,0,11,37,0,4,56,14,1,62,48,48,62,76,124
1,0,14,38,0,1,54,13,0,56,52,52,65,69,121
1,0,18,31,1,5,56,10,1,63,49,50,59,73,123
2,0,11,38,1,3,52,16,1,58,49,50,65,74,124
3,0,13,29,0,5,60,10,1,69,42,42,52,79,121
1,0,13,30,1,3,57,17,0,61,43,44,60,78,122
1,0,15,39,1,3,48,15,1,53,54,55,69,68,123
1,0,13,41,1,3,52,12,1,57,54,55,66,69,124
1,0,16,35,1,5,51,13,1,58,51,52,64,71,123
0,0,15,32,1,3,56,15,1,60,47,48,62,75,123
1,0,16,35,1,3,55,11,1,60,51,52,62,71,123
1,0,15,35,1,3,55,13,1,60,50,51,63,73,124
1,0,15,36,1,2,54,13,0,57,51,52,64,70,122
1,0,11,39,0,3,55,12,1,60,50,50,62,72,122
1,0,12,37,1,0,57,14,1,59,49,50,63,73,123
1,0,14,35,1,4,52,16,0,57,49,50,65,73,123
1,0,15,35,1,3,52,16,1,57,50,51,66,73,124
1,0,16,35,1,5,52,13,1,59,51,52,64,72,124
1,0,14,39,1,2,55,11,1,59,53,54,64,70,124
1,0,15,35,1,4,55,12,1,61,50,51,62,73,124
1,0,11,38,1,4,55,15,1,61,49,50,64,76,126
1,0,14,31,0,2,56,16,1,60,45,45,61,76,121
1,0,15,33,0,3,49,21,0,53,48,48,69,74,122
1,0,12,36,1,3,55,15,1,60,48,49,63,75,124
1,0,14,33,1,1,56,16,1,59,47,48,63,75,123
1,0,14,34,0,2,53,16,1,57,48,48,64,73,121
1,0,13,37,0,0,56,12,1,58,50,50,62,70,120
1,0,11,41,1,5,52,11,0,58,52,53,63,69,122
1,0,15,32,1,4,55,15,0,60,47,48,62,75,123
1,0,15,32,1,3,57,13,2,63,47,48,60,76,124
1,0,11,35,0,4,59,12,1,65,46,46,58,77,123
2,0,13,35,0,4,58,9,0,64,48,48,57,73,121
1,0,16,37,0,3,50,15,1,55,53,53,68,70,123
1,0,13,35,0,3,55,14,1,60,48,48,62,74,122
1,0,13,33,0,2,59,12,1,63,46,46,58,75,121
1,0,17,32,1,5,53,14,1,60,49,50,63,74,124
1,0,14,36,1,3,56,11,0,60,50,51,61,71,122
1,0,14,39,0,2,53,12,0,56,53,53,65,68,121
1,0,13,35,1,2,52,18,1,56,48,49,66,74,123
1,0,14,37,0,3,54,14,0,58,51,51,65,72,123
2,0,15,33,0,4,57,9,1,64,48,48,57,73,121
1,0,11,38,1,2,54,15,0,57,49,50,64,72,122
1,0,17,38,0,3,47,15,1,52,55,55,70,67,122
1,0,13,33,1,3,58,13,1,63,46,47,59,76,123
0,0,13,34,0,4,58,12,1,63,47,47,59,75,122
1,0,13,35,1,4,60,10,0,65,48,49,58,75,124
1,0,12,37,1,4,56,13,0,61,49,50,62,74,124
1,0,17,35,1,3,50,16,0,54,52,53,68,70,123
0,0,12,32,0,3,60,13,0,63,44,44,57,76,120
1,0,15,34,1,2,54,14,1,58,49,50,63,72,122
2,0,18,32,1,4,49,17,1,56,50,51,67,73,124
0,0,13,33,1,4,55,17,1,60,46,47,63,77,124
0,0,12,39,0,4,57,11,1,62,51,51,62,73,124
0,0,13,35,1,3,60,10,0,63,48,49,58,73,122
1,0,11,36,1,2,60,11,1,64,47,48,58,75,123
1,0,12,33,1,4,59,15,0,64,45,46,60,79,125
0,0,14,36,1,2,56,11,1,59,50,51,61,70,121
1,0,15,35,0,3,54,13,1,59,50,50,63,72,122
1,0,15,32,0,3,56,13,1,61,47,47,60,74,121
1,0,14,34,1,2,54,15,0,57,48,49,63,72,121
1,0,13,37,1,2,50,17,0,53,50,51,67,70,121
1,0,16,33,1,4,56,10,0,61,49,50,59,71,121
1,0,13,34,1,2,55,17,0,58,47,48,64,75,123
1,0,14,33,0,5,57,12,1,64,47,47,59,76,123
1,0,15,34,0,3,57,11,1,62,49,49,60,73,122
1,0,13,33,1,2,55,16,1,59,46,47,62,75,122
1,0,15,37,1,4,54,12,1,60,52,53,64,72,125
2,0,12,36,1,3,53,16,1,59,48,49,64,75,124
1,0,16,37,0,3,51,13,1,56,53,53,66,69,122
0,0,12,39,0,3,52,14,0,55,51,51,65,69,120
1,0,13,34,1,3,56,14,0,60,47,48,61,74,122
1,0,13,33,0,4,59,13,1,65,46,46,59,78,124
1,0,13,39,1,3,56,9,0,60,52,53,61,69,122
2,0,16,37,1,3,50,14,0,55,53,54,67,69,123
1,0,11,39,0,2,54,14,1,58,50,50,64,72,122
0,0,17,36,1,5,53,12,0,58,53,54,65,70,124
1,0,16,34,0,4,51,14,0,56,50,50,64,70,120
1,0,13,35,0,2,58,11,1,62,48,48,59,73,121
1,0,14,37,1,3,56,11,1,61,51,52,62,72,124
1,0,11,30,1,1,59,18,1,62,41,42,59,80,122
1,0,12,36,1,4,57,13,0,62,48,49,61,75,124
2,0,14,37,1,6,52,13,0,60,51,52,64,73,125
0,0,15,35,0,3,53,14,0,56,50,50,64,70,120
1,0,15,36,1,3,52,14,1,57,51,52,65,71,123
1,0,17,33,1,2,56,12,1,60,50,51,62,72,123
1,0,13,35,0,5,57,11,0,63,48,48,59,74,122
1,0,16,34,0,3,54,14,1,59,50,50,64,73,123
0,0,16,33,0,5,56,12,1,62,49,49,61,74,123
1,0,15,36,1,1,51,17,1,54,51,52,68,71,123
0,0,13,35,0,2,55,14,1,58,48,48,62,72,120
1,0,15,32,0,2,59,12,1,63,47,47,59,75,122
1,0,13,34,0,3,57,13,1,62,47,47,60,75,122
1,0,15,34,1,2,53,15,1,57,49,50,64,72,122
1,0,16,35,1,3,56,10,1,61,51,52,61,71,123
1,0,9,38,1,3,59,12,0,63,47,48,59,75,123
1,0,12,37,0,3,55,13,1,60,49,49,62,73,122
1,0,12,38,0,5,53,13,1,60,50,50,63,73,123
1,0,13,37,0,3,53,15,1,58,50,50,65,73,123
1,0,12,40,1,2,50,16,0,53,52,53,68,69,122
0,0,14,35,1,2,56,13,1,59,49,50,62,72,122
1,0,14,37,1,3,55,10,0,59,51,52,61,69,121
1,0,13,37,1,4,53,14,0,58,50,51,64,72,123
0,0,15,34,1,3,55,14,0,58,49,50,63,72,122
1,0,16,34,1,3,58,9,1,63,50,51,59,72,123
1,0,14,36,0,3,54,15,0,58,50,50,65,73,123
1,0,14,37,1,2,53,14,1,57,51,52,65,71,123
1,0,15,32,0,4,57,14,1,63,47,47,61,77,124
2,0,13,35,0,3,58,9,1,64,48,48,57,73,121
1,0,14,35,1,3,55,12,1,60,49,50,61,72,122
0,0,14,35,0,4,55,14,0,59,49,49,63,73,122
1,0,14,37,1,5,52,14,0,58,51,52,65,72,124
2,0,15,34,0,4,57,10,0,63,49,49,59,73,122
1,0,16,33,1,2,52,16,0,55,49,50,65,71,121
1,0,12,37,1,5,57,12,1,64,49,50,61,76,126
1,0,12,32,0,5,58,16,1,65,44,44,60,81,125
0,0,12,36,1,3,51,19,0,54,48,49,67,73,122
2,0,15,35,1,4,53,14,1,60,50,51,64,74,125
1,0,12,38,1,2,55,13,1,59,50,51,63,72,123
1,0,16,33,0,3,54,15,1,59,49,49,64,74,123
1,0,15,41,1,2,47,15,1,51,56,57,71,66,123
0,0,13,34,0,3,60,11,1,64,47,47,58,75,122
1,0,11,37,0,2,51,18,1,55,48,48,66,73,121
1,0,13,40,1,5,50,14,0,56,53,54,67,70,124
1,0,14,33,1,3,56,13,0,60,47,48,60,73,121
0,0,14,39,0,2,52,13,1,55,53,53,66,68,121
1,0,13,38,1,3,54,12,1,59,51,52,63,71,123
1,0,15,33,1,5,54,15,1,61,48,49,63,76,125
1,0,12,41,1,3,55,10,0,59,53,54,63,69,123
0,0,15,36,1,2,53,14,1,56,51,52,65,70,122
1,0,14,35,1,3,56,13,0,60,49,50,62,73,123
1,0,15,31,1,2,59,12,1,63,46,47,58,75,122
0,0,14,39,1,2,50,15,1,53,53,54,68,68,122
1,0,18,35,0,3,51,14,1,56,53,53,67,70,123
1,0,11,36,0,3,55,16,1,60,47,47,63,76,123
1,0,14,35,1,2,55,14,1,59,49,50,63,73,123
1,0,13,38,1,2,54,13,1,58,51,52,64,71,123
1,0,14,38,0,3,53,13,1,58,52,52,65,71,123
1,0,14,33,0,2,58,12,1,62,47,47,59,74,121
2,0,17,34,0,5,54,12,0,61,51,51,63,73,124
1,0,12,40,0,4,53,14,0,58,52,52,66,72,124
1,0,12,36,1,3,55,13,0,59,48,49,61,72,121
1,0,15,32,0,3,55,16,0,59,47,47,63,75,122
1,0,13,38,1,3,51,14,0,55,51,52,65,69,121
1,0,15,36,1,5,51,15,1,58,51,52,66,73,125
1,0,13,34,1,4,54,14,0,59,47,48,61,73,121
1,0,12,36,1,4,54,15,0,59,48,49,63,74,123
1,0,14,41,0,1,51,12,0,53,55,55,67,65,120
0,0,12,37,1,3,56,14,1,60,49,50,63,74,124
1,0,14,37,0,4,56,11,1,62,51,51,62,73,124
1,0,12,37,1,3,51,16,0,55,49,50,65,71,121
1,0,14,35,0,3,55,13,1,60,49,49,62,73,122
1,0,13,37,0,4,53,13,1,59,50,50,63,72,122
1,0,12,40,0,5,51,14,1,58,52,52,66,72,124
1,0,15,34,0,4,52,17,0,57,49,49,66,74,123
1,0,12,36,1,4,58,11,0,63,48,49,59,74,123
2,0,12,34,0,3,55,16,1,61,46,46,62,77,123
1,0,17,33,0,2,57,11,1,61,50,50,61,72,122
1,0,12,37,1,3,52,16,1,57,49,50,65,73,123
1,0,16,35,0,3,54,13,0,58,51,51,64,71,122
1,0,13,33,0,3,57,15,0,61,46,46,61,76,122
1,0,10,33,1,3,63,10,1,68,43,44,53,78,122
1,0,12,38,0,3,53,14,1,58,50,50,64,72,122
0,0,14,34,1,2,52,17,1,55,48,49,65,72,121
1,0,13,34,0,3,54,17,1,59,47,47,64,76,123
2,0,13,34,1,2,60,9,0,64,47,48,56,73,121
0,0,14,36,1,5,56,13,1,62,50,51,63,75,126
2,0,12,35,1,3,57,13,0,62,47,48,60,75,123
4,0,11,35,1,3,57,11,1,65,46,47,57,76,123
1,0,15,35,1,3,54,14,1,59,50,51,64,73,124
1,0,13,34,1,3,59,11,0,63,47,48,58,74,122
1,0,12,36,0,4,55,15,1,61,48,48,63,76,124
2,0,14,36,0,4,58,9,1,65,50,50,59,74,124
0,0,12,38,1,2,54,14,1,57,50,51,64,71,122
1,0,14,36,0,4,52,15,0,57,50,50,65,72,122
1,0,14,38,1,0,56,12,0,57,52,53,64,69,122
1,0,11,36,1,4,58,13,1,64,47,48,60,77,125
0,0,15,34,1,4,58,12,0,62,49,50,61,74,124
1,0,14,35,1,2,55,14,1,59,49,50,63,73,123
1,0,15,36,0,3,55,11,1,60,51,51,62,71,122
2,0,16,33,0,4,50,14,1,57,49,49,63,71,120
1,0,16,34,0,2,50,17,0,53,50,50,67,70,120
0,0,14,35,0,2,57,12,1,60,49,49,61,72,121
1,0,16,32,0,5,55,13,0,61,48,48,61,74,122
0,0,14,38,0,3,53,12,0,56,52,52,64,68,120
1,0,12,33,1,3,59,13,0,63,45,46,58,76,122
1,0,11,37,0,2,56,14,1,60,48,48,62,74,122
1,0,17,31,0,4,57,12,1,63,48,48,60,75,123
0,0,11,37,0,2,58,12,0,60,48,48,60,72,120
1,0,12,36,1,3,57,13,1,62,48,49,61,75,124
1,0,14,37,1,3,55,12,0,59,51,52,63,71,123
3,0,13,37,0,3,54,11,1,61,50,50,61,72,122
1,0,16,34,1,4,48,16,0,53,50,51,66,69,120
2,0,12,34,1,2,61,10,0,65,46,47,56,75,122
2,0,11,35,0,3,55,14,1,61,46,46,60,75,121
0,0,12,37,0,2,56,13,1,59,49,49,62,72,121
1,0,13,38,1,4,52,15,1,58,51,52,66,73,125
1,0,17,32,1,3,57,11,1,62,49,50,60,73,123
1,0,14,32,1,3,56,17,1,61,46,47,63,78,125
1,0,17,33,1,4,55,10,0,60,50,51,60,70,121
1,0,14,31,0,3,58,14,0,62,45,45,59,76,121
1,0,13,42,0,4,50,12,1,56,55,55,67,68,123
1,0,15,37,0,5,53,13,0,59,52,52,65,72,124
1,0,12,34,1,2,59,13,0,62,46,47,59,75,122
1,0,13,34,1,2,60,11,0,63,47,48,58,74,122
1,0,12,36,1,2,55,14,1,59,48,49,62,73,122
1,0,16,32,0,3,56,13,1,61,48,48,61,74,122
1,0,14,34,0,4,59,11,1,65,48,48,59,76,124
2,0,13,34,1,5,55,10,1,63,47,48,57,73,121
0,0,13,40,1,3,52,13,1,56,53,54,66,69,123
1,0,16,35,0,2,50,17,1,54,51,51,68,71,122
0,0,16,35,1,5,54,11,1,60,51,52,62,71,123
1,0,12,41,0,5,54,10,0,60,53,53,63,70,123
1,0,13,37,0,4,56,12,1,62,50,50,62,74,124
1,0,13,37,1,2,49,19,0,52,50,51,69,71,122
0,0,15,34,1,4,56,12,1,61,49,50,61,73,123
1,0,14,34,1,2,57,13,1,61,48,49,61,74,123
1,0,15,34,1,3,54,15,1,59,49,50,64,74,124
0,0,12,35,0,3,57,14,0,60,47,47,61,74,121
1,0,16,36,1,2,55,11,1,59,52,53,63,70,123
1,0,12,40,0,1,54,12,1,57,52,52,64,69,121
1,0,12,38,1,4,56,12,1,62,50,51,62,74,125
0,0,17,33,0,3,54,15,1,58,50,50,65,73,123
1,0,14,32,0,4,55,14,1,61,46,46,60,75,121
0,0,13,36,1,4,55,12,1,60,49,50,61,72,122
0,0,15,30,1,2,60,11,3,65,45,46,56,76,122
1,0,15,36,0,4,54,11,1,60,51,51,62,71,122
1,0,13,33,0,3,57,15,1,62,46,46,61,77,123
1,0,16,37,1,0,55,12,1,57,53,54,65,69,123
1,0,14,38,0,2,50,15,1,54,52,52,67,69,121
0,0,16,33,0,3,59,10,0,62,49,49,59,72,121
1,0,11,39,0,2,55,14,1,59,50,50,64,73,123
1,0,14,36,1,2,56,12,1,60,50,51,62,72,123
3,0,11,36,1,2,54,14,1,60,47,48,61,74,122
1,0,17,35,0,4,52,12,1,58,52,52,64,70,122
1,0,10,37,0,3,54,16,0,58,47,47,63,74,121
1,0,12,34,0,2,61,10,1,65,46,46,56,75,121
1,0,11,36,0,2,58,12,0,61,47,47,59,73,120
1,0,15,39,0,4,52,12,0,57,54,54,66,69,123
5,0,12,32,0,5,59,9,1,70,44,44,53,79,123
1,0,18,32,0,4,53,15,1,59,50,50,65,74,124
1,0,13,34,0,3,55,14,1,60,47,47,61,74,121
1,0,17,35,1,4,54,12,1,60,52,53,64,72,125
1,0,17,31,0,5,55,14,1,62,48,48,62,76,124
0,0,14,36,0,2,56,12,1,59,50,50,62,71,121
1,0,18,31,1,2,57,12,1,61,49,50,61,73,123
1,0,16,34,1,3,51,16,1,56,50,51,66,72,123
1,0,16,34,0,3,50,19,1,55,50,50,69,74,124
1,0,14,34,0,4,57,11,0,62,48,48,59,73,121
1,0,15,32,1,4,55,14,1,61,47,48,61,75,123
1,0,12,38,1,1,49,19,0,51,50,51,69,70,121
1,0,16,35,1,6,54,12,1,62,51,52,63,74,126
0,0,15,35,1,5,55,12,1,61,50,51,62,73,124
0,0,13,31,0,3,55,20,0,58,44,44,64,78,122
2,0,14,34,1,2,55,13,0,59,48,49,61,72,121
1,0,15,34,0,3,54,14,1,59,49,49,63,73,122
1,0,15,33,0,4,59,11,1,65,48,48,59,76,124
0,0,17,32,1,4,57,12,1,62,49,50,61,74,124
1,0,13,40,1,2,52,13,1,56,53,54,66,69,123
1,0,11,38,1,6,55,13,1,63,49,50,62,76,126
1,0,11,33,0,4,59,13,0,64,44,44,57,77,121
1,0,11,41,1,5,50,11,1,57,52,53,63,68,121
1,0,14,34,1,4,55,12,0,60,48,49,60,72,121
1,0,14,36,0,3,52,15,1,57,50,50,65,72,122
1,0,12,36,0,2,56,13,1,60,48,48,61,73,121
1,0,14,40,0,4,53,11,1,59,54,54,65,70,124
1,0,13,38,1,3,54,12,0,58,51,52,63,70,122
2,0,16,33,1,3,52,15,1,58,49,50,64,73,123
1,0,14,37,1,3,55,13,0,59,51,52,64,72,124
0,0,13,34,0,2,54,17,1,57,47,47,64,74,121
2,0,14,34,1,5,55,10,1,63,48,49,58,73,122
1,0,11,38,0,5,56,12,1,63,49,49,61,75,124
1,0,12,38,1,3,59,9,1,64,50,51,59,73,124
1,0,11,34,0,2,61,11,1,65,45,45,56,76,121
1,0,12,33,0,3,59,14,0,63,45,45,59,77,122
1,0,14,38,0,3,49,18,1,54,52,52,70,72,124
1,0,13,35,1,3,51,17,0,55,48,49,65,72,121
1,0,11,36,1,4,59,12,1,65,47,48,59,77,125
1,0,17,35,0,4,53,13,1,59,52,52,65,72,124
1,0,13,35,0,2,56,15,0,59,48,48,63,74,122
1,0,13,35,0,3,56,13,1,61,48,48,61,74,122
1,0,17,30,1,2,53,17,1,57,47,48,64,74,122
0,0,13,36,1,3,57,12,0,60,49,50,61,72,122
1,0,13,34,0,1,57,14,1,60,47,47,61,74,121
3,0,14,35,1,2,52,14,1,58,49,50,63,72,122
0,0,13,34,1,6,56,10,1,63,47,48,57,73,121
1,0,11,38,1,4,54,13,1,60,49,50,62,73,123
0,0,18,32,0,4,52,17,1,57,50,50,67,74,124
1,0,14,34,0,4,58,11,1,64,48,48,59,75,123
1,0,14,32,1,4,54,18,1,60,46,47,64,78,125
1,0,15,34,1,3,57,10,1,62,49,50,59,72,122
1,0,11,38,0,4,49,20,1,55,49,49,69,75,124
0,0,18,34,0,4,51,15,1,56,52,52,67,71,123
1,0,14,41,2,3,47,14,1,52,55,57,69,66,123
1,0,14,35,1,2,58,10,1,62,49,50,59,72,122
2,0,13,38,1,3,54,11,1,60,51,52,62,71,123
1,0,12,35,1,4,58,9,2,65,47,48,56,74,122
2,0,16,34,0,4,50,16,1,57,50,50,66,73,123
0,0,17,33,1,2,53,14,1,56,50,51,64,70,121
1,0,14,34,1,4,55,12,1,61,48,49,60,73,122
0,0,19,32,0,3,52,16,1,56,51,51,67,72,123
1,0,13,37,0,3,57,11,1,62,50,50,61,73,123
1,0,14,34,0,5,57,12,1,64,48,48,60,76,124
2,0,12,32,1,4,63,10,1,70,44,45,54,80,125
1,0,14,34,0,2,58,11,1,62,48,48,59,73,121
9,0,10,32,0,2,53,14,1,65,42,42,56,79,121
0,0,10,36,1,3,58,13,1,62,46,47,59,75,122
1,0,12,40,0,2,56,11,0,59,52,52,63,70,122
1,0,18,32,0,3,52,14,1,57,50,50,64,71,121
1,0,14,34,1,5,57,9,1,64,48,49,57,73,122
1,0,13,34,1,3,61,10,1,66,47,48,57,76,124
1,0,15,34,0,5,56,14,1,63,49,49,63,77,126
1,0,10,34,0,3,56,17,1,61,44,44,61,78,122
0,0,16,36,0,5,53,12,1,59,52,52,64,71,123
0,0,15,37,0,4,52,12,0,56,52,52,64,68,120
0,0,18,35,1,2,52,13,1,55,53,54,66,68,122
1,0,12,36,0,3,55,12,1,60,48,48,60,72,120
1,0,13,34,0,3,56,13,1,61,47,47,60,74,121
1,0,16,34,1,3,58,9,1,63,50,51,59,72,123
1,0,15,34,1,3,53,15,1,58,49,50,64,73,123
0,0,13,37,1,2,51,18,0,53,50,51,68,71,122
1,0,12,34,1,2,56,15,0,59,46,47,61,74,121
2,0,14,32,0,4,55,12,1,62,46,46,58,74,120
1,0,14,39,0,3,52,12,0,56,53,53,65,68,121
3,0,13,39,1,4,53,10,0,60,52,53,62,70,123
1,0,14,34,0,4,57,12,1,63,48,48,60,75,123
1,0,13,35,1,3,53,16,1,58,48,49,64,74,123
1,0,16,33,1,3,56,13,1,61,49,50,62,74,124
0,0,14,33,1,3,58,13,1,62,47,48,60,75,123
1,0,13,40,0,3,51,14,0,55,53,53,67,69,122
1,0,13,37,1,2,53,14,0,56,50,51,64,70,121
2,0,13,32,1,3,60,12,1,66,45,46,57,78,124
1,0,15,34,0,4,54,14,1,60,49,49,63,74,123
1,0,10,36,0,2,61,11,0,64,46,46,57,75,121
1,0,12,38,1,3,53,15,1,58,50,51,65,73,124
0,0,12,34,0,3,60,11,0,63,46,46,57,74,120
1,0,15,30,1,4,59,12,0,64,45,46,57,76,122
0,0,11,36,0,3,53,19,1,57,47,47,66,76,123
1,0,14,35,1,3,52,16,1,57,49,50,65,73,123
1,0,14,37,1,3,57,10,1,62,51,52,61,72,124
2,0,15,33,0,3,55,13,1,61,48,48,61,74,122
1,0,10,40,1,4,55,11,1,61,50,51,61,72,123
1,0,12,38,0,3,57,10,1,62,50,50,60,72,122
1,0,13,38,0,5,54,12,0,60,51,51,63,72,123
1,0,13,36,1,2,55,14,0,58,49,50,63,72,122
1,0,11,39,1,2,53,16,1,57,50,51,66,73,124
0,0,14,32,1,3,58,15,1,62,46,47,61,77,124
1,0,13,36,0,4,55,12,1,61,49,49,61,73,122
1,0,11,38,0,3,55,12,1,60,49,49,61,72,121
1,0,10,41,1,3,53,13,1,58,51,52,64,71,123
1,0,15,35,0,3,57,11,1,62,50,50,61,73,123
1,0,12,37,0,3,55,14,0,59,49,49,63,73,122
0,0,16,35,1,4,53,13,1,58,51,52,64,71,123
1,0,15,32,0,5,56,11,0,62,47,47,58,73,120
1,0,13,36,1,2,56,13,0,59,49,50,62,72,122
1,0,17,37,1,5,50,14,0,56,54,55,68,70,125
2,0,15,32,0,5,55,13,1,63,47,47,60,76,123
1,0,11,44,0,2,53,11,1,57,55,55,66,68,123
2,0,13,34,0,3,54,15,1,60,47,47,62,75,122
2,0,17,32,1,4,54,11,0,60,49,50,60,71,121
1,0,13,35,1,2,53,17,1,57,48,49,65,74,123
1,0,18,35,1,3,52,13,1,57,53,54,66,70,124
1,0,12,39,0,4,56,12,1,62,51,51,63,74,125
1,0,15,35,1,3,51,17,1,56,50,51,67,73,124
0,0,13,38,0,4,53,15,1,58,51,51,66,73,124
1,0,11,38,1,2,50,18,0,53,49,50,67,71,121
0,0,13,40,0,2,54,10,1,57,53,53,63,67,120
1,0,17,34,0,4,55,13,1,61,51,51,64,74,125
0,0,17,32,1,2,55,14,0,57,49,50,63,71,121
1,0,13,36,0,4,55,14,1,61,49,49,63,75,124
2,0,14,34,1,4,53,15,0,59,48,49,63,74,123
1,0,13,37,0,4,53,15,1,59,50,50,65,74,124
1,0,12,32,0,4,57,16,0,62,44,44,60,78,122
1,0,15,36,0,2,55,12,0,58,51,51,63,70,121
0,0,15,33,1,4,55,14,1,60,48,49,62,74,123
1,0,15,33,1,2,53,16,1,57,48,49,64,73,122
1,0,17,29,0,3,55,15,1,60,46,46,61,75,121
3,0,19,27,0,3,57,12,1,64,46,46,58,76,122
1,0,17,36,0,3,52,14,1,57,53,53,67,71,124
1,0,12,36,1,3,58,12,1,63,48,49,60,75,124
1,0,13,35,1,2,60,10,0,63,48,49,58,73,122
1,0,14,34,0,3,56,12,1,61,48,48,60,73,121
0,0,16,34,1,4,53,12,1,58,50,51,62,70,121
1,0,11,39,1,4,52,14,0,57,50,51,64,71,122
1,0,14,36,0,2,55,12,1,59,50,50,62,71,121
1,0,13,35,0,4,54,14,1,60,48,48,62,74,122
0,0,15,41,0,5,48,15,1,54,56,56,71,69,125
1,0,13,34,1,4,57,14,1,63,47,48,61,77,125
1,0,14,36,0,4,56,10,1,62,50,50,60,72,122
1,0,12,44,1,3,51,9,0,55,56,57,65,64,121
0,0,16,32,1,3,55,14,0,58,48,49,62,72,121
1,0,19,32,1,1,55,12,0,57,51,52,63,69,121
2,0,14,37,1,3,51,14,1,57,51,52,65,71,123
2,0,14,36,0,2,53,13,0,57,50,50,63,70,120
1,0,14,33,0,4,53,16,1,59,47,47,63,75,122
1,0,14,35,1,2,54,14,1,58,49,50,63,72,122
1,0,17,31,1,3,55,12,1,60,48,49,60,72,121
0,0,13,37,0,4,53,15,1,58,50,50,65,73,123
1,0,15,37,0,3,50,14,1,55,52,52,66,69,121
1,0,13,37,0,2,54,13,1,58,50,50,63,71,121
1,0,15,37,1,3,53,14,1,58,52,53,66,72,125
0,0,11,36,0,4,58,13,0,62,47,47,60,75,122
1,0,12,37,0,3,53,15,1,58,49,49,64,73,122
1,0,14,35,0,1,55,14,1,58,49,49,63,72,121
2,0,12,36,1,3,58,10,0,63,48,49,58,73,122
1,0,16,36,1,3,54,11,0,58,52,53,63,69,122
2,0,13,32,1,3,58,13,1,64,45,46,58,77,123
1,0,17,35,0,3,49,15,1,54,52,52,67,69,121
1,0,13,34,0,2,56,14,1,60,47,47,61,74,121
1,0,13,37,1,2,50,17,1,54,50,51,67,71,122
2,0,13,33,1,1,56,15,0,59,46,47,61,74,121
1,0,14,36,1,5,54,13,0,60,50,51,63,73,124
1,0,12,32,1,4,61,14,1,67,44,45,58,81,126
3,0,14,31,1,4,55,14,1,63,45,46,59,77,123
1,0,16,36,0,2,52,13,0,55,52,52,65,68,120
0,0,15,35,1,5,53,16,0,58,50,51,66,74,125
1,0,11,38,1,4,56,10,1,62,49,50,59,72,122
1,0,12,35,0,3,58,14,1,63,47,47,61,77,124
1,0,15,35,1,2,55,13,1,59,50,51,63,72,123
1,0,14,37,0,4,51,16,1,57,51,51,67,73,124
1,0,17,34,1,4,51,16,1,57,51,52,67,73,125
0,0,14,35,1,2,57,13,0,59,49,50,62,72,122
1,0,14,35,0,4,51,15,0,56,49,49,64,71,120
1,0,14,33,1,2,55,15,1,59,47,48,62,74,122
1,0,13,32,0,5,57,16,1,64,45,45,61,80,125
1,0,12,34,1,2,55,15,1,59,46,47,61,74,121
1,0,12,36,0,4,54,13,1,60,48,48,61,73,121
0,0,11,38,0,0,59,11,1,60,49,49,60,71,120
1,0,16,32,0,6,49,17,1,57,48,48,65,74,122
1,0,14,35,0,2,55,14,0,58,49,49,63,72,121
1,0,14,37,1,2,52,15,0,55,51,52,66,70,122
1,0,15,35,1,3,54,15,1,59,50,51,65,74,125
1,0,15,36,0,2,51,16,1,55,51,51,67,71,122
1,0,13,37,1,3,55,11,1,60,50,51,61,71,122
0,0,13,37,1,3,54,15,1,58,50,51,65,73,124
1,0,12,34,0,4,58,11,1,64,46,46,57,75,121
1,0,14,33,0,2,58,13,1,62,47,47,60,75,122
1,0,16,40,1,4,48,12,0,53,56,57,68,65,122
1,0,15,32,1,3,54,15,1,59,47,48,62,74,122
0,0,15,32,0,3,60,11,1,64,47,47,58,75,122
2,0,15,33,2,2,54,12,1,59,48,50,60,71,121
0,0,10,38,1,3,59,11,0,62,48,49,59,73,122
1,0,13,35,0,2,55,14,0,58,48,48,62,72,120
1,0,17,31,1,5,54,13,1,61,48,49,61,74,123
0,0,10,35,1,4,59,12,0,63,45,46,57,75,121
1,0,14,38,1,4,58,9,0,63,52,53,61,72,125
0,0,16,35,1,3,52,14,0,55,51,52,65,69,121
2,0,12,37,0,5,54,13,0,61,49,49,62,74,123
1,0,12,36,1,5,54,15,1,61,48,49,63,76,125
1,0,15,34,0,4,53,15,0,58,49,49,64,73,122
1,0,12,34,0,4,60,11,1,66,46,46,57,77,123
1,0,14,37,1,4,51,13,0,56,51,52,64,69,121
1,0,13,36,0,2,57,11,0,60,49,49,60,71,120
1,0,15,36,0,2,53,12,1,57,51,51,63,69,120
1,0,16,35,0,4,54,10,2,61,51,51,61,71,122
1,0,13,35,1,3,55,13,1,60,48,49,61,73,122
1,0,18,34,0,2,52,13,0,55,52,52,65,68,120
1,0,12,34,1,2,59,12,1,63,46,47,58,75,122
0,0,9,36,1,3,58,15,1,62,45,46,60,77,123
1,0,15,31,1,2,56,15,0,59,46,47,61,74,121
1,0,15,37,1,3,51,15,1,56,52,53,67,71,124
1,0,17,33,1,4,54,11,1,60,50,51,61,71,122
1,0,14,35,1,3,56,12,0,60,49,50,61,72,122
1,0,13,37,0,2,54,15,1,58,50,50,65,73,123
0,0,13,34,1,2,56,16,1,59,47,48,63,75,123
2,0,13,32,0,4,56,13,0,62,45,45,58,75,120
1,0,12,38,1,3,55,12,1,60,50,51,62,72,123
1,0,12,33,1,4,60,12,1,66,45,46,57,78,124
1,0,13,37,1,3,57,10,1,62,50,51,60,72,123
1,0,16,32,1,2,56,14,1,60,48,49,62,74,123
1,0,14,36,1,2,55,14,1,59,50,51,64,73,124
1,0,14,35,1,4,52,17,1,58,49,50,66,75,125
1,0,12,38,0,3,55,12,0,59,50,50,62,71,121
1,0,14,34,0,5,56,13,0,62,48,48,61,75,123
1,0,13,37,1,3,49,19,0,53,50,51,69,72,123
0,0,9,33,0,5,61,12,0,66,42,42,54,78,120
0,0,15,35,0,3,51,18,1,55,50,50,68,73,123
1,0,15,35,0,3,51,17,0,55,50,50,67,72,122
1,0,14,36,1,3,52,16,1,57,50,51,66,73,124
1,0,16,36,1,3,51,14,1,56,52,53,66,70,123
1,0,14,39,1,2,49,16,1,53,53,54,69,69,123
0,0,15,36,0,3,56,12,0,59,51,51,63,71,122
1,0,12,35,0,3,61,9,1,66,47,47,56,75,122
0,0,14,38,1,3,54,12,0,57,52,53,64,69,122
1,0,13,40,0,4,51,11,1,57,53,53,64,68,121
1,0,12,38,1,4,58,9,1,64,50,51,59,73,124
1,0,15,31,1,4,59,12,0,64,46,47,58,76,123
1,0,10,37,1,4,57,14,0,62,47,48,61,76,124
1,0,12,35,0,4,56,16,1,62,47,47,63,78,125
2,0,13,33,1,2,57,13,1,62,46,47,59,75,122
0,0,16,29,1,2,59,14,1,62,45,46,59,76,122
1,0,14,39,0,0,54,13,1,56,53,53,66,69,122
1,0,15,36,0,3,56,10,1,61,51,51,61,71,122
1,0,13,34,0,2,58,12,1,62,47,47,59,74,121
1,0,13,35,1,3,56,12,0,60,48,49,60,72,121
1,0,15,36,0,4,54,10,1,60,51,51,61,70,121
1,0,18,33,1,3,54,13,1,59,51,52,64,72,124
1,0,16,33,1,3,54,14,1,59,49,50,63,73,123
0,0,15,36,1,0,58,11,1,59,51,52,62,70,122
0,0,14,35,0,4,59,10,1,64,49,49,59,74,123
1,0,12,33,0,4,56,15,1,62,45,45,60,77,122
1,0,14,36,1,5,53,14,1,60,50,51,64,74,125
2,0,16,34,0,3,54,13,0,59,50,50,63,72,122
2,0,14,33,1,5,54,16,0,61,47,48,63,77,125
1,0,12,36,0,3,55,15,0,59,48,48,63,74,122
1,0,13,36,1,4,52,14,1,58,49,50,63,72,122
0,0,13,32,0,4,61,10,1,66,45,45,55,76,121
0,0,16,33,0,3,56,14,0,59,49,49,63,73,122
1,0,14,33,0,4,53,16,1,59,47,47,63,75,122
1,0,14,37,0,3,54,11,1,59,51,51,62,70,121
0,0,13,34,1,2,58,12,1,61,47,48,59,73,121
1,0,14,35,0,5,56,14,1,63,49,49,63,77,126
1,0,12,35,1,5,60,12,1,67,47,48,59,79,127
0,0,18,30,2,2,61,8,0,63,48,50,56,71,121
1,0,15,38,1,3,50,13,0,54,53,54,66,67,121
1,0,15,33,1,2,55,13,1,59,48,49,61,72,121
1,0,17,30,1,2,62,9,1,66,47,48,56,75,123
1,0,17,33,1,2,56,12,1,60,50,51,62,72,123
1,0,13,35,1,2,56,12,1,60,48,49,60,72,121
1,0,12,36,0,3,55,14,1,60,48,48,62,74,122
4,0,14,36,1,3,52,11,0,59,50,51,61,70,121
0,0,13,37,0,3,51,17,1,55,50,50,67,72,122
0,0,14,36,1,4,52,15,1,57,50,51,65,72,123
2,0,12,35,1,3,58,12,0,63,47,48,59,75,123
2,0,12,35,1,3,57,13,1,63,47,48,60,76,124
1,0,12,33,1,3,60,12,0,64,45,46,57,76,122
0,0,13,36,1,2,55,10,3,60,49,50,59,70,120
1,0,11,32,1,4,59,15,1,65,43,44,58,80,124
0,0,15,34,1,4,57,12,0,61,49,50,61,73,123
1,0,12,34,0,3,60,12,1,65,46,46,58,77,123
0,0,18,32,0,3,52,15,1,56,50,50,65,71,121
1,0,16,34,1,3,53,16,1,58,50,51,66,74,125
0,0,13,35,1,3,55,14,1,59,48,49,62,73,122
1,0,15,34,1,3,52,16,1,57,49,50,65,73,123
1,0,13,36,1,0,54,16,1,56,49,50,65,72,122
0,0,13,39,1,2,52,14,0,54,52,53,66,68,121
2,0,14,34,1,3,60,9,0,65,48,49,57,74,123
0,0,16,34,0,2,54,14,1,57,50,50,64,71,121
1,0,17,35,1,4,52,14,0,57,52,53,66,71,124
1,0,18,32,0,3,54,13,1,59,50,50,63,72,122
1,0,13,39,1,5,55,10,0,61,52,53,62,71,124
1,0,14,33,1,2,56,14,1,60,47,48,61,74,122
2,0,13,37,1,3,50,17,1,56,50,51,67,73,124
1,0,13,35,0,3,54,17,1,59,48,48,65,76,124
1,0,13,39,1,3,52,15,0,56,52,53,67,71,124
0,0,14,34,0,4,59,11,1,64,48,48,59,75,123
1,0,14,34,1,5,55,11,0,61,48,49,59,72,121
0,0,12,35,0,3,57,14,0,60,47,47,61,74,121
1,0,14,35,0,4,47,19,1,53,49,49,68,72,121
1,0,14,32,1,3,60,11,1,65,46,47,57,76,123
1,0,14,33,1,5,59,10,0,65,47,48,57,75,123
1,0,16,35,1,3,56,9,0,60,51,52,60,69,121
1,0,14,36,1,3,50,19,1,55,50,51,69,74,125
2,0,17,32,0,3,52,15,0,57,49,49,64,72,121
1,0,11,39,1,3,53,15,1,58,50,51,65,73,124
1,0,11,35,1,5,61,11,1,68,46,47,57,79,126
1,0,14,31,0,3,61,11,0,65,45,45,56,76,121
1,0,15,33,1,3,53,17,1,58,48,49,65,75,124
0,0,10,35,1,3,57,16,1,61,45,46,61,77,123
1,0,16,32,1,4,53,15,1,59,48,49,63,74,123
0,0,16,38,0,2,53,10,1,56,54,54,64,66,120
1,0,15,35,0,1,50,19,1,53,50,50,69,72,122
1,0,14,33,1,4,56,14,0,61,47,48,61,75,123
0,0,13,36,0,2,56,13,0,58,49,49,62,71,120
0,0,12,37,0,4,55,12,1,60,49,49,61,72,121
1,0,13,35,0,5,50,17,0,56,48,48,65,73,121
2,0,14,35,1,5,55,12,1,63,49,50,61,75,125
1,0,12,34,0,3,53,18,0,57,46,46,64,75,121
1,0,15,33,0,3,55,15,0,59,48,48,63,74,122
0,0,14,37,0,2,56,11,1,59,51,51,62,70,121
1,0,13,35,1,0,56,15,1,58,48,49,63,73,122
0,0,11,36,1,4,53,16,0,57,47,48,63,73,121
0,0,16,36,1,3,54,12,0,57,52,53,64,69,122
1,0,13,36,1,4,56,9,1,62,49,50,58,71,121
0,0,12,37,1,3,53,15,0,56,49,50,64,71,121
0,0,17,34,1,2,52,15,0,54,51,52,66,69,121
2,0,16,31,0,4,57,10,0,63,47,47,57,73,120
0,0,12,32,1,3,65,9,0,68,44,45,53,77,122
1,0,15,35,1,2,55,11,1,59,50,51,61,70,121
1,0,12,38,0,3,54,14,1,59,50,50,64,73,123
1,0,14,36,0,3,56,13,0,60,50,50,63,73,123
0,0,15,34,1,4,53,14,1,58,49,50,63,72,122
1,0,11,37,0,5,56,10,0,62,48,48,58,72,120
1,0,15,37,0,3,55,10,1,60,52,52,62,70,122
1,0,11,42,1,4,50,12,0,55,53,54,65,67,121
1,0,11,37,1,1,56,15,1,59,48,49,63,74,123
1,0,15,34,1,3,53,15,0,57,49,50,64,72,122
1,0,14,38,0,1,49,18,1,52,52,52,70,70,122
0,0,19,32,0,3,53,12,1,57,51,51,63,69,120
1,0,12,31,0,5,61,14,1,68,43,43,57,82,125
12,0,10,32,1,6,54,11,0,72,42,43,53,83,126
4,0,14,31,1,2,58,11,1,65,45,46,56,76,122
1,0,13,38,1,4,50,16,0,55,51,52,67,71,123
0,0,12,37,1,4,52,15,0,56,49,50,64,71,121
0,0,14,34,1,2,59,11,0,61,48,49,59,72,121
4,0,10,38,0,3,57,10,0,64,48,48,58,74,122
1,0,11,37,0,2,56,14,0,59,48,48,62,73,121
1,0,14,37,0,2,54,12,0,57,51,51,63,69,120
1,0,14,35,1,2,54,15,0,57,49,50,64,72,122
1,0,13,38,0,3,54,13,0,58,51,51,64,71,122
1,0,13,36,0,3,55,14,1,60,49,49,63,74,123
1,0,14,35,1,3,54,13,0,58,49,50,62,71,121
1,0,10,38,0,4,51,16,1,57,48,48,64,73,121
1,0,14,38,1,5,53,13,1,60,52,53,65,73,126
1,0,14,33,0,4,54,17,0,59,47,47,64,76,123
1,0,14,36,0,3,54,12,0,58,50,50,62,70,120
1,0,11,34,0,3,53,20,0,57,45,45,65,77,122
0,0,18,33,0,6,55,8,1,62,51,51,59,70,121
1,0,15,34,1,4,56,13,0,61,49,50,62,74,124
1,0,17,34,1,3,54,11,0,58,51,52,62,69,121
1,0,16,37,1,5,54,12,1,61,53,54,65,73,127
1,0,12,40,1,3,54,11,1,59,52,53,63,70,123
1,0,16,38,1,0,47,19,1,49,54,55,73,68,123
1,0,13,32,0,4,56,14,0,61,45,45,59,75,120
1,0,15,37,1,2,55,12,1,59,52,53,64,71,124
1,0,13,36,0,4,57,12,1,63,49,49,61,75,124
1,0,13,39,1,4,54,12,0,59,52,53,64,71,124
0,0,16,33,1,4,57,12,1,62,49,50,61,74,124
1,0,14,37,0,2,56,12,1,60,51,51,63,72,123
0,0,13,31,1,4,56,18,1,61,44,45,62,79,124
1,0,16,34,1,3,51,15,1,56,50,51,65,71,122
1,0,14,37,1,3,51,17,1,56,51,52,68,73,125
1,0,15,37,0,4,54,10,2,61,52,52,62,71,123
2,0,15,34,1,4,57,9,0,63,49,50,58,72,122
1,0,11,37,0,3,58,10,1,63,48,48,58,73,121
1,0,15,40,1,5,47,12,0,53,55,56,67,65,121
1,0,13,32,0,5,59,14,0,65,45,45,59,79,124
1,0,14,33,0,3,57,13,0,61,47,47,60,74,121
1,0,15,36,0,3,51,15,0,55,51,51,66,70,121
0,0,13,30,0,3,59,14,1,63,43,43,57,77,120
0,0,12,37,1,2,54,15,1,57,49,50,64,72,122
0,0,12,37,0,3,56,13,1,60,49,49,62,73,122
1,0,11,36,0,3,58,11,1,63,47,47,58,74,121
1,0,14,30,0,3,57,17,0,61,44,44,61,78,122
0,0,14,40,1,2,50,14,1,53,54,55,68,67,122
1,0,17,30,1,2,59,10,1,63,47,48,57,73,121
1,0,14,33,0,3,57,13,1,62,47,47,60,75,122
1,0,11,32,1,1,60,14,0,62,43,44,57,76,120
2,0,11,37,1,3,58,9,0,63,48,49,57,72,121
1,0,13,38,0,3,50,16,1,55,51,51,67,71,122
0,0,9,38,0,4,57,15,1,62,47,47,62,77,124
1,0,9,36,0,4,58,13,1,64,45,45,58,77,122
0,0,15,32,0,3,61,11,1,65,47,47,58,76,123
1,0,16,35,0,2,51,17,1,55,51,51,68,72,123
2,0,11,33,1,3,56,15,0,61,44,45,59,76,121
3,0,14,34,1,3,54,12,1,61,48,49,60,73,122
2,0,16,35,0,3,48,16,0,53,51,51,67,69,120
1,0,15,36,0,3,56,12,1,61,51,51,63,73,124
3,0,12,30,1,2,62,10,1,68,42,43,52,78,121
1,0,14,35,0,3,54,15,0,58,49,49,64,73,122
0,0,14,36,0,5,54,13,1,60,50,50,63,73,123
1,0,13,34,0,0,60,13,1,62,47,47,60,75,122
0,0,15,33,1,5,55,12,0,60,48,49,60,72,121
1,0,14,36,1,3,53,13,1,58,50,51,63,71,122
2,0,17,35,0,3,44,19,0,49,52,52,71,68,120
0,0,15,31,0,3,57,16,0,60,46,46,62,76,122
1,0,15,31,0,4,58,12,1,64,46,46,58,76,122
0,0,13,39,1,3,53,13,1,57,52,53,65,70,123
1,0,14,35,1,4,52,17,1,58,49,50,66,75,125
1,0,16,32,0,4,53,16,1,59,48,48,64,75,123
1,0,13,38,1,4,55,13,1,61,51,52,64,74,126
1,0,13,35,1,3,57,12,1,62,48,49,60,74,123
1,0,15,34,0,4,55,15,0,60,49,49,64,75,124
1,0,15,33,1,6,57,12,1,65,48,49,60,77,126
1,0,13,36,1,5,55,11,0,61,49,50,60,72,122
1,0,17,32,1,3,54,13,1,59,49,50,62,72,122
1,0,15,36,1,4,53,12,0,58,51,52,63,70,122
1,0,18,36,0,3,48,16,1,53,54,54,70,69,123
1,0,14,37,0,2,55,12,1,59,51,51,63,71,122
1,0,15,33,1,3,51,17,0,55,48,49,65,72,121
1,0,13,35,0,4,57,14,1,63,48,48,62,77,125
2,0,13,35,0,3,52,15,0,57,48,48,63,72,120
1,0,13,35,1,4,58,10,1,64,48,49,58,74,123
0,0,13,33,0,4,57,15,1,62,46,46,61,77,123
0,0,13,34,1,4,59,11,1,64,47,48,58,75,123
1,0,14,30,1,3,59,13,0,63,44,45,57,76,121
0,0,10,32,0,3,65,11,0,68,42,42,53,79,121
1,0,13,34,1,5,58,12,1,65,47,48,59,77,125
1,0,14,38,1,0,58,9,1,60,52,53,61,69,122
1,0,14,36,0,3,52,14,0,56,50,50,64,70,120
2,0,12,34,1,3,58,13,1,64,46,47,59,77,124
0,0,10,38,1,1,52,19,1,54,48,49,67,73,122
1,0,13,35,1,4,54,15,0,59,48,49,63,74,123
1,0,16,31,1,3,50,21,1,55,47,48,68,76,124
1,0,13,34,0,4,55,15,1,61,47,47,62,76,123
1,0,12,35,1,3,59,10,1,64,47,48,57,74,122
2,0,14,34,1,3,52,15,1,58,48,49,63,73,122
1,0,15,34,1,3,55,13,1,60,49,50,62,73,123
1,0,14,33,0,4,58,11,1,64,47,47,58,75,122
1,0,12,37,0,4,55,14,1,61,49,49,63,75,124
1,0,15,36,1,3,52,13,1,57,51,52,64,70,122
1,0,14,37,0,2,55,12,1,59,51,51,63,71,122
1,0,17,30,0,5,56,11,1,63,47,47,58,74,121
1,0,15,36,1,2,53,13,0,56,51,52,64,69,121
0,0,15,32,0,3,58,13,1,62,47,47,60,75,122
1,0,16,40,1,4,48,13,2,55,56,57,69,68,125
1,0,15,32,0,1,60,11,1,63,47,47,58,74,121
0,0,14,34,0,2,58,12,1,61,48,48,60,73,121
1,0,15,34,1,5,53,13,1,60,49,50,62,73,123
1,0,12,36,1,3,56,13,1,61,48,49,61,74,123
1,0,13,33,1,3,55,16,0,59,46,47,62,75,122
0,0,14,40,1,4,47,16,1,52,54,55,70,68,123
1,0,15,31,1,2,58,13,0,61,46,47,59,74,121
1,0,13,33,0,3,58,13,1,63,46,46,59,76,122
1,0,13,36,0,3,53,15,1,58,49,49,64,73,122
1,0,16,35,0,4,50,15,0,55,51,51,66,70,121
1,0,14,38,1,5,56,10,0,62,52,53,62,72,125
1,0,14,32,0,0,56,17,1,58,46,46,63,75,121
2,0,16,37,0,4,50,10,1,57,53,53,63,67,120
2,0,14,38,1,4,53,11,1,60,52,53,63,71,124
0,0,12,35,1,3,56,14,1,60,47,48,61,74,122
1,0,11,38,1,6,54,15,0,61,49,50,64,76,126
2,0,12,36,1,3,53,15,0,58,48,49,63,73,122
2,0,13,35,1,2,56,12,0,60,48,49,60,72,121
0,0,14,34,1,4,60,10,1,65,48,49,58,75,124
0,0,14,33,1,5,52,15,0,57,47,48,62,72,120
1,0,12,34,1,3,58,14,1,63,46,47,60,77,124
1,0,13,35,1,4,57,12,1,63,48,49,60,75,124
1,0,14,31,1,4,55,15,1,61,45,46,60,76,122
1,0,17,32,1,4,54,15,1,60,49,50,64,75,125
0,0,16,34,1,4,56,11,0,60,50,51,61,71,122
2,0,14,32,0,5,55,15,1,63,46,46,61,78,124
1,0,14,35,1,3,54,12,0,58,49,50,61,70,120
1,0,16,39,0,1,51,13,1,54,55,55,68,67,122
0,0,15,31,0,3,60,13,1,64,46,46,59,77,123
1,0,14,34,1,4,56,13,0,61,48,49,61,74,123
1,0,12,34,0,4,60,12,1,66,46,46,58,78,124
1,0,16,36,0,4,54,12,1,60,52,52,64,72,124
1,0,13,31,0,2,62,11,0,65,44,44,55,76,120
0,0,19,30,0,4,58,10,1,63,49,49,59,73,122
1,0,13,31,1,3,58,14,0,62,44,45,58,76,121
1,0,14,37,0,4,55,11,1,61,51,51,62,72,123
1,0,14,37,1,4,52,15,1,58,51,52,66,73,125
1,0,15,29,1,5,56,15,1,63,44,45,59,78,123
1,0,13,33,0,4,56,15,1,62,46,46,61,77,123
1,0,15,36,1,3,53,14,1,58,51,52,65,72,124
1,0,12,39,0,4,56,11,0,61,51,51,62,72,123
1,0,15,29,1,3,57,17,1,62,44,45,61,79,124
0,0,13,36,1,3,58,11,1,62,49,50,60,73,123
0,0,14,36,1,5,55,13,1,61,50,51,63,74,125
1,0,17,34,1,2,56,11,1,60,51,52,62,71,123
1,0,12,33,0,3,60,13,0,64,45,45,58,77,122
1,0,15,32,1,2,58,12,1,62,47,48,59,74,122
2,0,12,37,0,3,56,12,0,61,49,49,61,73,122
1,0,18,34,0,2,54,12,1,58,52,52,64,70,122
1,0,11,34,1,2,57,14,2,62,45,46,59,76,122
1,0,15,35,0,4,55,12,1,61,50,50,62,73,123
0,0,17,29,1,2,57,14,1,60,46,47,60,74,121
2,0,13,33,1,3,58,10,1,64,46,47,56,74,121
1,0,15,35,1,3,52,17,1,57,50,51,67,74,125
1,0,10,39,0,3,54,15,0,58,49,49,64,73,122
1,0,14,35,1,4,52,14,0,57,49,50,63,71,121
1,0,13,33,1,1,58,14,0,60,46,47,60,74,121
1,0,11,41,0,3,52,13,1,57,52,52,65,70,122
1,0,12,37,1,0,55,15,0,56,49,50,64,71,121
1,0,16,32,1,4,54,15,1,60,48,49,63,75,124
0,0,13,34,0,3,57,13,0,60,47,47,60,73,120
1,0,15,33,1,5,58,11,1,65,48,49,59,76,125
1,0,17,32,1,4,55,11,1,61,49,50,60,72,122
1,0,15,37,0,1,52,15,1,55,52,52,67,70,122
4,0,13,37,1,4,52,12,0,60,50,51,62,72,123
1,0,14,37,0,3,53,12,1,58,51,51,63,70,121
1,0,14,34,1,3,52,16,1,57,48,49,64,73,122
0,0,14,35,1,4,57,13,1,62,49,50,62,75,125
1,0,14,33,1,3,57,13,0,61,47,48,60,74,122
0,0,13,36,0,3,56,13,0,59,49,49,62,72,121
1,0,11,35,1,5,56,13,0,62,46,47,59,75,122
1,0,13,34,0,3,57,12,0,61,47,47,59,73,120
2,0,14,29,0,1,60,14,1,64,43,43,57,78,121
1,0,12,40,1,3,52,15,1,57,52,53,67,72,125
1,0,14,35,0,4,58,11,0,63,49,49,60,74,123
1,0,14,35,1,3,55,14,1,60,49,50,63,74,124
0,0,14,33,1,3,58,13,1,62,47,48,60,75,123
1,0,13,34,1,3,57,13,1,62,47,48,60,75,123
1,0,18,29,1,4,53,16,1,59,47,48,63,75,123
1,0,20,30,0,4,53,14,0,58,50,50,64,72,122
1,0,14,35,0,3,53,16,0,57,49,49,65,73,122
1,0,18,34,1,3,48,16,0,52,52,53,68,68,121
5,0,15,29,1,2,58,10,0,65,44,45,54,75,120
1,0,12,32,0,3,57,16,1,62,44,44,60,78,122
1,0,12,33,0,3,54,19,1,59,45,45,64,78,123
1,0,15,32,1,4,56,15,1,62,47,48,62,77,125
1,0,12,36,0,4,55,12,0,60,48,48,60,72,120
0,0,12,38,1,3,56,12,1,60,50,51,62,72,123
3,0,14,34,1,1,53,14,0,57,48,49,62,71,120
1,0,13,33,0,3,60,11,0,64,46,46,57,75,121
1,0,18,34,1,3,53,13,1,58,52,53,65,71,124
1,0,13,37,0,3,56,11,1,61,50,50,61,72,122
0,0,13,36,1,2,55,14,0,57,49,50,63,71,121
1,0,11,36,1,2,57,14,0,60,47,48,61,74,122
2,0,17,31,1,4,56,13,1,63,48,49,61,76,125
1,0,16,37,1,3,52,12,0,56,53,54,65,68,122
1,0,13,33,0,3,58,14,0,62,46,46,60,76,122
1,0,13,39,0,5,53,14,0,59,52,52,66,73,125
1,0,15,34,1,4,53,14,0,58,49,50,63,72,122
1,0,12,35,1,3,58,12,1,63,47,48,59,75,123
0,0,14,36,1,4,52,17,1,57,50,51,67,74,125
1,0,11,33,1,5,60,14,1,67,44,45,58,81,126
1,0,16,33,1,3,55,12,1,60,49,50,61,72,122
1,0,13,33,0,4,55,17,0,60,46,46,63,77,123
0,0,13,39,0,2,51,14,1,54,52,52,66,68,120
1,0,12,36,1,3,48,20,0,52,48,49,68,72,121
2,0,14,36,0,5,56,11,1,64,50,50,61,75,125
1,0,13,33,1,4,55,17,0,60,46,47,63,77,124
2,0,11,35,0,4,58,13,1,65,46,46,59,78,124
3,0,15,38,0,3,48,13,0,54,53,53,66,67,120
1,0,15,36,1,4,55,10,1,61,51,52,61,71,123
0,0,11,38,0,4,57,11,0,61,49,49,60,72,121
1,0,12,35,0,5,56,12,0,62,47,47,59,74,121
1,0,16,30,1,2,54,17,1,58,46,47,63,75,122
1,0,16,37,0,3,54,12,0,58,53,53,65,70,123
1,0,15,36,0,3,53,12,0,57,51,51,63,69,120
0,0,15,33,0,4,51,19,1,56,48,48,67,75,123
1,0,12,37,0,3,55,13,0,59,49,49,62,72,121
3,0,11,36,0,3,59,10,0,65,47,47,57,75,122
1,0,16,39,0,4,48,15,0,53,55,55,70,68,123
1,0,15,35,1,3,53,13,0,57,50,51,63,70,121
1,0,16,34,0,1,52,16,1,55,50,50,66,71,121
1,0,14,37,1,3,53,14,0,57,51,52,65,71,123
1,0,11,36,1,2,60,12,0,63,47,48,59,75,123
1,0,15,36,1,3,48,18,1,53,51,52,69,71,123
1,0,13,37,0,2,51,17,0,54,50,50,67,71,121
1,0,17,36,1,3,53,12,0,57,53,54,65,69,123
1,0,15,35,0,3,56,13,0,60,50,50,63,73,123
1,0,14,38,1,5,52,13,1,59,52,53,65,72,125
0,0,15,37,0,2,55,12,1,58,52,52,64,70,122
2,0,13,39,1,3,50,14,1,56,52,53,66,70,123
1,0,14,35,0,4,58,11,0,63,49,49,60,74,123
1,0,13,38,1,4,56,11,0,61,51,52,62,72,124
1,0,15,31,1,4,58,14,1,64,46,47,60,78,125
1,0,15,36,0,4,54,14,1,60,51,51,65,74,125
1,0,17,34,1,3,58,10,1,63,51,52,61,73,125
1,0,14,35,1,1,56,14,1,59,49,50,63,73,123
0,0,13,36,1,3,54,15,1,58,49,50,64,73,123
2,0,12,37,0,4,53,12,1,60,49,49,61,72,121
5,0,11,35,1,2,53,15,0,60,46,47,61,75,122
1,0,13,36,0,2,52,17,0,55,49,49,66,72,121
2,0,18,32,0,2,55,12,1,60,50,50,62,72,122
1,0,16,36,1,2,53,14,1,57,52,53,66,71,124
0,0,14,38,1,4,51,14,1,56,52,53,66,70,123
0,0,14,37,1,4,51,16,1,56,51,52,67,72,124
1,0,17,35,0,3,55,10,1,60,52,52,62,70,122
1,0,16,42,0,3,49,10,1,54,58,58,68,64,122
0,0,12,34,1,3,58,13,1,62,46,47,59,75,122
1,0,15,36,1,2,53,13,2,58,51,52,64,71,123
1,0,14,35,1,2,54,15,0,57,49,50,64,72,122
0,0,12,34,0,2,60,12,0,62,46,46,58,74,120
1,0,16,36,0,2,55,12,0,58,52,52,64,70,122
0,0,14,35,1,2,55,13,1,58,49,50,62,71,121
1,0,15,37,1,2,50,17,1,54,52,53,69,71,124
1,0,17,33,1,4,52,13,1,58,50,51,63,71,122
1,0,13,32,1,2,60,12,0,63,45,46,57,75,121
1,0,13,37,1,5,51,14,0,57,50,51,64,71,122
1,0,14,37,1,4,53,15,0,58,51,52,66,73,125
1,0,13,37,1,3,55,13,0,59,50,51,63,72,123
1,0,17,31,0,4,52,17,1,58,48,48,65,75,123
0,0,15,36,1,2,54,13,1,57,51,52,64,70,122
2,0,13,38,1,4,54,12,0,60,51,52,63,72,124
1,0,13,35,1,3,60,11,0,64,48,49,59,75,124
1,0,15,33,1,5,52,15,0,58,48,49,63,73,122
1,0,15,33,1,2,54,17,0,57,48,49,65,74,123
1,0,14,36,0,4,53,14,0,58,50,50,64,72,122
1,0,14,38,0,3,54,13,1,59,52,52,65,72,124
0,0,12,38,0,2,53,15,1,56,50,50,65,71,121
1,0,14,34,1,3,58,11,1,63,48,49,59,74,123
0,0,10,40,1,2,57,11,1,60,50,51,61,71,122
1,0,19,31,1,5,57,10,0,63,50,51,60,73,124
0,0,12,39,1,3,56,12,0,59,51,52,63,71,123
0,0,13,35,0,5,58,11,1,64,48,48,59,75,123
1,0,12,34,1,6,55,12,0,62,46,47,58,74,121
0,0,15,33,1,2,52,17,1,55,48,49,65,72,121
0,0,16,36,0,4,51,16,1,56,52,52,68,72,124
0,0,15,33,1,2,58,13,1,61,48,49,61,74,123
1,0,16,33,0,2,55,13,0,58,49,49,62,71,120
2,0,12,36,0,3,54,14,0,59,48,48,62,73,121
0,0,18,34,1,5,56,11,0,61,52,53,63,72,125
0,0,14,38,1,2,57,10,1,60,52,53,62,70,123
0,0,13,37,1,2,53,14,0,55,50,51,64,69,120
1,0,15,36,0,4,55,13,1,61,51,51,64,74,125
1,0,15,31,0,1,57,16,1,60,46,46,62,76,122
0,0,13,36,1,3,56,12,1,60,49,50,61,72,122
1,0,15,35,1,2,55,12,0,58,50,51,62,70,121
1,0,15,33,1,3,53,16,1,58,48,49,64,74,123
1,0,14,31,0,2,54,19,1,58,45,45,64,77,122
0,0,15,39,1,6,51,11,1,58,54,55,65,69,124
1,0,12,33,1,4,58,13,1,64,45,46,58,77,123
1,0,13,34,0,2,56,16,1,60,47,47,63,76,123
0,0,14,39,1,2,53,13,1,56,53,54,66,69,123
0,0,14,37,1,3,53,14,1,57,51,52,65,71,123
0,0,15,36,1,4,54,13,1,59,51,52,64,72,124
1,0,12,38,0,3,54,13,1,59,50,50,63,72,122
1,0,14,41,1,3,49,13,1,54,55,56,68,67,123
1,0,14,37,1,4,49,18,0,54,51,52,69,72,124
0,0,14,35,1,1,56,14,1,58,49,50,63,72,122
1,0,12,36,1,2,56,13,1,60,48,49,61,73,122
1,0,16,37,0,3,51,15,1,56,53,53,68,71,124
0,0,12,34,1,5,63,10,0,68,46,47,56,78,125
2,0,14,34,1,4,57,11,1,64,48,49,59,75,124
1,0,13,36,0,3,59,9,0,63,49,49,58,72,121
1,0,17,35,1,2,51,14,1,55,52,53,66,69,122
4,0,15,34,1,3,53,10,1,61,49,50,59,71,121
1,0,10,39,0,5,54,15,1,61,49,49,64,76,125
1,0,13,32,0,3,58,14,1,63,45,45,59,77,122
1,0,15,37,0,2,52,13,0,55,52,52,65,68,120
1,0,12,36,0,3,52,17,1,57,48,48,65,74,122
1,0,14,38,1,3,55,12,0,59,52,53,64,71,124
1,0,12,36,1,2,56,13,1,60,48,49,61,73,122
1,0,13,35,1,6,53,16,0,60,48,49,64,76,125
1,0,11,39,1,4,51,18,1,57,50,51,68,75,126
0,0,12,37,2,2,54,14,0,56,49,51,63,70,121
2,0,14,33,0,3,55,14,0,60,47,47,61,74,121
0,0,18,30,0,3,56,13,1,60,48,48,61,73,121
1,0,16,38,1,5,53,11,0,59,54,55,65,70,125
1,0,11,39,1,4,55,12,0,60,50,51,62,72,123
1,0,15,36,0,5,53,11,1,60,51,51,62,71,122
1,0,12,34,0,3,59,11,0,63,46,46,57,74,120
2,0,14,36,1,4,54,11,0,60,50,51,61,71,122
1,0,16,32,1,4,57,12,0,62,48,49,60,74,123
8,0,11,38,0,5,47,13,0,60,49,49,62,73,122
1,0,15,38,0,3,53,13,0,57,53,53,66,70,123
2,0,16,32,0,4,56,13,0,62,48,48,61,75,123
0,0,13,31,1,1,60,14,0,61,44,45,58,75,120
0,0,13,37,0,4,51,17,1,56,50,50,67,73,123
1,0,13,35,1,3,57,12,0,61,48,49,60,73,122
1,0,15,36,1,4,51,14,1,57,51,52,65,71,123
1,0,15,35,0,1,55,14,0,57,50,50,64,71,121
1,0,16,36,1,3,51,14,0,55,52,53,66,69,122
1,0,16,33,0,2,55,14,0,58,49,49,63,72,121
1,0,16,37,0,5,51,13,0,57,53,53,66,70,123
0,0,17,30,0,3,53,18,0,56,47,47,65,74,121
1,0,13,32,1,2,56,17,0,59,45,46,62,76,122
0,0,12,35,1,2,56,15,1,59,47,48,62,74,122
1,0,15,33,0,4,51,16,1,57,48,48,64,73,121
2,0,13,37,0,4,52,15,1,59,50,50,65,74,124
3,0,12,38,1,2,53,12,0,58,50,51,62,70,121
1,0,17,31,0,2,56,13,1,60,48,48,61,73,121
1,0,15,38,0,3,51,14,1,56,53,53,67,70,123
2,0,13,35,0,4,54,14,1,61,48,48,62,75,123
1,0,14,33,0,6,58,13,0,65,47,47,60,78,125
1,0,13,34,0,4,54,14,0,59,47,47,61,73,120
1,0,14,36,1,4,53,13,1,59,50,51,63,72,123
1,0,13,33,0,2,56,15,0,59,46,46,61,74,120
1,0,13,36,0,5,54,15,1,61,49,49,64,76,125
1,0,19,33,0,2,53,13,1,57,52,52,65,70,122
1,0,15,35,1,6,55,13,1,63,50,51,63,76,127
1,0,15,35,1,3,53,14,0,57,50,51,64,71,122
1,0,11,36,1,2,57,14,1,61,47,48,61,75,123
1,0,12,39,1,2,53,14,1,57,51,52,65,71,123
1,0,12,35,1,4,58,13,1,64,47,48,60,77,125
1,0,11,41,0,4,52,12,0,57,52,52,64,69,121
1,0,13,38,1,2,54,14,1,58,51,52,65,72,124
2,0,17,34,1,0,56,11,0,58,51,52,62,69,121
3,0,14,31,0,5,59,12,0,67,45,45,57,79,124
1,0,12,39,1,5,55,12,0,61,51,52,63,73,125
1,0,15,34,1,5,56,14,1,63,49,50,63,77,127
1,0,15,34,1,1,51,19,1,54,49,50,68,73,123
0,0,13,36,0,3,55,15,1,59,49,49,64,74,123
0,0,12,38,0,2,58,10,1,61,50,50,60,71,121
1,0,13,37,1,0,56,14,1,58,50,51,64,72,123
1,0,13,35,1,5,56,12,1,63,48,49,60,75,124
1,0,18,32,1,3,53,14,1,58,50,51,64,72,123
0,0,14,35,1,3,54,15,0,57,49,50,64,72,122
1,0,12,37,0,3,58,11,0,62,49,49,60,73,122
1,0,12,37,0,6,56,12,1,64,49,49,61,76,125
1,0,14,39,1,2,53,11,1,57,53,54,64,68,122
1,0,15,36,1,3,51,14,0,55,51,52,65,69,121
1,0,14,35,1,4,51,16,1,57,49,50,65,73,123
1,0,11,38,0,3,55,14,0,59,49,49,63,73,122
2,0,14,36,0,3,57,10,1,63,50,50,60,73,123
0,0,12,38,0,2,50,18,0,52,50,50,68,70,120
1,0,14,35,1,2,56,13,1,60,49,50,62,73,123
1,0,16,35,1,2,52,14,0,55,51,52,65,69,121
2,0,14,36,0,3,55,11,1,61,50,50,61,72,122
1,0,14,42,0,4,53,9,0,58,56,56,65,67,123
2,0,14,32,1,4,56,11,1,63,46,47,57,74,121
1,0,15,35,1,3,47,20,1,52,50,51,70,72,123
2,0,17,35,0,2,55,10,1,60,52,52,62,70,122
1,0,10,36,1,2,57,15,1,61,46,47,61,76,123
1,0,18,31,0,5,54,15,0,60,49,49,64,75,124
0,0,17,32,1,3,56,12,1,60,49,50,61,72,122
1,0,15,37,1,4,51,14,1,57,52,53,66,71,124
1,0,16,37,0,2,50,15,0,53,53,53,68,68,121
1,0,13,36,0,6,57,11,0,64,49,49,60,75,124
1,0,18,36,0,2,51,13,0,54,54,54,67,67,121
0,0,12,35,0,3,61,10,1,65,47,47,57,75,122
0,0,15,32,0,4,56,15,0,60,47,47,62,75,122
1,0,12,38,1,3,54,12,1,59,50,51,62,71,122
1,0,13,37,0,4,53,12,1,59,50,50,62,71,121
1,0,12,31,0,3,64,9,1,69,43,43,52,78,121
2,0,14,34,0,3,58,9,0,63,48,48,57,72,120
1,0,14,37,1,3,53,12,0,57,51,52,63,69,121
0,0,17,39,0,5,52,11,1,58,56,56,67,69,125
1,0,16,36,1,3,56,11,1,61,52,53,63,72,125
1,0,13,38,1,4,54,13,1,60,51,52,64,73,125
0,0,14,35,0,3,55,15,0,58,49,49,64,73,122
1,0,14,33,0,4,55,13,1,61,47,47,60,74,121
2,0,10,34,0,3,60,12,1,66,44,44,56,78,122
0,0,15,33,1,5,55,15,0,60,48,49,63,75,124
3,0,14,30,1,2,55,16,1,61,44,45,60,77,122
1,0,11,34,0,2,57,15,1,61,45,45,60,76,121
1,0,14,34,1,3,55,13,1,60,48,49,61,73,122
0,0,17,32,3,4,54,12,0,58,49,52,61,70,122
0,0,15,36,0,2,56,10,1,59,51,51,61,69,120
0,0,18,36,1,3,51,13,0,54,54,55,67,67,122
1,0,12,35,0,4,56,14,1,62,47,47,61,76,123
1,0,14,33,1,0,56,16,1,58,47,48,63,74,122
2,0,18,28,1,3,59,11,0,64,46,47,57,75,122
1,0,15,33,1,4,55,13,1,61,48,49,61,74,123
1,0,14,34,1,4,56,14,0,61,48,49,62,75,124
0,0,13,37,0,3,56,13,0,59,50,50,63,72,122
1,0,13,30,1,3,62,11,1,67,43,44,54,78,122
1,0,14,38,1,3,54,10,0,58,52,53,62,68,121
0,0,17,37,1,3,50,13,1,54,54,55,67,67,122
0,0,14,36,1,5,54,14,0,59,50,51,64,73,124
1,0,12,35,1,6,58,12,1,66,47,48,59,78,126
1,0,12,38,1,2,51,16,1,55,50,51,66,71,122
2,0,14,30,1,4,54,16,1,61,44,45,60,77,122
1,0,11,34,1,2,59,14,1,63,45,46,59,77,123
1,0,14,34,1,5,56,14,0,62,48,49,62,76,125
1,0,16,29,0,4,60,11,0,65,45,45,56,76,121
2,0,14,35,1,3,53,13,1,59,49,50,62,72,122
0,0,13,34,1,4,56,16,1,61,47,48,63,77,125
1,0,12,37,1,4,55,13,0,60,49,50,62,73,123
1,0,13,38,1,2,55,11,1,59,51,52,62,70,122
1,0,14,38,0,2,55,12,1,59,52,52,64,71,123
0,0,11,35,0,4,62,11,1,67,46,46,57,78,124
1,0,11,37,0,4,57,13,1,63,48,48,61,76,124
1,0,13,39,0,4,52,12,0,57,52,52,64,69,121
0,0,15,37,1,2,53,13,1,56,52,53,65,69,122
1,0,14,34,0,5,52,14,1,59,48,48,62,73,121
1,0,14,36,0,3,56,12,0,60,50,50,62,72,122
1,0,16,39,0,3,50,10,1,55,55,55,65,65,120
1,0,17,34,1,0,54,14,0,55,51,52,65,69,121
0,0,15,34,0,1,56,14,1,58,49,49,63,72,121
1,0,11,34,0,5,56,13,1,63,45,45,58,76,121
0,0,10,35,0,3,60,14,0,63,45,45,59,77,122
1,0,13,39,1,3,51,12,1,56,52,53,64,68,121
0,0,15,35,1,5,54,15,0,59,50,51,65,74,125
1,0,15,38,0,2,49,16,1,53,53,53,69,69,122
1,0,15,36,1,6,48,14,1,56,51,52,65,70,122
0,0,14,34,0,2,56,15,1,59,48,48,63,74,122
1,0,14,38,1,4,53,12,1,59,52,53,64,71,124
1,0,13,37,0,0,58,12,1,60,50,50,62,72,122
1,0,16,35,1,3,52,15,1,57,51,52,66,72,124
1,0,13,37,1,3,53,15,0,57,50,51,65,72,123
2,0,15,36,0,4,52,11,1,59,51,51,62,70,121
1,0,12,36,1,3,54,16,1,59,48,49,64,75,124
0,0,13,36,0,4,53,14,0,57,49,49,63,71,120
1,0,17,34,0,3,52,16,0,56,51,51,67,72,123
0,0,14,36,0,4,57,11,1,62,50,50,61,73,123
1,0,12,35,1,3,55,15,1,60,47,48,62,75,123
1,0,15,36,0,4,51,16,0,56,51,51,67,72,123
1,0,11,35,1,4,60,12,1,66,46,47,58,78,125
1,0,14,35,0,1,55,14,1,58,49,49,63,72,121
1,0,18,35,1,3,52,12,1,57,53,54,65,69,123
2,0,13,34,1,3,58,11,0,63,47,48,58,74,122
0,0,13,37,1,2,53,16,1,56,50,51,66,72,123
0,0,16,37,2,4,49,13,1,54,53,55,66,67,122
0,0,18,31,0,4,58,9,1,63,49,49,58,72,121
1,0,14,34,0,0,54,17,0,55,48,48,65,72,120
1,0,10,39,0,2,56,12,1,60,49,49,61,72,121
1,0,12,39,0,4,52,15,0,57,51,51,66,72,123
1,0,16,35,0,4,54,13,0,59,51,51,64,72,123
1,0,12,35,0,5,54,17,1,61,47,47,64,78,125
1,0,13,40,1,3,55,8,0,59,53,54,61,67,121
0,0,14,34,0,3,57,11,1,61,48,48,59,72,120
1,0,15,35,1,4,57,11,0,62,50,51,61,73,124
1,0,12,34,1,2,56,15,1,60,46,47,61,75,122
1,0,11,34,1,4,54,18,0,59,45,46,63,77,123
1,0,14,36,0,3,53,15,1,58,50,50,65,73,123
1,0,13,40,0,5,53,13,0,59,53,53,66,72,125
1,0,10,38,1,2,59,10,0,62,48,49,58,72,121
1,0,12,36,1,4,58,12,1,64,48,49,60,76,125
0,0,17,36,1,2,51,14,1,54,53,54,67,68,122
1,0,14,38,1,4,48,18,0,53,52,53,70,71,124
1,0,14,38,0,3,53,13,0,57,52,52,65,70,122
1,0,11,33,1,3,62,11,1,67,44,45,55,78,123
0,0,16,38,1,2,51,14,1,54,54,55,68,68,123
1,0,14,36,1,3,55,13,1,60,50,51,63,73,124
0,0,17,38,0,4,52,11,0,56,55,55,66,67,122
2,0,12,29,1,3,58,17,0,63,41,42,58,80,122
1,0,13,35,1,3,57,13,1,62,48,49,61,75,124
1,0,14,33,1,4,57,14,1,63,47,48,61,77,125
1,0,12,33,0,3,58,13,1,63,45,45,58,76,121
1,0,12,37,1,4,52,14,0,57,49,50,63,71,121
3,0,12,34,1,5,56,13,0,64,46,47,59,77,124
1,0,15,36,1,2,53,12,1,57,51,52,63,69,121
1,0,13,35,0,5,55,14,1,62,48,48,62,76,124
1,0,13,35,0,3,61,10,1,66,48,48,58,76,124
0,0,14,35,0,2,57,12,0,59,49,49,61,71,120
1,0,15,39,1,3,47,16,0,51,54,55,70,67,122
1,0,14,34,0,4,57,12,1,63,48,48,60,75,123
1,0,13,31,0,3,57,15,1,62,44,44,59,77,121
1,0,16,36,0,3,51,13,0,55,52,52,65,68,120
1,0,15,34,0,4,55,13,0,60,49,49,62,73,122
1,0,12,38,0,2,50,18,1,54,50,50,68,72,122
6,0,16,37,0,4,49,10,1,60,53,53,63,70,123
1,0,13,38,1,3,54,12,1,59,51,52,63,71,123
1,0,17,35,1,2,54,11,0,57,52,53,63,68,121
1,0,14,33,1,4,57,13,0,62,47,48,60,75,123
2,0,13,39,1,2,53,10,1,58,52,53,62,68,121
1,0,15,33,0,3,54,15,1,59,48,48,63,74,122
1,0,13,32,0,2,59,14,1,63,45,45,59,77,122
0,0,13,38,1,3,54,12,1,58,51,52,63,70,122
0,0,13,31,0,3,61,13,1,65,44,44,57,78,122
1,0,13,37,1,3,53,13,1,58,50,51,63,71,122
1,0,15,34,1,3,55,12,0,59,49,50,61,71,121
1,0,11,35,1,4,57,12,1,63,46,47,58,75,122
1,0,13,38,1,3,54,12,1,59,51,52,63,71,123
1,0,11,40,1,3,57,11,0,61,51,52,62,72,124
1,0,15,37,0,3,52,10,2,58,52,52,62,68,120
0,0,15,39,0,4,53,11,0,57,54,54,65,68,122
0,0,13,39,0,2,55,11,0,57,52,52,63,68,120
0,0,12,39,1,4,53,12,1,58,51,52,63,70,122
1,0,15,35,0,3,52,15,0,56,50,50,65,71,121
1,0,14,34,1,4,53,16,1,59,48,49,64,75,124
0,0,12,34,0,5,59,12,1,65,46,46,58,77,123
1,0,14,35,0,2,54,14,1,58,49,49,63,72,121
1,0,11,37,0,5,57,13,1,64,48,48,61,77,125
1,0,10,36,0,3,59,13,0,63,46,46,59,76,122
0,0,14,31,0,3,62,12,1,66,45,45,57,78,123
1,0,13,36,0,3,56,12,1,61,49,49,61,73,122
1,0,12,37,1,4,55,14,0,60,49,50,63,74,124
1,0,14,38,1,3,53,13,0,57,52,53,65,70,123
1,0,15,37,0,3,55,11,0,59,52,52,63,70,122
1,0,12,36,1,2,56,14,0,59,48,49,62,73,122
2,0,14,33,0,0,60,11,1,63,47,47,58,74,121
1,0,11,38,0,2,57,12,1,61,49,49,61,73,122
1,0,14,34,1,3,60,8,0,64,48,49,56,72,121
0,0,12,35,0,4,55,14,0,59,47,47,61,73,120
1,0,13,35,1,3,55,13,1,60,48,49,61,73,122
1,0,12,35,1,4,54,15,0,59,47,48,62,74,122
1,0,17,34,0,5,50,14,1,57,51,51,65,71,122
0,0,15,34,1,3,59,10,0,62,49,50,59,72,122
0,0,15,35,0,3,54,13,0,57,50,50,63,70,120
1,0,15,38,0,3,52,11,0,56,53,53,64,67,120
1,0,12,37,0,2,52,16,1,56,49,49,65,72,121
1,0,13,40,0,2,50,15,1,54,53,53,68,69,122
0,0,17,35,1,3,47,19,1,51,52,53,71,70,123
1,0,15,36,0,3,54,11,1,59,51,51,62,70,121
0,0,17,35,0,5,49,13,1,55,52,52,65,68,120
1,0,13,36,1,3,58,11,1,63,49,50,60,74,124
1,0,12,38,0,3,57,12,0,61,50,50,62,73,123
1,0,20,27,1,3,56,14,1,61,47,48,61,75,123
1,0,14,35,0,5,50,19,0,56,49,49,68,75,124
1,0,11,39,1,6,53,15,1,61,50,51,65,76,127
0,0,12,40,1,4,51,16,1,56,52,53,68,72,125
1,0,12,36,0,3,54,14,0,58,48,48,62,72,120
1,0,13,36,1,3,49,18,0,53,49,50,67,71,121
0,0,19,31,0,3,55,12,0,58,50,50,62,70,120
1,0,16,36,1,1,55,11,0,57,52,53,63,68,121
1,0,16,35,1,2,54,14,0,57,51,52,65,71,123
1,0,14,34,0,3,55,14,1,60,48,48,62,74,122
1,0,15,33,0,3,57,13,1,62,48,48,61,75,123
1,0,12,39,0,3,51,17,1,56,51,51,68,73,124
1,0,14,35,0,5,53,14,0,59,49,49,63,73,122
0,0,12,36,1,2,61,9,0,63,48,49,57,72,121
1,0,12,36,1,3,58,13,1,63,48,49,61,76,125
0,0,11,36,1,4,55,16,0,59,47,48,63,75,123
1,0,16,33,0,3,53,16,0,57,49,49,65,73,122
0,0,12,35,0,3,61,11,1,65,47,47,58,76,123
1,0,18,35,0,2,51,13,0,54,53,53,66,67,120
1,0,13,37,0,3,55,13,1,60,50,50,63,73,123
2,0,12,32,1,3,59,13,1,65,44,45,57,78,123
0,0,14,38,0,3,54,12,0,57,52,52,64,69,121
0,0,11,35,1,2,52,21,0,54,46,47,67,75,122
1,0,12,38,1,4,55,13,1,61,50,51,63,74,125
1,0,11,39,0,5,55,13,1,62,50,50,63,75,125
1,0,12,34,1,2,57,15,0,60,46,47,61,75,122
2,0,14,29,0,3,57,15,1,63,43,43,58,78,121
1,0,13,33,0,3,56,15,0,60,46,46,61,75,121
1,0,15,36,1,3,53,14,1,58,51,52,65,72,124
2,0,11,38,1,5,53,13,0,60,49,50,62,73,123
0,0,12,41,0,2,55,11,1,58,53,53,64,69,122
1,0,10,35,1,4,57,15,1,63,45,46,60,78,124
0,0,12,39,0,3,56,10,0,59,51,51,61,69,120
1,0,13,34,1,4,55,14,0,60,47,48,61,74,122
1,0,13,38,0,2,55,12,0,58,51,51,63,70,121
1,0,14,35,0,4,55,14,0,60,49,49,63,74,123
1,0,12,40,1,1,51,15,1,54,52,53,67,69,122
0,0,15,30,1,4,60,13,0,64,45,46,58,77,123
0,0,13,36,1,2,57,11,0,59,49,50,60,70,120
0,0,14,37,0,2,54,14,1,57,51,51,65,71,122
1,0,16,34,0,3,58,9,1,63,50,50,59,72,122
1,0,14,39,1,5,50,12,0,56,53,54,65,68,122
2,0,14,34,1,3,52,16,0,57,48,49,64,73,122
1,0,14,39,0,0,53,14,0,54,53,53,67,68,121
1,0,13,35,0,4,58,13,0,63,48,48,61,76,124
2,0,12,33,1,3,54,16,1,60,45,46,61,76,122
1,0,19,34,1,3,49,12,2,55,53,54,65,67,121
2,0,10,38,1,4,52,16,0,58,48,49,64,74,123
5,0,11,38,1,2,50,14,1,58,49,50,63,72,122
1,0,16,34,0,4,53,14,1,59,50,50,64,73,123
1,0,12,36,0,2,50,20,1,54,48,48,68,74,122
1,0,13,36,1,1,55,14,0,57,49,50,63,71,121
1,0,15,34,1,4,56,13,1,62,49,50,62,75,125
1,0,12,34,1,4,57,14,1,63,46,47,60,77,124
1,0,11,34,1,4,59,11,1,65,45,46,56,76,122
1,0,14,35,0,4,56,12,1,62,49,49,61,74,123
1,0,14,34,0,2,58,12,1,62,48,48,60,74,122
1,0,12,37,0,2,53,16,1,57,49,49,65,73,122
1,0,12,33,0,3,61,11,0,65,45,45,56,76,121
0,0,12,38,0,5,54,13,0,59,50,50,63,72,122
2,0,15,40,0,2,50,11,1,55,55,55,66,66,121
1,0,12,36,0,2,53,16,1,57,48,48,64,73,121
1,0,16,32,0,4,53,17,0,58,48,48,65,75,123
1,0,11,35,1,2,59,13,0,62,46,47,59,75,122
1,0,16,33,1,2,55,13,0,58,49,50,62,71,121
1,0,16,34,1,4,53,13,1,59,50,51,63,72,123
1,0,15,39,1,3,49,13,1,54,54,55,67,67,122
1,0,17,34,1,4,53,11,1,59,51,52,62,70,122
1,0,11,42,1,4,53,13,1,59,53,54,66,72,126
1,0,13,34,1,3,55,15,0,59,47,48,62,74,122
1,0,18,34,0,3,51,14,0,55,52,52,66,69,121
2,0,12,35,1,3,54,14,1,60,47,48,61,74,122
0,0,12,38,0,4,53,15,0,57,50,50,65,72,122
3,0,13,34,0,4,54,14,1,62,47,47,61,76,123
1,0,13,34,0,2,55,17,1,59,47,47,64,76,123
1,0,16,36,0,5,51,13,1,58,52,52,65,71,123
8,0,12,30,3,3,52,12,0,63,42,45,54,75,120
0,0,13,39,0,2,55,11,1,58,52,52,63,69,121
1,0,12,35,0,2,56,14,1,60,47,47,61,74,121
1,0,16,30,1,3,56,14,1,61,46,47,60,75,122
1,0,14,37,0,4,52,14,1,58,51,51,65,72,123
1,0,13,34,1,3,60,10,0,64,47,48,57,74,122
1,0,15,36,0,4,54,13,0,59,51,51,64,72,123
1,0,14,35,1,3,54,14,0,58,49,50,63,72,122
1,0,16,41,0,4,49,13,1,55,57,57,70,68,125
0,0,12,35,0,1,60,12,1,62,47,47,59,74,121
1,0,11,38,0,3,59,10,0,63,49,49,59,73,122
2,0,12,33,1,5,55,12,1,63,45,46,57,75,121
0,0,12,39,1,3,53,15,1,57,51,52,66,72,124
1,0,15,36,0,4,54,11,1,60,51,51,62,71,122
1,0,13,36,0,4,56,10,0,61,49,49,59,71,120
1,0,14,34,1,3,56,14,0,60,48,49,62,74,123
1,0,14,36,0,4,56,11,1,62,50,50,61,73,123
1,0,12,33,0,2,61,11,0,64,45,45,56,75,120
1,0,15,36,1,4,50,16,1,56,51,52,67,72,124
1,0,11,36,1,3,55,15,0,59,47,48,62,74,122
1,0,14,33,1,2,53,18,0,56,47,48,65,74,122
1,0,17,36,1,3,47,16,0,51,53,54,69,67,121
2,0,15,34,0,4,55,11,1,62,49,49,60,73,122
1,0,14,38,1,4,54,12,0,59,52,53,64,71,124
0,0,13,34,0,6,52,15,0,58,47,47,62,73,120
1,0,14,32,1,3,58,13,1,63,46,47,59,76,123
1,0,13,33,1,6,57,10,0,64,46,47,56,74,121
1,0,13,35,1,4,55,13,1,61,48,49,61,74,123
0,0,12,40,1,3,52,14,0,55,52,53,66,69,122
1,0,13,37,0,4,54,14,0,59,50,50,64,73,123
1,0,16,35,1,4,51,13,1,57,51,52,64,70,122
1,0,15,34,0,3,55,13,1,60,49,49,62,73,122
1,0,14,35,1,4,56,11,0,61,49,50,60,72,122
1,0,15,31,0,3,60,10,1,65,46,46,56,75,121
1,0,15,34,1,2,52,17,0,55,49,50,66,72,122
1,0,12,35,0,2,55,15,1,59,47,47,62,74,121
1,0,13,34,0,6,54,15,1,62,47,47,62,77,124
1,0,13,35,1,2,52,17,1,56,48,49,65,73,122
3,0,13,34,0,3,59,10,1,66,47,47,57,76,123
2,0,12,40,0,5,48,16,1,56,52,52,68,72,124
0,0,14,32,0,3,56,15,0,59,46,46,61,74,120
1,0,17,34,1,3,55,10,0,59,51,52,61,69,121
1,0,13,37,1,3,55,13,1,60,50,51,63,73,124
1,0,14,34,1,3,55,13,1,60,48,49,61,73,122
1,0,14,34,1,3,57,12,1,62,48,49,60,74,123
0,0,11,41,0,3,53,13,1,57,52,52,65,70,122
4,0,12,33,1,2,56,12,0,62,45,46,57,74,120
1,0,13,37,1,3,54,13,0,58,50,51,63,71,122
1,0,14,34,0,4,48,22,0,53,48,48,70,75,123
1,0,16,37,1,3,48,17,1,53,53,54,70,70,124
0,0,12,33,0,3,60,13,0,63,45,45,58,76,121
1,0,17,34,1,3,55,11,0,59,51,52,62,70,122
0,0,12,36,0,3,60,11,0,63,48,48,59,74,122
0,0,17,33,1,2,55,13,0,57,50,51,63,70,121
1,0,14,34,2,2,56,12,1,60,48,50,60,72,122
1,0,10,38,0,3,53,17,1,58,48,48,65,75,123
1,0,13,36,1,4,56,10,1,62,49,50,59,72,122
1,0,14,32,1,4,57,12,0,62,46,47,58,74,121
1,0,15,37,1,1,53,14,0,55,52,53,66,69,122
1,0,12,32,0,2,58,15,0,61,44,44,59,76,120
0,0,15,33,0,4,55,13,0,59,48,48,61,72,120
0,0,14,37,1,3,54,13,1,58,51,52,64,71,123
2,0,13,36,1,4,55,10,1,62,49,50,59,72,122
1,0,13,38,0,4,56,9,1,62,51,51,60,71,122
0,0,15,36,1,4,51,15,1,56,51,52,66,71,123
1,0,19,33,0,4,52,14,1,58,52,52,66,72,124
2,0,17,37,0,4,52,10,1,59,54,54,64,69,123
1,0,16,33,0,4,52,16,0,57,49,49,65,73,122
0,0,14,33,0,4,59,13,1,64,47,47,60,77,124
1,0,16,34,1,3,53,12,1,58,50,51,62,70,121
0,0,15,35,1,2,55,13,1,58,50,51,63,71,122
1,0,14,34,1,3,59,11,0,63,48,49,59,74,123
1,0,14,38,0,2,51,15,1,55,52,52,67,70,122
1,0,14,36,0,2,56,14,1,60,50,50,64,74,124
1,0,13,39,1,2,52,13,1,56,52,53,65,69,122
1,0,14,32,0,3,61,11,1,66,46,46,57,77,123
1,0,11,38,1,2,57,12,0,60,49,50,61,72,122
1,0,16,36,0,4,54,13,1,60,52,52,65,73,125
1,0,13,35,1,3,56,13,1,61,48,49,61,74,123
1,0,14,37,1,2,52,14,1,56,51,52,65,70,122
1,0,18,33,0,1,55,13,0,57,51,51,64,70,121
2,0,14,36,1,2,55,12,0,59,50,51,62,71,122
1,0,13,37,0,3,53,14,0,57,50,50,64,71,121
1,0,15,41,0,1,52,11,0,54,56,56,67,65,121
1,0,11,39,0,3,52,14,0,56,50,50,64,70,120
1,0,13,32,0,3,59,14,0,63,45,45,59,77,122
1,0,18,34,0,0,54,13,0,55,52,52,65,68,120
0,0,14,32,0,4,57,13,1,62,46,46,59,75,121
0,0,11,39,1,4,56,11,1,61,50,51,61,72,123
0,0,14,36,0,3,56,11,1,60,50,50,61,71,121
2,0,13,36,0,3,53,13,1,59,49,49,62,72,121
0,0,12,37,0,4,54,16,1,59,49,49,65,75,124
1,0,11,31,0,4,62,14,0,67,42,42,56,81,123
2,0,13,36,1,2,54,14,1,59,49,50,63,73,123
0,0,11,31,1,2,63,13,0,65,42,43,55,78,121
1,0,13,36,0,5,55,15,0,61,49,49,64,76,125
1,0,15,31,1,2,58,13,0,61,46,47,59,74,121
1,0,12,35,1,3,56,15,0,60,47,48,62,75,123
1,0,14,34,0,3,54,14,1,59,48,48,62,73,121
1,0,14,38,1,3,54,11,1,59,52,53,63,70,123
1,0,17,35,1,1,52,15,0,54,52,53,67,69,122
2,0,9,34,1,3,58,15,0,63,43,44,58,78,122
1,0,12,32,1,3,57,16,1,62,44,45,60,78,123
0,0,14,40,1,3,47,17,0,50,54,55,71,67,122
1,0,11,37,1,3,58,12,1,63,48,49,60,75,124
1,0,12,32,1,3,59,14,1,64,44,45,58,78,123
2,0,13,33,0,2,55,14,1,60,46,46,60,74,120
0,0,11,35,1,2,62,10,1,65,46,47,56,75,122
1,0,16,34,0,3,51,17,1,56,50,50,67,73,123
0,0,14,35,1,2,58,11,1,61,49,50,60,72,122
1,0,13,30,1,4,61,11,0,66,43,44,54,77,121
1,0,14,35,1,3,57,11,1,62,49,50,60,73,123
6,0,12,34,1,3,52,13,1,62,46,47,59,75,122
1,0,13,35,1,2,53,15,1,57,48,49,63,72,121
1,0,14,35,0,3,57,13,0,61,49,49,62,74,123
1,0,12,34,0,2,59,12,1,63,46,46,58,75,121
1,0,16,34,1,4,51,17,1,57,50,51,67,74,125
1,0,17,35,1,2,50,17,1,54,52,53,69,71,124
2,0,11,34,0,2,59,12,0,63,45,45,57,75,120
1,0,12,32,0,4,57,17,1,63,44,44,61,80,124
1,0,14,36,0,5,54,13,0,60,50,50,63,73,123
1,0,15,30,1,4,58,14,0,63,45,46,59,77,123
1,0,15,37,1,2,51,14,1,55,52,53,66,69,122
0,0,16,34,0,4,56,13,0,60,50,50,63,73,123
3,0,10,39,0,4,55,11,1,63,49,49,60,74,123
1,0,15,32,0,3,57,13,1,62,47,47,60,75,122
1,0,19,29,1,2,55,14,1,59,48,49,62,73,122
0,0,13,35,1,4,56,14,1,61,48,49,62,75,124
1,0,12,36,1,2,55,14,1,59,48,49,62,73,122
1,0,14,37,0,4,51,15,0,56,51,51,66,71,122
1,0,12,37,0,3,54,14,1,59,49,49,63,73,122
1,0,15,37,0,4,54,12,1,60,52,52,64,72,124
1,0,12,34,0,3,57,14,1,62,46,46,60,76,122
1,0,9,36,0,3,59,14,0,63,45,45,59,77,122
1,0,14,35,1,3,58,11,0,62,49,50,60,73,123
1,0,14,34,0,3,52,17,1,57,48,48,65,74,122
0,0,17,36,1,5,54,12,1,60,53,54,65,72,126
1,0,13,38,0,4,52,15,1,58,51,51,66,73,124
0,0,17,34,1,2,50,17,0,52,51,52,68,69,121
1,0,15,36,0,3,50,16,0,54,51,51,67,70,121
1,0,12,35,1,4,52,17,1,58,47,48,64,75,123
1,0,11,35,1,2,58,13,1,62,46,47,59,75,122
0,0,11,36,0,4,58,14,1,63,47,47,61,77,124
1,0,14,38,0,3,51,15,0,55,52,52,67,70,122
1,0,16,36,0,3,54,11,0,58,52,52,63,69,121
1,0,13,33,1,3,60,12,0,64,46,47,58,76,123
1,0,12,37,1,5,57,12,1,64,49,50,61,76,126
1,0,14,35,0,2,59,9,1,63,49,49,58,72,121
1,0,15,38,1,3,52,12,1,57,53,54,65,69,123
1,0,13,33,1,4,57,12,2,64,46,47,58,76,123
3,0,13,32,0,2,60,10,1,66,45,45,55,76,121
2,0,15,37,0,4,51,13,1,58,52,52,65,71,123
1,0,14,33,1,2,59,11,1,63,47,48,58,74,122
1,0,13,33,0,2,58,13,1,62,46,46,59,75,121
0,0,11,34,1,3,59,13,1,63,45,46,58,76,122
1,0,14,36,1,3,57,10,0,61,50,51,60,71,122
1,0,13,40,1,3,52,12,1,57,53,54,65,69,123
1,0,13,32,1,2,60,14,1,64,45,46,59,78,124
1,0,12,38,1,4,55,12,1,61,50,51,62,73,124
1,0,16,34,0,3,57,12,1,62,50,50,62,74,124
1,0,14,39,0,2,53,11,1,57,53,53,64,68,121
1,0,21,37,0,3,46,15,0,50,58,58,73,65,123
1,0,17,29,1,4,55,14,0,60,46,47,60,74,121
0,0,13,38,0,2,57,10,1,60,51,51,61,70,121
1,0,10,35,1,3,57,14,0,61,45,46,59,75,121
0,0,14,33,1,3,59,12,1,63,47,48,59,75,123
0,0,12,35,0,2,59,12,1,62,47,47,59,74,121
1,0,11,40,1,3,51,16,1,56,51,52,67,72,124
1,0,11,38,1,1,56,13,0,58,49,50,62,71,121
1,0,12,34,1,2,57,14,0,60,46,47,60,74,121
1,0,12,39,0,4,56,10,1,62,51,51,61,72,123
1,0,16,34,0,4,57,11,0,62,50,50,61,73,123
1,0,15,38,1,3,52,13,0,56,53,54,66,69,123
0,0,13,36,0,3,59,10,1,63,49,49,59,73,122
0,0,11,34,1,2,63,11,0,65,45,46,56,76,122
1,0,15,32,0,3,54,16,1,59,47,47,63,75,122
1,0,14,37,1,5,53,14,1,60,51,52,65,74,126
2,0,14,31,0,4,51,20,0,57,45,45,65,77,122
1,0,15,36,0,2,49,17,1,53,51,51,68,70,121
1,0,16,36,0,3,54,12,0,58,52,52,64,70,122
1,0,11,38,1,1,56,14,1,59,49,50,63,73,123
1,0,16,33,1,3,55,14,1,60,49,50,63,74,124
1,0,14,33,1,2,57,13,0,60,47,48,60,73,121
1,0,11,37,1,3,56,13,1,61,48,49,61,74,123
1,0,10,35,0,3,61,10,1,66,45,45,55,76,121
1,0,12,36,0,2,59,10,1,63,48,48,58,73,121
1,0,14,31,1,4,58,12,1,64,45,46,57,76,122
1,0,16,32,1,3,56,13,1,61,48,49,61,74,123
1,0,15,40,1,4,49,12,1,55,55,56,67,67,123
1,0,16,37,0,2,54,11,1,58,53,53,64,69,122
1,0,18,31,1,5,52,16,1,59,49,50,65,75,125
0,0,16,34,1,3,56,12,0,59,50,51,62,71,122
1,0,11,37,0,6,54,16,1,62,48,48,64,78,126
1,0,14,36,0,2,52,15,1,56,50,50,65,71,121
1,0,13,36,1,2,51,18,1,55,49,50,67,73,123
1,0,13,34,0,3,56,13,0,60,47,47,60,73,120
2,0,11,34,1,3,56,14,1,62,45,46,59,76,122
0,0,14,31,1,3,57,15,1,61,45,46,60,76,122
1,0,14,33,0,3,60,11,1,65,47,47,58,76,123
0,0,16,37,1,1,53,13,0,54,53,54,66,67,121
0,0,14,32,1,3,56,16,1,60,46,47,62,76,123
1,0,14,37,0,4,54,14,1,60,51,51,65,74,125
1,0,13,38,1,3,54,14,1,59,51,52,65,73,125
1,0,12,40,1,4,55,10,0,60,52,53,62,70,123
1,0,17,37,0,2,47,16,0,50,54,54,70,66,120
0,0,12,41,0,3,51,14,1,55,53,53,67,69,122
1,0,12,37,1,3,53,16,1,58,49,50,65,74,124
0,0,12,37,0,4,59,10,0,63,49,49,59,73,122
1,0,15,36,1,3,52,13,1,57,51,52,64,70,122
1,0,17,36,1,3,49,16,1,54,53,54,69,70,124
0,0,13,34,0,5,57,14,1,63,47,47,61,77,124
1,0,17,33,0,4,53,14,1,59,50,50,64,73,123
1,0,12,35,1,4,55,15,1,61,47,48,62,76,124
0,0,12,39,0,3,54,12,1,58,51,51,63,70,121
1,0,14,38,1,2,50,15,0,53,52,53,67,68,121
1,0,17,36,0,2,51,13,1,55,53,53,66,68,121
1,0,12,35,1,2,57,14,1,61,47,48,61,75,123
1,0,13,36,0,3,55,13,1,60,49,49,62,73,122
0,0,12,40,1,1,55,12,1,57,52,53,64,69,122
2,0,12,35,1,1,54,16,1,58,47,48,63,74,122
0,0,13,37,0,5,54,11,0,59,50,50,61,70,120
0,0,12,34,0,3,60,13,0,63,46,46,59,76,122
1,0,13,39,0,3,55,12,0,59,52,52,64,71,123
2,0,12,37,0,2,55,12,0,59,49,49,61,71,120
1,0,14,38,1,3,50,16,1,55,52,53,68,71,124
2,0,15,29,1,3,57,14,0,62,44,45,58,76,121
1,0,16,33,1,4,54,15,0,59,49,50,64,74,124
1,0,15,36,0,4,58,9,0,63,51,51,60,72,123
1,0,13,37,0,3,56,12,0,60,50,50,62,72,122
1,0,12,37,0,4,55,15,1,61,49,49,64,76,125
1,0,15,35,1,0,58,12,1,60,50,51,62,72,123
1,0,14,40,0,3,48,16,1,53,54,54,70,69,123
1,0,15,31,0,2,58,13,1,62,46,46,59,75,121
1,0,16,37,0,2,49,16,1,53,53,53,69,69,122
1,0,16,35,1,3,53,10,2,59,51,52,61,69,121
2,0,13,38,0,4,53,11,1,60,51,51,62,71,122
1,0,14,36,1,4,51,16,1,57,50,51,66,73,124
1,0,15,32,1,2,55,16,1,59,47,48,63,75,123
0,0,17,35,0,2,52,14,1,55,52,52,66,69,121
2,0,14,34,2,2,52,15,1,57,48,50,63,72,122
1,0,17,34,1,5,53,11,1,60,51,52,62,71,123
1,0,15,32,0,1,55,16,0,57,47,47,63,73,120
1,0,17,33,1,4,57,11,0,62,50,51,61,73,124
2,0,11,31,0,3,61,14,1,67,42,42,56,81,123
2,0,15,36,1,3,53,12,1,59,51,52,63,71,123
1,0,11,33,1,3,60,13,1,65,44,45,57,78,123
2,0,13,35,0,2,56,13,0,60,48,48,61,73,121
1,0,13,34,1,3,59,12,0,63,47,48,59,75,123
1,0,12,34,0,6,56,16,1,64,46,46,62,80,126
1,0,12,36,0,2,54,16,1,58,48,48,64,74,122
1,0,15,30,1,4,60,12,1,66,45,46,57,78,124
1,0,17,37,0,3,50,14,1,55,54,54,68,69,123
1,0,11,39,0,2,54,13,1,58,50,50,63,71,121
1,0,19,31,1,3,48,18,0,52,50,51,68,70,121
0,0,11,32,0,4,61,12,1,66,43,43,55,78,121
1,0,15,36,0,3,53,12,1,58,51,51,63,70,121
1,0,15,35,1,2,55,14,1,59,50,51,64,73,124
1,0,16,39,1,2,50,10,1,54,55,56,65,64,120
1,0,14,36,0,3,54,13,1,59,50,50,63,72,122
1,0,11,38,1,3,57,12,0,61,49,50,61,73,123
1,0,14,38,0,4,58,8,0,63,52,52,60,71,123
1,0,14,33,1,3,59,12,0,63,47,48,59,75,123
0,0,14,33,1,3,58,12,0,61,47,48,59,73,121
1,0,13,36,1,5,57,12,1,64,49,50,61,76,126
1,0,16,35,0,3,52,16,1,57,51,51,67,73,124
2,0,13,36,0,3,54,12,1,60,49,49,61,72,121
1,0,12,37,1,4,60,9,0,65,49,50,58,74,124
1,0,16,35,0,5,54,12,1,61,51,51,63,73,124
1,0,19,34,1,3,52,11,0,56,53,54,64,67,121
1,0,13,36,1,4,55,14,0,60,49,50,63,74,124
1,0,16,35,0,5,54,12,0,60,51,51,63,72,123
1,0,17,35,0,2,51,15,0,54,52,52,67,69,121
1,0,15,32,0,4,56,14,1,62,47,47,61,76,123
1,0,16,33,0,4,57,10,1,63,49,49,59,73,122
1,0,13,37,1,4,53,12,1,59,50,51,62,71,122
0,0,13,40,0,3,51,15,1,55,53,53,68,70,123
0,0,14,36,1,5,56,12,1,62,50,51,62,74,125
1,0,15,33,0,2,53,17,1,57,48,48,65,74,122
1,0,12,37,0,2,54,15,0,57,49,49,64,72,121
2,0,15,35,0,3,54,13,1,60,50,50,63,73,123
3,0,12,34,1,3,55,13,0,61,46,47,59,74,121
1,0,13,34,0,2,53,17,1,57,47,47,64,74,121
2,0,16,34,1,4,55,12,1,62,50,51,62,74,125
1,0,16,31,0,2,62,10,0,65,47,47,57,75,122
1,0,15,38,1,4,52,12,0,57,53,54,65,69,123
1,0,18,34,0,3,54,12,1,59,52,52,64,71,123
1,0,14,35,0,3,57,10,1,62,49,49,59,72,121
0,0,17,36,1,2,54,11,1,57,53,54,64,68,122
1,0,13,40,0,5,54,12,1,61,53,53,65,73,126
0,0,12,38,0,2,57,12,1,60,50,50,62,72,122
2,0,12,35,0,3,55,13,1,61,47,47,60,74,121
1,0,17,34,0,5,53,12,0,59,51,51,63,71,122
1,0,15,38,1,2,52,13,1,56,53,54,66,69,123
2,0,15,36,0,2,48,17,1,53,51,51,68,70,121
2,0,15,34,0,3,58,9,0,63,49,49,58,72,121
2,0,12,39,1,3,52,13,1,58,51,52,64,71,123
1,0,11,33,1,4,61,12,0,66,44,45,56,78,123
4,0,12,33,1,3,55,15,1,63,45,46,60,78,124
1,0,12,37,1,4,52,16,0,57,49,50,65,73,123
1,0,13,34,0,5,54,13,1,61,47,47,60,74,121
2,0,13,36,1,4,54,13,1,61,49,50,62,74,124
1,0,13,38,1,3,49,17,1,54,51,52,68,71,123
2,0,13,32,1,4,59,11,1,66,45,46,56,77,123
1,0,16,34,1,3,54,14,0,58,50,51,64,72,123
0,0,15,35,0,3,57,10,1,61,50,50,60,71,121
1,0,15,34,0,4,56,12,1,62,49,49,61,74,123
1,0,16,34,1,3,50,15,1,55,50,51,65,70,121
1,0,16,34,0,3,55,12,1,60,50,50,62,72,122
1,0,17,32,0,2,55,14,1,59,49,49,63,73,122
1,0,14,37,1,6,53,13,0,60,51,52,64,73,125
1,0,16,32,1,2,55,13,1,59,48,49,61,72,121
1,0,18,33,1,3,54,12,1,59,51,52,63,71,123
1,0,18,34,1,3,46,20,0,50,52,53,72,70,123
1,0,8,41,1,3,54,14,1,59,49,50,63,73,123
0,0,13,33,1,3,57,15,1,61,46,47,61,76,123
1,0,14,37,1,5,57,10,1,64,51,52,61,74,126
0,0,15,37,1,6,54,12,1,61,52,53,64,73,126
1,0,14,38,0,5,52,15,0,58,52,52,67,73,125
2,0,15,32,1,5,53,16,1,61,47,48,63,77,125
1,0,13,36,0,5,50,16,1,57,49,49,65,73,122
1,0,15,31,0,2,60,12,0,63,46,46,58,75,121
1,0,11,42,0,3,54,11,0,58,53,53,64,69,122
0,0,13,35,1,3,52,19,0,55,48,49,67,74,123
1,0,13,35,1,4,53,16,1,59,48,49,64,75,124
1,0,17,33,1,3,51,15,1,56,50,51,65,71,122
1,0,11,35,0,6,59,12,0,66,46,46,58,78,124
2,0,17,34,1,5,50,14,1,58,51,52,65,72,124
1,0,17,33,0,2,56,12,1,60,50,50,62,72,122
1,0,18,36,0,3,53,12,1,58,54,54,66,70,124
1,0,11,40,0,5,54,13,0,60,51,51,64,73,124
0,0,14,33,1,3,53,18,0,56,47,48,65,74,122
1,0,14,35,0,3,54,16,1,59,49,49,65,75,124
1,0,16,35,0,4,56,10,0,61,51,51,61,71,122
1,0,13,33,1,3,59,12,1,64,46,47,58,76,123
1,0,13,32,1,3,57,16,1,62,45,46,61,78,124
1,0,13,38,1,2,54,13,1,58,51,52,64,71,123
1,0,15,35,0,6,56,11,1,64,50,50,61,75,125
1,0,14,35,0,2,54,13,1,58,49,49,62,71,120
1,0,11,37,1,2,55,14,0,58,48,49,62,72,121
1,0,12,39,0,4,52,15,0,57,51,51,66,72,123
1,0,14,33,1,3,57,12,1,62,47,48,59,74,122
3,0,14,35,1,2,55,11,1,61,49,50,60,72,122
1,0,17,36,0,3,54,11,0,58,53,53,64,69,122
1,0,13,38,0,3,50,15,1,55,51,51,66,70,121
0,0,12,37,0,3,51,18,1,55,49,49,67,73,122
1,0,13,35,1,2,52,18,1,56,48,49,66,74,123
1,0,13,36,0,3,51,16,0,55,49,49,65,71,120
1,0,15,31,1,4,59,13,1,65,46,47,59,78,125
0,0,11,35,1,3,59,13,1,63,46,47,59,76,123
1,0,13,37,1,2,58,10,1,62,50,51,60,72,123
0,0,15,32,1,2,55,16,1,58,47,48,63,74,122
1,0,16,33,0,3,54,13,1,59,49,49,62,72,121
1,0,11,35,1,2,56,16,1,60,46,47,62,76,123
1,0,16,30,0,2,61,10,0,64,46,46,56,74,120
0,0,20,27,1,3,59,11,0,62,47,48,58,73,121
2,0,17,37,0,3,49,12,0,54,54,54,66,66,120
1,0,13,35,1,3,55,14,0,59,48,49,62,73,122
1,0,17,33,0,2,55,13,1,59,50,50,63,72,122
0,0,17,31,1,5,55,13,1,61,48,49,61,74,123
1,0,19,33,1,3,51,14,1,56,52,53,66,70,123
1,0,11,39,1,2,53,16,0,56,50,51,66,72,123
0,0,13,38,1,4,48,18,1,53,51,52,69,71,123
1,0,13,36,1,5,52,16,0,58,49,50,65,74,124
2,0,15,33,0,4,57,11,0,63,48,48,59,74,122
1,0,15,40,0,2,47,15,0,50,55,55,70,65,120
1,0,11,34,0,2,62,12,0,65,45,45,57,77,122
1,0,14,36,1,2,53,14,1,57,50,51,64,71,122
0,0,13,34,1,4,58,13,0,62,47,48,60,75,123
1,0,16,32,0,2,55,14,1,59,48,48,62,73,121
1,0,14,37,1,4,57,11,1,63,51,52,62,74,126
0,0,13,36,0,4,52,17,1,57,49,49,66,74,123
1,0,15,35,0,3,57,10,0,61,50,50,60,71,121
0,0,14,36,1,2,54,14,0,56,50,51,64,70,121
2,0,12,42,1,3,48,13,0,53,54,55,67,66,121
1,0,14,35,1,4,53,14,2,60,49,50,63,74,124
1,0,12,38,0,2,55,13,1,59,50,50,63,72,122
2,0,11,35,0,3,59,10,1,65,46,46,56,75,121
1,0,11,40,1,4,59,9,1,65,51,52,60,74,126
1,0,13,35,0,3,56,13,1,61,48,48,61,74,122
1,0,19,33,0,5,50,16,1,57,52,52,68,73,125
1,0,15,40,1,2,47,15,1,51,55,56,70,66,122
0,0,12,35,1,3,59,13,1,63,47,48,60,76,124
2,0,12,35,1,3,58,12,1,64,47,48,59,76,124
1,0,12,34,1,4,57,15,0,62,46,47,61,77,124
3,0,11,33,0,5,54,13,1,63,44,44,57,76,120
1,0,11,38,0,3,58,10,1,63,49,49,59,73,122
2,0,13,34,0,6,55,13,0,63,47,47,60,76,123
1,0,16,36,1,6,51,14,1,59,52,53,66,73,126
1,0,19,32,0,5,57,9,1,64,51,51,60,73,124
1,0,15,37,0,2,54,11,0,57,52,52,63,68,120
0,0,16,35,0,3,51,15,0,54,51,51,66,69,120
0,0,13,38,0,3,54,12,1,58,51,51,63,70,121
1,0,15,36,0,4,56,10,0,61,51,51,61,71,122
1,0,16,36,0,3,52,13,1,57,52,52,65,70,122
1,0,13,37,0,3,55,11,1,60,50,50,61,71,121
1,0,11,37,0,3,53,17,1,58,48,48,65,75,123
1,0,12,35,1,3,55,17,1,60,47,48,64,77,125
1,0,10,37,0,3,60,12,1,65,47,47,59,77,124
2,0,14,32,1,4,56,15,1,63,46,47,61,78,125
1,0,12,35,0,5,53,14,1,60,47,47,61,74,121
0,0,15,35,1,2,54,14,1,57,50,51,64,71,122
1,0,14,40,1,2,53,11,1,57,54,55,65,68,123
0,0,14,34,1,3,52,17,1,56,48,49,65,73,122
1,0,16,32,0,3,57,11,1,62,48,48,59,73,121
1,0,13,37,1,3,55,12,1,60,50,51,62,72,123
2,0,11,36,0,4,57,12,0,63,47,47,59,75,122
0,0,15,34,0,3,54,14,0,57,49,49,63,71,120
0,0,15,34,1,2,56,14,1,59,49,50,63,73,123
1,0,12,34,0,3,58,14,0,62,46,46,60,76,122
1,0,18,34,1,3,52,13,0,56,52,53,65,69,122
1,0,15,34,0,4,53,15,1,59,49,49,64,74,123
1,0,13,38,0,2,55,12,0,58,51,51,63,70,121
1,0,13,33,0,3,58,13,1,63,46,46,59,76,122
1,0,13,37,1,4,55,12,1,61,50,51,62,73,124
0,0,15,37,0,3,50,16,1,54,52,52,68,70,122
1,0,12,36,0,4,54,13,1,60,48,48,61,73,121
1,0,12,40,1,4,51,13,0,56,52,53,65,69,122
0,0,15,32,0,2,56,15,1,59,47,47,62,74,121
0,0,13,34,1,4,55,14,0,59,47,48,61,73,121
1,0,14,37,1,2,52,15,1,56,51,52,66,71,123
0,0,13,34,0,4,55,14,1,60,47,47,61,74,121
1,0,14,34,1,3,58,12,1,63,48,49,60,75,124
1,0,13,38,0,3,53,13,1,58,51,51,64,71,122
1,0,17,36,1,3,55,11,1,60,53,54,64,71,125
0,0,13,35,0,4,56,14,0,60,48,48,62,74,122
0,0,18,35,1,2,54,12,1,57,53,54,65,69,123
1,0,14,37,0,3,52,14,1,57,51,51,65,71,122
1,0,14,32,0,2,54,18,1,58,46,46,64,76,122
0,0,14,34,1,3,59,9,1,63,48,49,57,72,121
2,0,12,35,0,3,55,13,0,60,47,47,60,73,120
1,0,17,34,1,3,51,15,0,55,51,52,66,70,122
1,0,12,36,0,4,54,14,1,60,48,48,62,74,122
1,0,17,35,0,3,55,11,1,60,52,52,63,71,123
1,0,12,37,0,2,55,13,0,58,49,49,62,71,120
1,0,11,37,0,2,62,9,1,66,48,48,57,75,123
1,0,19,34,1,2,52,13,1,56,53,54,66,69,123
1,0,16,34,1,3,53,15,0,57,50,51,65,72,123
1,0,17,33,1,2,52,17,1,56,50,51,67,73,124
1,0,14,36,0,3,55,13,1,60,50,50,63,73,123
1,0,12,35,1,3,55,15,0,59,47,48,62,74,122
0,0,12,35,1,3,55,14,1,59,47,48,61,73,121
1,0,14,38,1,5,52,13,1,59,52,53,65,72,125
1,0,11,34,1,3,60,11,0,64,45,46,56,75,121
1,0,12,37,2,3,55,12,0,59,49,51,61,71,122
0,0,11,37,0,2,56,14,1,59,48,48,62,73,121
0,0,17,38,0,3,50,13,1,54,55,55,68,67,122
2,0,13,37,0,2,55,11,1,60,50,50,61,71,121
1,0,15,37,0,2,52,13,1,56,52,52,65,69,121
1,0,13,36,0,5,56,13,0,62,49,49,62,75,124
1,0,16,35,0,2,55,13,1,59,51,51,64,72,123
0,0,15,33,0,4,53,16,0,57,48,48,64,73,121
0,0,13,40,0,3,50,16,1,54,53,53,69,70,123
2,0,13,36,0,3,60,7,1,66,49,49,56,73,122
1,0,14,34,1,3,54,17,0,58,48,49,65,75,124
1,0,15,34,0,6,54,14,1,62,49,49,63,76,125
1,0,13,35,0,2,53,16,1,57,48,48,64,73,121
2,0,15,29,1,4,59,13,0,65,44,45,57,78,123
2,0,12,34,1,3,57,13,0,62,46,47,59,75,122
1,0,15,35,1,3,57,10,1,62,50,51,60,72,123
1,0,13,36,0,5,55,13,1,62,49,49,62,75,124
0,0,12,39,1,5,54,12,1,60,51,52,63,72,124
1,0,11,35,1,5,55,13,1,62,46,47,59,75,122
1,0,12,34,0,3,57,14,0,61,46,46,60,75,121
2,0,14,35,0,2,51,16,0,55,49,49,65,71,120
1,0,11,37,0,4,56,14,0,61,48,48,62,75,123
2,0,14,34,1,4,55,14,1,62,48,49,62,76,125
1,0,12,34,0,4,59,12,1,65,46,46,58,77,123
1,0,16,36,0,5,52,15,0,58,52,52,67,73,125
2,0,16,34,1,4,53,13,0,59,50,51,63,72,123
0,0,15,33,1,3,58,12,1,62,48,49,60,74,123
1,0,17,36,1,3,54,10,0,58,53,54,63,68,122
0,0,13,36,0,2,55,14,1,58,49,49,63,72,121
1,0,13,34,0,2,55,16,1,59,47,47,63,75,122
0,0,12,35,0,4,56,15,0,60,47,47,62,75,122
0,0,13,37,0,4,55,13,1,60,50,50,63,73,123
1,0,9,37,1,4,61,9,1,67,46,47,55,76,123
1,0,15,38,1,2,50,15,1,54,53,54,68,69,123
1,0,14,32,0,3,59,11,1,64,46,46,57,75,121
1,0,13,39,0,4,54,12,1,60,52,52,64,72,124
1,0,11,34,0,3,59,14,1,64,45,45,59,78,123
1,0,13,31,1,4,59,13,1,65,44,45,57,78,123
1,0,13,40,0,5,49,17,1,56,53,53,70,73,126
1,0,15,34,0,3,54,14,1,59,49,49,63,73,122
1,0,15,36,1,2,51,16,1,55,51,52,67,71,123
0,0,11,36,1,4,58,12,1,63,47,48,59,75,123
1,0,15,35,0,4,51,16,0,56,50,50,66,72,122
1,0,18,35,0,0,53,13,1,55,53,53,66,68,121
1,0,13,37,0,3,54,13,1,59,50,50,63,72,122
1,0,15,36,0,4,53,12,1,59,51,51,63,71,122
1,0,13,34,1,3,53,17,0,57,47,48,64,74,122
1,0,16,35,1,3,55,12,1,60,51,52,63,72,124
1,0,12,36,1,3,56,14,0,60,48,49,62,74,123
1,0,10,34,0,2,58,16,1,62,44,44,60,78,122
0,0,9,37,0,2,61,12,1,64,46,46,58,76,122
1,0,13,36,1,4,56,11,1,62,49,50,60,73,123
1,0,15,31,0,2,56,16,1,60,46,46,62,76,122
1,0,15,32,1,2,57,14,1,61,47,48,61,75,123
1,0,12,30,0,1,60,16,0,62,42,42,58,78,120
1,0,16,34,0,2,56,13,1,60,50,50,63,73,123
2,0,13,32,0,5,60,11,1,68,45,45,56,79,124
1,0,17,37,1,5,51,12,0,57,54,55,66,69,124
1,0,16,36,0,4,51,15,0,56,52,52,67,71,123
1,0,10,40,0,3,54,14,0,58,50,50,64,72,122
1,0,16,36,1,4,50,16,0,55,52,53,68,71,124
0,0,18,35,0,4,50,15,1,55,53,53,68,70,123
3,0,16,33,0,3,53,12,1,60,49,49,61,72,121
2,0,18,28,1,4,58,10,0,64,46,47,56,74,121
0,0,14,36,1,4,52,15,1,57,50,51,65,72,123
1,0,13,34,0,3,53,17,1,58,47,47,64,75,122
0,0,13,40,0,2,55,11,1,58,53,53,64,69,122
1,0,14,39,0,5,51,13,1,58,53,53,66,71,124
1,0,15,29,1,5,60,15,1,67,44,45,59,82,127
1,0,14,33,0,4,57,12,1,63,47,47,59,75,122
0,0,14,30,0,3,62,11,1,66,44,44,55,77,121
0,0,10,39,1,3,57,12,1,61,49,50,61,73,123
1,0,14,32,0,4,58,13,1,64,46,46,59,77,123
1,0,15,33,0,4,55,12,1,61,48,48,60,73,121
1,0,12,39,0,3,55,10,1,60,51,51,61,70,121
1,0,14,36,0,3,52,15,1,57,50,50,65,72,122
1,0,14,38,0,2,52,13,1,56,52,52,65,69,121
1,0,10,39,1,3,57,13,1,62,49,50,62,75,125
1,0,14,32,1,3,58,15,1,63,46,47,61,78,125
1,0,18,33,0,4,51,14,0,56,51,51,65,70,121
2,0,14,34,0,4,55,14,0,61,48,48,62,75,123
1,0,17,33,1,4,53,13,1,59,50,51,63,72,123
2,0,11,37,1,2,53,14,1,58,48,49,62,72,121
1,0,13,33,1,3,57,14,1,62,46,47,60,76,123
1,0,11,36,1,4,60,9,1,66,47,48,56,75,123
2,0,12,35,0,5,56,10,1,64,47,47,57,74,121
1,0,13,35,1,5,52,16,0,58,48,49,64,74,123
0,0,17,35,1,2,55,10,0,57,52,53,62,67,120
1,0,13,36,0,4,60,10,1,66,49,49,59,76,125
1,0,14,37,1,4,49,19,1,55,51,52,70,74,126
1,0,15,31,1,3,55,16,1,60,46,47,62,76,123
1,0,17,34,1,2,53,13,0,56,51,52,64,69,121
1,0,14,36,0,2,53,16,0,56,50,50,66,72,122
1,0,15,34,0,2,54,16,0,57,49,49,65,73,122
1,0,18,34,0,4,53,13,1,59,52,52,65,72,124
2,0,14,36,0,3,54,11,1,60,50,50,61,71,121
3,0,16,31,1,2,56,13,0,61,47,48,60,74,122
2,0,15,33,1,7,49,13,1,59,48,49,61,72,121
0,0,12,36,0,2,56,14,1,59,48,48,62,73,121
1,0,13,38,0,4,54,14,0,59,51,51,65,73,124
1,0,11,37,1,5,60,11,0,66,48,49,59,77,126
1,0,15,31,0,2,56,15,1,60,46,46,61,75,121
1,0,14,35,1,4,57,11,1,63,49,50,60,74,124
1,0,13,33,0,5,55,16,1,62,46,46,62,78,124
1,0,12,36,1,3,56,15,1,61,48,49,63,76,125
1,0,13,35,1,4,57,13,0,62,48,49,61,75,124
0,0,15,32,0,4,55,17,0,59,47,47,64,76,123
1,0,13,34,1,5,57,11,1,64,47,48,58,75,123
1,0,12,37,1,5,55,13,1,62,49,50,62,75,125
1,0,18,32,0,0,54,15,0,55,50,50,65,70,120
1,0,13,35,0,2,58,12,1,62,48,48,60,74,122
2,0,11,33,0,3,58,13,1,64,44,44,57,77,121
2,0,14,32,0,3,59,11,0,64,46,46,57,75,121
1,0,13,35,1,4,55,13,0,60,48,49,61,73,122
1,0,14,35,1,3,57,12,0,61,49,50,61,73,123
0,0,11,38,1,4,56,13,1,61,49,50,62,74,124
0,0,16,32,1,5,55,12,1,61,48,49,60,73,122
4,0,16,33,0,3,54,11,1,62,49,49,60,73,122
1,0,13,32,1,4,58,14,0,63,45,46,59,77,123
1,0,10,36,1,2,59,13,0,62,46,47,59,75,122
2,0,16,32,1,5,53,12,0,60,48,49,60,72,121
2,0,14,39,0,3,49,13,0,54,53,53,66,67,120
0,0,16,35,0,0,58,11,0,58,51,51,62,69,120
0,0,14,36,1,4,58,10,0,62,50,51,60,72,123
1,0,15,36,1,2,56,11,0,59,51,52,62,70,122
1,0,13,40,0,3,53,13,0,57,53,53,66,70,123
2,0,17,34,0,3,55,11,0,60,51,51,62,71,122
0,0,14,35,1,3,52,15,0,55,49,50,64,70,120
2,0,15,34,1,4,47,18,0,53,49,50,67,71,121
4,0,16,33,0,2,55,11,1,62,49,49,60,73,122
1,0,15,33,1,2,58,11,0,61,48,49,59,72,121
1,0,11,33,0,3,60,12,1,65,44,44,56,77,121
1,0,13,31,1,5,59,14,1,66,44,45,58,80,125
3,0,12,33,0,3,55,15,1,62,45,45,60,77,122
0,0,15,34,1,3,55,13,1,59,49,50,62,72,122
1,0,18,32,0,4,52,14,1,58,50,50,64,72,122
0,0,11,37,0,5,58,12,0,63,48,48,60,75,123
1,0,14,35,0,3,53,16,1,58,49,49,65,74,123
1,0,12,36,1,3,55,14,0,59,48,49,62,73,122
1,0,16,33,1,3,54,16,1,59,49,50,65,75,125
1,0,13,37,0,4,56,11,1,62,50,50,61,73,123
1,0,14,33,1,2,56,14,0,59,47,48,61,73,121
0,0,12,37,0,5,59,11,1,65,49,49,60,76,125
3,0,15,35,1,2,51,15,1,57,50,51,65,72,123
1,0,14,37,1,3,53,13,1,58,51,52,64,71,123
1,0,16,33,0,5,56,13,0,62,49,49,62,75,124
1,0,12,31,1,5,59,12,1,66,43,44,55,78,122
0,0,12,38,1,2,56,13,0,58,50,51,63,71,122
1,0,13,37,1,0,57,13,0,58,50,51,63,71,122
1,0,17,35,1,4,56,10,0,61,52,53,62,71,124
1,0,14,35,1,2,57,12,0,60,49,50,61,72,122
1,0,14,36,1,2,54,14,0,57,50,51,64,71,122
0,0,16,37,1,3,53,11,1,57,53,54,64,68,122
1,0,13,34,0,5,60,12,1,67,47,47,59,79,126
1,0,16,36,1,3,53,13,0,57,52,53,65,70,123
0,0,12,38,0,3,58,9,1,62,50,50,59,71,121
1,0,15,33,0,2,54,15,0,57,48,48,63,72,120
1,0,11,35,1,5,58,10,1,65,46,47,56,75,122
2,0,12,33,1,2,58,13,0,62,45,46,58,75,121
1,0,10,36,1,4,55,15,0,60,46,47,61,75,122
1,0,18,32,1,2,57,11,1,61,50,51,61,72,123
1,0,12,34,0,5,57,13,0,63,46,46,59,76,122
1,0,15,33,0,3,55,16,1,60,48,48,64,76,124
1,0,14,37,1,3,54,12,1,59,51,52,63,71,123
1,0,13,37,0,3,53,15,0,57,50,50,65,72,122
1,0,15,38,1,3,55,10,0,59,53,54,63,69,123
0,0,12,40,0,5,53,12,1,59,52,52,64,71,123
1,0,14,35,0,2,52,16,0,55,49,49,65,71,120
1,0,14,38,0,4,51,14,1,57,52,52,66,71,123
1,0,12,36,1,4,57,12,1,63,48,49,60,75,124
1,0,16,36,1,4,53,10,1,59,52,53,62,69,122
1,0,13,37,0,3,55,13,0,59,50,50,63,72,122
1,0,14,33,0,3,54,18,0,58,47,47,65,76,123
1,0,15,39,0,3,51,10,1,56,54,54,64,66,120
1,0,15,30,0,4,60,10,1,66,45,45,55,76,121
1,0,13,34,0,2,61,10,1,65,47,47,57,75,122
1,0,13,37,1,3,56,10,0,60,50,51,60,70,121
1,0,13,34,0,3,55,15,1,60,47,47,62,75,122
1,0,16,34,0,5,55,14,1,62,50,50,64,76,126
1,0,13,40,1,2,48,17,1,52,53,54,70,69,123
0,0,17,34,1,2,54,13,1,57,51,52,64,70,122
3,0,14,36,2,3,52,12,1,59,50,52,62,71,123
0,0,14,38,1,2,49,18,0,51,52,53,70,69,122
1,0,14,34,1,4,54,15,0,59,48,49,63,74,123
2,0,14,34,1,3,56,12,1,62,48,49,60,74,123
1,0,13,34,0,4,49,21,1,55,47,47,68,76,123
0,0,13,32,1,2,58,15,0,60,45,46,60,75,121
1,0,14,39,1,4,49,15,0,54,53,54,68,69,123
3,0,13,35,1,2,52,16,1,58,48,49,64,74,123
1,0,12,36,0,2,54,16,1,58,48,48,64,74,122
1,0,11,34,1,3,60,12,0,64,45,46,57,76,122
0,0,14,38,1,4,48,16,1,53,52,53,68,69,122
0,0,12,41,0,5,50,16,1,56,53,53,69,72,125
0,0,14,34,1,2,54,16,0,56,48,49,64,72,121
1,0,13,34,0,3,59,11,0,63,47,47,58,74,121
0,0,18,32,1,3,51,16,0,54,50,51,66,70,121
0,0,16,33,1,3,52,16,1,56,49,50,65,72,122
1,0,10,36,0,3,60,11,0,64,46,46,57,75,121
1,0,15,36,0,3,52,15,0,56,51,51,66,71,122
1,0,17,34,1,2,51,16,0,54,51,52,67,70,122
2,0,14,35,1,3,54,13,1,60,49,50,62,73,123
1,0,15,34,0,3,57,12,1,62,49,49,61,74,123
1,0,14,36,1,3,53,15,1,58,50,51,65,73,124
1,0,14,34,1,4,52,17,0,57,48,49,65,74,123
1,0,15,33,1,4,59,10,1,65,48,49,58,75,124
1,0,10,34,1,1,60,13,0,62,44,45,57,75,120
1,0,17,37,0,3,49,13,2,55,54,54,67,68,122
1,0,13,37,0,5,56,11,0,62,50,50,61,73,123
1,0,14,30,0,4,60,14,1,66,44,44,58,80,124
1,0,16,36,1,5,51,14,1,58,52,53,66,72,125
0,0,15,36,0,3,51,16,1,55,51,51,67,71,122
1,0,12,33,1,3,56,15,1,61,45,46,60,76,122
2,0,12,37,0,3,51,16,1,57,49,49,65,73,122
1,0,13,36,0,5,55,15,1,62,49,49,64,77,126
1,0,16,33,0,0,58,12,1,60,49,49,61,72,121
2,0,14,33,0,6,52,14,1,61,47,47,61,75,122
0,0,12,38,1,4,56,12,0,60,50,51,62,72,123
0,0,13,35,1,3,55,15,0,58,48,49,63,73,122
1,0,14,37,1,4,55,12,0,60,51,52,63,72,124
1,0,14,36,1,3,53,15,0,57,50,51,65,72,123
1,0,13,39,0,2,52,13,1,56,52,52,65,69,121
1,0,14,34,0,3,57,12,1,62,48,48,60,74,122
1,0,12,41,1,2,50,15,1,54,53,54,68,69,123
1,0,14,35,0,4,58,9,0,63,49,49,58,72,121
2,0,16,35,1,3,52,11,1,58,51,52,62,69,121
1,0,11,38,1,5,53,15,0,59,49,50,64,74,124
3,0,13,32,1,3,60,10,0,66,45,46,55,76,122
1,0,12,37,0,2,58,12,1,62,49,49,61,74,123
1,0,13,35,0,3,61,9,1,66,48,48,57,75,123
1,0,16,33,1,4,55,13,1,61,49,50,62,74,124
1,0,15,34,1,2,56,12,1,60,49,50,61,72,122
0,0,14,37,1,4,51,15,1,56,51,52,66,71,123
1,0,14,36,1,6,55,12,0,62,50,51,62,74,125
0,0,13,35,0,3,55,15,0,58,48,48,63,73,121
2,0,13,32,0,0,60,13,1,63,45,45,58,76,121
1,0,13,35,1,3,53,17,1,58,48,49,65,75,124
1,0,15,36,0,2,52,14,0,55,51,51,65,69,120
3,0,13,32,1,3,59,12,0,65,45,46,57,77,123
1,0,11,35,0,3,59,12,0,63,46,46,58,75,121
0,0,9,37,0,3,53,18,1,57,46,46,64,75,121
1,0,15,36,1,4,53,12,1,59,51,52,63,71,123
1,0,12,35,0,4,55,15,1,61,47,47,62,76,123
0,0,16,36,1,4,54,13,0,58,52,53,65,71,124
1,0,14,35,1,3,55,14,0,59,49,50,63,73,123
1,0,15,34,1,3,49,19,1,54,49,50,68,73,123
0,0,16,35,1,3,52,14,0,55,51,52,65,69,121
3,0,14,32,1,2,53,16,1,59,46,47,62,75,122
0,0,19,34,0,4,53,13,0,57,53,53,66,70,123
1,0,15,38,0,2,50,14,0,53,53,53,67,67,120
1,0,11,41,1,3,50,16,1,55,52,53,68,71,124
2,0,12,32,0,3,51,21,0,56,44,44,65,77,121
1,0,12,35,1,5,57,13,1,64,47,48,60,77,125
1,0,13,38,1,3,51,17,1,56,51,52,68,73,125
1,0,14,35,0,3,56,12,1,61,49,49,61,73,122
3,0,15,38,1,2,50,12,1,56,53,54,65,68,122
1,0,8,37,0,1,62,12,0,64,45,45,57,76,121
3,0,16,35,0,2,53,11,0,58,51,51,62,69,120
1,0,16,35,0,5,53,13,1,60,51,51,64,73,124
1,0,16,35,0,3,50,16,0,54,51,51,67,70,121
1,0,14,32,1,5,57,15,0,63,46,47,61,78,125
1,0,14,35,0,3,52,16,0,56,49,49,65,72,121
2,0,13,34,1,3,54,14,0,59,47,48,61,73,121
1,0,15,34,0,3,55,13,1,60,49,49,62,73,122
1,0,14,33,1,3,58,13,0,62,47,48,60,75,123
0,0,19,34,0,2,53,12,0,55,53,53,65,67,120
1,0,13,37,0,3,53,15,1,58,50,50,65,73,123
1,0,15,30,1,4,55,15,1,61,45,46,60,76,122
1,0,14,35,1,3,54,16,1,59,49,50,65,75,125
1,0,13,36,0,2,50,20,0,53,49,49,69,73,122
1,0,16,34,1,4,54,15,0,59,50,51,65,74,125
2,0,15,35,1,2,54,12,1,59,50,51,62,71,122
1,0,13,35,1,6,58,12,1,66,48,49,60,78,127
1,0,11,37,1,3,58,10,0,62,48,49,58,72,121
1,0,12,33,0,3,61,10,1,66,45,45,55,76,121
1,0,13,38,1,3,51,14,0,55,51,52,65,69,121
1,0,12,38,0,4,54,13,1,60,50,50,63,73,123
1,0,15,35,0,1,57,12,1,60,50,50,62,72,122
1,0,11,38,1,2,58,11,1,62,49,50,60,73,123
1,0,12,38,1,2,56,12,0,59,50,51,62,71,122
1,0,12,37,0,4,54,13,1,60,49,49,62,73,122
1,0,9,35,1,2,61,13,0,64,44,45,57,77,122
1,0,13,37,0,4,53,15,1,59,50,50,65,74,124
1,0,14,37,1,4,54,11,0,59,51,52,62,70,122
1,0,15,39,0,3,44,19,0,48,54,54,73,67,121
0,0,13,35,1,3,56,15,1,60,48,49,63,75,124
1,0,15,29,1,3,59,14,1,64,44,45,58,78,123
1,0,11,36,1,6,55,11,1,63,47,48,58,74,122
1,0,12,36,1,4,54,16,1,60,48,49,64,76,125
1,0,16,33,1,3,53,14,1,58,49,50,63,72,122
1,0,14,38,0,3,54,11,1,59,52,52,63,70,122
1,0,14,39,1,3,54,12,0,58,53,54,65,70,124
1,0,11,37,1,3,57,12,1,62,48,49,60,74,123
1,0,13,39,0,5,51,12,0,57,52,52,64,69,121
0,0,12,35,1,4,58,11,0,62,47,48,58,73,121
0,0,15,39,1,2,53,11,1,56,54,55,65,67,122
1,0,13,34,1,3,58,12,1,63,47,48,59,75,123
1,0,14,34,0,4,52,19,1,58,48,48,67,77,125
1,0,16,30,1,3,59,14,1,64,46,47,60,78,125
1,0,14,36,0,4,56,12,1,62,50,50,62,74,124
1,0,13,33,1,4,55,14,0,60,46,47,60,74,121
2,0,11,33,0,4,60,12,1,67,44,44,56,79,123
1,0,13,36,1,3,54,14,1,59,49,50,63,73,123
1,0,10,36,1,2,56,15,1,60,46,47,61,75,122
5,0,15,31,1,3,55,11,0,63,46,47,57,74,121
1,0,13,34,1,2,59,11,1,63,47,48,58,74,122
1,0,15,34,1,3,57,13,0,61,49,50,62,74,124
1,0,14,34,1,0,54,18,1,56,48,49,66,74,123
0,0,15,36,1,4,49,17,1,54,51,52,68,71,123
1,0,12,35,1,5,58,11,0,64,47,48,58,75,123
1,0,14,38,1,3,52,12,1,57,52,53,64,69,122
0,0,15,34,0,2,56,13,1,59,49,49,62,72,121
1,0,16,35,1,2,56,10,0,59,51,52,61,69,121
1,0,13,39,1,3,52,14,1,57,52,53,66,71,124
1,0,14,32,0,3,61,11,0,65,46,46,57,76,122
6,0,16,37,1,2,49,9,1,58,53,54,62,67,121
1,0,15,35,1,4,53,12,1,59,50,51,62,71,122
0,0,15,33,1,4,55,13,1,60,48,49,61,73,122
1,0,12,36,0,3,57,12,1,62,48,48,60,74,122
1,0,13,37,0,4,56,12,1,62,50,50,62,74,124
1,0,14,37,1,4,58,9,1,64,51,52,60,73,125
1,0,14,32,1,3,60,10,0,64,46,47,56,74,121
1,0,15,37,0,6,51,14,1,59,52,52,66,73,125
1,0,13,36,1,2,52,17,1,56,49,50,66,73,123
1,0,15,35,1,3,57,10,1,62,50,51,60,72,123
0,0,13,35,0,3,58,11,0,61,48,48,59,72,120
1,0,14,35,0,3,53,14,1,58,49,49,63,72,121
1,0,12,39,1,3,51,14,0,55,51,52,65,69,121
1,0,19,30,1,5,55,12,0,61,49,50,61,73,123
2,0,16,31,0,6,52,13,0,60,47,47,60,73,120
1,0,13,37,0,4,56,10,1,62,50,50,60,72,122
1,0,13,33,0,3,58,14,1,63,46,46,60,77,123
1,0,14,36,0,4,56,11,1,62,50,50,61,73,123
1,0,17,32,0,4,52,16,0,57,49,49,65,73,122
0,0,13,37,1,3,55,13,0,58,50,51,63,71,122
2,0,13,34,0,4,59,11,1,66,47,47,58,77,124
1,0,18,37,1,3,50,13,1,55,55,56,68,68,124
1,0,13,37,0,5,51,15,1,58,50,50,65,73,123
2,0,15,31,1,3,55,14,0,60,46,47,60,74,121
1,0,12,33,0,4,57,16,1,63,45,45,61,79,124
1,0,13,35,1,3,54,14,1,59,48,49,62,73,122
3,0,15,37,1,5,47,13,0,55,52,53,65,68,121
1,0,13,37,1,6,52,12,0,59,50,51,62,71,122
1,0,19,31,1,3,55,14,1,60,50,51,64,74,125
1,0,15,30,1,3,56,14,1,61,45,46,59,75,121
0,0,14,35,1,2,53,16,0,55,49,50,65,71,121
1,0,18,33,0,5,54,13,1,61,51,51,64,74,125
3,0,15,33,0,4,55,13,1,63,48,48,61,76,124
0,0,13,35,1,4,57,13,0,61,48,49,61,74,123
1,0,13,40,0,3,55,10,0,59,53,53,63,69,122
1,0,16,33,1,5,53,15,1,60,49,50,64,75,125
1,0,16,33,1,2,57,12,1,61,49,50,61,73,123
0,0,13,38,1,4,55,11,0,59,51,52,62,70,122
1,0,18,33,1,3,52,13,1,57,51,52,64,70,122
0,0,12,36,1,2,55,16,1,58,48,49,64,74,123
0,0,12,37,1,2,56,13,0,58,49,50,62,71,121
1,0,11,36,0,4,57,15,1,63,47,47,62,78,125
0,0,12,37,0,2,54,15,1,57,49,49,64,72,121
1,0,14,31,0,2,64,10,0,67,45,45,55,77,122
0,0,12,35,1,6,56,15,1,63,47,48,62,78,126
1,0,16,36,1,2,52,12,0,55,52,53,64,67,120
1,0,20,32,1,4,54,11,0,59,52,53,63,70,123
0,0,14,39,0,5,52,13,1,58,53,53,66,71,124
1,0,17,34,1,2,53,14,1,57,51,52,65,71,123
1,0,13,34,0,1,57,15,0,59,47,47,62,74,121
1,0,11,32,0,5,63,11,1,70,43,43,54,81,124
4,0,15,30,0,3,59,11,1,67,45,45,56,78,123
1,0,17,33,0,2,52,16,1,56,50,50,66,72,122
0,0,17,36,1,3,52,13,1,56,53,54,66,69,123
1,0,15,36,1,5,50,18,1,57,51,52,69,75,127
0,0,14,35,0,5,57,12,1,63,49,49,61,75,124
1,0,14,31,1,4,63,9,1,69,45,46,54,78,124
1,0,15,33,0,5,55,16,1,62,48,48,64,78,126
1,0,12,40,1,3,55,11,1,60,52,53,63,71,124
1,0,14,35,1,4,55,12,1,61,49,50,61,73,123
1,0,14,32,1,2,56,15,0,59,46,47,61,74,121
1,0,14,36,0,3,52,14,1,57,50,50,64,71,121
1,0,15,37,1,3,54,12,1,59,52,53,64,71,124
1,0,17,38,0,4,47,15,0,52,55,55,70,67,122
2,0,13,36,0,3,53,13,0,58,49,49,62,71,120
1,0,13,31,0,6,57,16,0,64,44,44,60,80,124
1,0,10,41,0,0,58,10,0,59,51,51,61,69,120
1,0,12,39,0,1,53,15,1,56,51,51,66,71,122
1,0,13,30,0,6,56,14,1,64,43,43,57,78,121
2,0,12,33,1,2,57,14,1,62,45,46,59,76,122
1,0,13,37,1,5,52,16,0,58,50,51,66,74,125
1,0,14,34,0,4,56,14,0,61,48,48,62,75,123
4,0,12,35,1,2,54,13,0,60,47,48,60,73,121
1,0,13,34,0,4,59,11,1,65,47,47,58,76,123
2,0,13,33,0,4,56,11,1,63,46,46,57,74,120
1,0,10,38,1,3,57,13,1,62,48,49,61,75,124
1,0,13,38,0,4,56,11,0,61,51,51,62,72,123
1,0,9,37,0,3,59,13,0,63,46,46,59,76,122
1,0,13,39,0,2,51,16,1,55,52,52,68,71,123
1,7,12,33,0,3,52,13,1,64,45,45,58,77,122
1,0,15,32,1,4,60,12,0,65,47,48,59,77,125
1,0,13,35,0,1,56,14,1,59,48,48,62,73,121
0,0,15,35,0,3,57,12,0,60,50,50,62,72,122
0,0,13,34,1,4,58,12,1,63,47,48,59,75,123
1,0,13,39,1,3,53,12,0,57,52,53,64,69,122
0,0,15,34,1,3,54,16,1,58,49,50,65,74,124
1,0,16,31,1,2,56,14,0,59,47,48,61,73,121
1,0,13,37,1,1,57,12,0,59,50,51,62,71,122
1,0,13,35,1,4,52,15,1,58,48,49,63,73,122
1,0,13,38,0,2,55,12,1,59,51,51,63,71,122
0,0,16,35,1,3,51,15,0,54,51,52,66,69,121
1,0,13,33,1,3,54,16,1,59,46,47,62,75,122
1,0,13,35,1,2,58,12,0,61,48,49,60,73,122
1,0,13,37,0,3,53,13,1,58,50,50,63,71,121
1,0,18,34,1,5,52,10,1,59,52,53,62,69,122
1,0,15,36,1,5,54,12,0,60,51,52,63,72,124
2,0,16,34,1,4,53,13,1,60,50,51,63,73,124
0,0,13,35,0,4,58,11,1,63,48,48,59,74,122
0,0,12,38,1,1,55,14,0,56,50,51,64,70,121
1,0,14,31,0,4,57,14,0,62,45,45,59,76,121
1,0,17,36,1,5,49,12,1,56,53,54,65,68,122
0,0,15,35,0,4,54,12,1,59,50,50,62,71,121
1,0,14,35,1,5,53,15,0,59,49,50,64,74,124
0,0,11,39,0,3,59,10,0,62,50,50,60,72,122
2,0,13,36,0,3,54,13,1,60,49,49,62,73,122
1,0,12,35,0,5,59,12,1,66,47,47,59,78,125
1,0,15,32,1,3,51,17,0,55,47,48,64,72,120
1,0,11,36,0,3,55,15,1,60,47,47,62,75,122
1,0,13,32,1,5,61,12,1,68,45,46,57,80,126
1,0,10,39,0,5,58,12,1,65,49,49,61,77,126
0,0,15,33,1,3,57,13,1,61,48,49,61,74,123
1,0,14,30,0,4,60,14,1,66,44,44,58,80,124
1,0,15,34,1,3,55,14,0,59,49,50,63,73,123
0,0,17,34,1,4,56,12,1,61,51,52,63,73,125
1,0,15,30,0,4,58,14,0,63,45,45,59,77,122
1,0,10,37,1,3,54,17,1,59,47,48,64,76,124
1,0,15,36,1,3,55,11,1,60,51,52,62,71,123
1,0,13,39,1,2,52,14,0,55,52,53,66,69,122
1,0,11,35,1,3,60,10,0,64,46,47,56,74,121
1,0,15,32,2,3,57,11,1,62,47,49,58,73,122
1,0,14,40,0,4,49,15,1,55,54,54,69,70,124
1,0,15,33,1,4,57,12,1,63,48,49,60,75,124
0,0,15,30,1,2,61,13,1,64,45,46,58,77,123
0,0,14,36,0,4,54,15,1,59,50,50,65,74,124
1,0,16,37,0,2,50,15,1,54,53,53,68,69,122
1,0,16,38,1,3,50,11,1,55,54,55,65,66,121
0,0,14,36,1,5,50,17,1,56,50,51,67,73,124
1,0,15,33,0,5,54,12,1,61,48,48,60,73,121
2,0,13,34,1,3,54,14,1,60,47,48,61,74,122
0,0,13,36,1,4,51,18,0,55,49,50,67,73,123
1,0,13,34,1,4,52,15,0,57,47,48,62,72,120
0,0,16,39,0,3,49,15,0,52,55,55,70,67,122
1,0,12,36,0,3,55,15,0,59,48,48,63,74,122
3,0,16,29,1,5,56,14,1,65,45,46,59,79,125
1,0,10,43,0,2,51,15,1,55,53,53,68,70,123
0,0,11,37,0,5,56,11,0,61,48,48,59,72,120
1,0,13,35,0,4,56,12,2,63,48,48,60,75,123
1,0,14,37,0,2,52,16,1,56,51,51,67,72,123
1,0,12,39,1,4,51,16,0,56,51,52,67,72,124
1,0,11,38,1,2,56,12,0,59,49,50,61,71,121
1,0,11,36,1,4,55,14,1,61,47,48,61,75,123
1,0,15,35,0,5,55,13,1,62,50,50,63,75,125
1,0,14,33,1,4,56,13,1,62,47,48,60,75,123
1,0,16,34,0,3,52,17,1,57,50,50,67,74,124
0,0,15,37,1,2,52,15,1,55,52,53,67,70,123
1,0,13,37,1,4,54,13,1,60,50,51,63,73,124
1,0,11,36,0,6,60,11,0,67,47,47,58,78,125
2,0,12,41,0,5,53,11,0,60,53,53,64,71,124
1,0,11,38,1,3,59,11,1,64,49,50,60,75,125
1,0,15,35,0,5,54,13,1,61,50,50,63,74,124
1,0,14,31,1,3,58,15,1,63,45,46,60,78,124
1,0,13,34,1,5,57,14,1,64,47,48,61,78,126
1,0,12,37,1,3,49,19,1,54,49,50,68,73,123
1,0,12,36,1,1,56,14,1,59,48,49,62,73,122
1,0,11,38,1,4,56,11,1,62,49,50,60,73,123
1,0,14,36,0,3,54,13,0,58,50,50,63,71,121
0,0,14,36,1,2,57,12,1,60,50,51,62,72,123
1,0,12,37,0,3,52,15,0,56,49,49,64,71,120
3,0,16,34,1,4,49,15,1,57,50,51,65,72,123
1,0,17,36,1,3,52,14,1,57,53,54,67,71,125
1,0,14,36,1,4,51,17,1,57,50,51,67,74,125
1,0,14,38,0,4,54,13,1,60,52,52,65,73,125
1,0,13,37,0,3,56,12,0,60,50,50,62,72,122
1,0,11,37,0,4,54,14,0,59,48,48,62,73,121
0,0,11,40,0,3,51,14,1,55,51,51,65,69,120
1,0,16,39,1,3,53,10,1,58,55,56,65,68,124
1,0,13,39,0,3,56,10,1,61,52,52,62,71,123
1,0,18,30,0,4,49,21,0,54,48,48,69,75,123
3,0,13,32,0,3,57,14,1,64,45,45,59,78,123
1,0,13,37,0,1,56,13,1,59,50,50,63,72,122
1,0,14,37,1,2,55,11,1,59,51,52,62,70,122
0,0,15,34,0,4,60,10,0,64,49,49,59,74,123
1,0,12,39,1,3,56,10,1,61,51,52,61,71,123
1,0,13,38,1,2,54,14,1,58,51,52,65,72,124
1,0,13,39,1,5,52,14,1,59,52,53,66,73,126
2,0,15,32,1,1,57,13,1,61,47,48,60,74,122
1,0,16,32,0,3,58,13,0,62,48,48,61,75,123
1,0,18,36,0,0,49,17,1,51,54,54,71,68,122
0,0,12,38,0,3,55,12,1,59,50,50,62,71,121
1,0,15,34,1,2,55,14,1,59,49,50,63,73,123
1,0,13,38,0,3,56,12,1,61,51,51,63,73,124
0,0,14,36,1,4,57,11,0,61,50,51,61,72,123
1,0,12,38,0,3,53,13,1,58,50,50,63,71,121
1,0,14,39,1,3,55,10,1,60,53,54,63,70,124
3,0,12,34,0,4,56,14,1,64,46,46,60,78,124
1,0,12,38,0,2,55,12,0,58,50,50,62,70,120
1,0,18,36,0,2,50,11,2,55,54,54,65,66,120
0,0,14,40,0,2,51,14,1,54,54,54,68,68,122
1,0,13,41,0,3,51,11,1,56,54,54,65,67,121
1,0,13,38,1,2,54,12,0,57,51,52,63,69,121
1,0,15,35,1,2,53,14,1,57,50,51,64,71,122
1,0,13,34,1,2,61,11,0,64,47,48,58,75,123
0,0,13,38,0,2,51,17,1,54,51,51,68,71,122
6,0,15,33,0,3,51,12,1,61,48,48,60,73,121
1,0,14,36,0,2,52,17,1,56,50,50,67,73,123
0,0,13,37,1,4,55,11,1,60,50,51,61,71,122
0,0,13,33,0,2,58,14,0,60,46,46,60,74,120
0,0,13,35,0,4,59,12,1,64,48,48,60,76,124
1,0,13,37,0,3,55,12,1,60,50,50,62,72,122
2,0,14,32,1,3,58,12,1,64,46,47,58,76,123
1,0,13,35,1,4,55,14,0,60,48,49,62,74,123
1,0,13,40,0,4,52,13,0,57,53,53,66,70,123
1,0,10,33,1,3,58,16,0,62,43,44,59,78,122
2,0,17,35,0,4,49,14,1,56,52,52,66,70,122
1,0,12,40,1,2,54,13,0,57,52,53,65,70,123
1,0,16,34,0,5,55,10,0,61,50,50,60,71,121
1,0,13,37,1,3,51,16,1,56,50,51,66,72,123
0,0,17,35,1,2,51,15,1,54,52,53,67,69,122
1,0,14,34,1,2,59,10,0,62,48,49,58,72,121
1,0,9,41,0,2,54,13,0,57,50,50,63,70,120
1,0,12,43,1,3,48,13,1,53,55,56,68,66,122
0,0,13,37,1,6,54,14,1,61,50,51,64,75,126
1,0,12,37,1,4,56,13,0,61,49,50,62,74,124
1,0,12,38,0,1,56,12,1,59,50,50,62,71,121
2,0,12,36,0,4,56,12,0,62,48,48,60,74,122
1,0,16,36,1,3,53,13,1,58,52,53,65,71,124
1,0,13,35,0,2,57,12,0,60,48,48,60,72,120
1,0,15,38,1,3,53,12,0,57,53,54,65,69,123
0,0,14,39,0,3,53,11,1,57,53,53,64,68,121
0,0,14,37,0,2,53,14,0,55,51,51,65,69,120
0,0,14,34,0,3,54,16,0,57,48,48,64,73,121
1,0,18,30,1,4,53,16,0,58,48,49,64,74,123
0,0,16,35,0,4,54,12,0,58,51,51,63,70,121
1,0,16,33,0,5,48,17,1,55,49,49,66,72,121
1,0,15,33,1,2,56,15,1,60,48,49,63,75,124
2,0,13,35,1,3,56,13,1,62,48,49,61,75,124
1,0,14,38,0,2,51,15,0,54,52,52,67,69,121
1,0,13,36,0,3,56,12,0,60,49,49,61,72,121
1,0,15,34,1,3,55,13,1,60,49,50,62,73,123
0,0,14,35,1,2,57,12,0,59,49,50,61,71,121
1,0,14,37,1,3,53,13,0,57,51,52,64,70,122
0,0,16,33,1,3,58,11,1,62,49,50,60,73,123
0,0,12,36,0,4,53,16,1,58,48,48,64,74,122
0,0,14,35,0,3,54,16,1,58,49,49,65,74,123
0,0,16,37,0,2,53,13,0,55,53,53,66,68,121
0,0,12,35,0,2,50,21,1,53,47,47,68,74,121
0,0,15,31,1,3,55,16,0,58,46,47,62,74,121
0,0,17,38,0,5,50,10,0,55,55,55,65,65,120
1,0,14,36,1,2,53,13,1,57,50,51,63,70,121
1,0,12,36,0,6,55,14,1,63,48,48,62,77,125
0,0,14,38,1,4,49,17,0,53,52,53,69,70,123
1,0,15,34,1,4,55,12,1,61,49,50,61,73,123
0,0,12,37,1,3,54,14,1,58,49,50,63,72,122
1,0,14,31,0,3,58,13,0,62,45,45,58,75,120
2,0,13,36,1,2,54,13,1,59,49,50,62,72,122
1,0,15,34,1,2,53,16,1,57,49,50,65,73,123
1,0,12,35,0,3,56,14,0,60,47,47,61,74,121
1,0,18,34,0,5,51,14,1,58,52,52,66,72,124
2,0,15,36,1,3,54,10,1,60,51,52,61,70,122
1,0,14,39,1,2,54,11,1,58,53,54,64,69,123
0,0,13,36,1,4,54,15,1,59,49,50,64,74,124
2,0,13,36,1,4,52,15,1,59,49,50,64,74,124
1,0,14,36,0,3,51,17,0,55,50,50,67,72,122
1,0,15,33,0,2,55,14,0,58,48,48,62,72,120
1,0,13,36,0,3,59,10,1,64,49,49,59,74,123
1,0,10,41,0,0,53,16,0,54,51,51,67,70,121
0,0,19,35,1,4,53,10,0,57,54,55,64,67,122
1,0,15,32,0,3,62,10,1,67,47,47,57,77,124
1,0,13,35,0,3,57,13,1,62,48,48,61,75,123
1,0,15,33,0,5,56,11,0,62,48,48,59,73,121
1,0,17,33,0,4,52,13,0,57,50,50,63,70,120
0,0,18,35,1,3,53,12,1,57,53,54,65,69,123
2,0,10,36,1,4,56,13,1,63,46,47,59,76,123
1,0,14,33,1,2,54,15,1,58,47,48,62,73,121
1,0,12,36,1,4,54,14,1,60,48,49,62,74,123
1,0,13,34,0,3,59,12,0,63,47,47,59,75,122
1,0,19,30,1,3,55,12,1,60,49,50,61,72,122
1,0,13,37,1,4,53,13,1,59,50,51,63,72,123
1,0,12,34,0,3,59,12,1,64,46,46,58,76,122
1,0,14,34,0,4,55,16,1,61,48,48,64,77,125
1,0,12,40,0,3,53,12,0,57,52,52,64,69,121
1,0,16,35,0,2,53,14,1,57,51,51,65,71,122
1,0,15,32,1,3,55,15,0,59,47,48,62,74,122
1,0,16,36,0,3,51,15,1,56,52,52,67,71,123
1,0,13,37,0,4,56,12,0,61,50,50,62,73,123
1,0,15,35,1,4,53,14,1,59,50,51,64,73,124
1,0,17,33,1,3,54,13,1,59,50,51,63,72,123
1,0,13,35,1,2,54,15,1,58,48,49,63,73,122
0,0,14,33,0,3,56,14,1,60,47,47,61,74,121
1,0,14,38,0,5,51,14,1,58,52,52,66,72,124
1,0,15,33,0,3,57,14,1,62,48,48,62,76,124
1,0,16,36,1,3,53,12,0,57,52,53,64,69,122
1,0,17,36,0,3,51,14,1,56,53,53,67,70,123
1,0,17,31,1,2,53,18,1,57,48,49,66,75,124
1,0,16,37,0,2,56,10,0,59,53,53,63,69,122
1,0,13,37,1,3,55,12,1,60,50,51,62,72,123
1,0,14,32,1,3,56,16,0,60,46,47,62,76,123
2,0,12,34,1,5,56,13,1,64,46,47,59,77,124
1,0,14,33,1,2,59,11,1,63,47,48,58,74,122
1,0,15,34,0,2,57,12,1,61,49,49,61,73,122
1,0,12,32,0,3,63,11,1,68,44,44,55,79,123
0,0,16,30,0,3,59,12,1,63,46,46,58,75,121
1,0,12,36,1,2,58,12,0,61,48,49,60,73,122
1,0,13,37,1,3,50,15,0,54,50,51,65,69,120
1,0,14,34,0,3,54,15,1,59,48,48,63,74,122
1,0,16,35,1,2,54,13,1,58,51,52,64,71,123
1,0,16,31,0,2,58,13,0,61,47,47,60,74,121
1,0,15,33,1,4,56,13,0,61,48,49,61,74,123
1,0,17,35,0,2,52,14,0,55,52,52,66,69,121
3,0,14,32,0,2,56,14,0,61,46,46,60,75,121
0,0,12,33,1,4,57,17,1,62,45,46,62,79,125
2,0,14,37,0,2,51,15,0,55,51,51,66,70,121
1,0,11,35,0,3,60,10,1,65,46,46,56,75,121
0,0,13,35,1,2,58,13,1,61,48,49,61,74,123
1,0,15,34,0,3,56,11,1,61,49,49,60,72,121
2,0,14,34,1,2,53,13,2,59,48,49,61,72,121
1,0,16,36,0,2,57,9,0,60,52,52,61,69,121
1,0,14,36,0,2,55,13,0,58,50,50,63,71,121
1,0,12,37,1,2,55,15,1,59,49,50,64,74,124
0,0,16,34,0,3,56,12,1,60,50,50,62,72,122
1,0,19,31,1,5,52,15,1,59,50,51,65,74,125
2,0,12,39,0,2,52,13,0,56,51,51,64,69,120
1,0,15,37,1,5,52,15,1,59,52,53,67,74,127
1,0,12,36,1,4,56,14,1,62,48,49,62,76,125
1,0,17,34,0,3,52,15,0,56,51,51,66,71,122
6,0,13,36,1,4,54,9,1,65,49,50,58,74,124
1,0,11,35,1,4,58,14,1,64,46,47,60,78,125
1,0,13,37,0,1,59,10,0,61,50,50,60,71,121
0,0,14,35,0,3,58,11,1,62,49,49,60,73,122
2,0,14,35,0,2,52,15,1,57,49,49,64,72,121
0,0,12,37,1,4,56,13,0,60,49,50,62,73,123
1,0,15,35,1,4,54,14,1,60,50,51,64,74,125
1,0,12,37,0,3,56,10,1,61,49,49,59,71,120
1,0,13,38,1,4,54,11,1,60,51,52,62,71,123
1,0,14,32,0,2,58,12,1,62,46,46,58,74,120
1,0,15,37,0,5,54,12,1,61,52,52,64,73,125
0,0,13,35,0,4,59,11,1,64,48,48,59,75,123
1,0,14,37,1,5,54,13,0,60,51,52,64,73,125
1,0,17,38,1,3,50,13,0,54,55,56,68,67,123
1,0,17,34,1,3,52,14,0,56,51,52,65,70,122
0,0,14,35,0,4,50,16,1,55,49,49,65,71,120
3,0,13,37,1,4,48,16,1,56,50,51,66,72,123
1,0,13,36,1,3,54,13,0,58,49,50,62,71,121
1,0,15,35,0,5,54,12,1,61,50,50,62,73,123
0,0,14,34,1,3,54,16,0,57,48,49,64,73,122
2,0,13,32,1,3,57,14,1,63,45,46,59,77,123
1,0,16,34,1,3,54,14,1,59,50,51,64,73,124
1,0,13,37,0,3,55,12,0,59,50,50,62,71,121
1,0,14,35,0,3,56,12,1,61,49,49,61,73,122
2,0,17,32,1,4,54,11,1,61,49,50,60,72,122
0,0,13,34,1,2,56,13,1,59,47,48,60,72,120
1,0,13,33,0,5,53,18,1,60,46,46,64,78,124
1,0,15,37,0,2,51,14,0,54,52,52,66,68,120
0,0,12,36,0,4,56,12,0,60,48,48,60,72,120
1,0,16,35,1,4,54,13,0,59,51,52,64,72,124
1,0,12,36,0,2,58,12,1,62,48,48,60,74,122
1,0,14,36,0,2,54,15,1,58,50,50,65,73,123
2,0,12,34,1,2,59,11,1,64,46,47,57,75,122
1,0,18,33,0,4,52,13,1,58,51,51,64,71,122
1,0,11,38,0,5,55,15,1,62,49,49,64,77,126
1,0,14,36,1,3,52,16,1,57,50,51,66,73,124
1,0,15,29,0,2,59,16,0,62,44,44,60,78,122
1,0,12,35,0,6,57,14,1,65,47,47,61,79,126
1,0,19,31,1,3,52,15,1,57,50,51,65,72,123
1,0,16,33,1,3,56,12,1,61,49,50,61,73,123
1,0,13,38,1,4,54,13,0,59,51,52,64,72,124
2,0,14,32,1,3,60,10,1,66,46,47,56,76,123
0,0,13,37,0,3,56,13,1,60,50,50,63,73,123
0,0,16,36,0,5,54,12,0,59,52,52,64,71,123
0,0,12,33,0,4,59,12,0,63,45,45,57,75,120
1,0,14,35,1,5,55,14,1,62,49,50,63,76,126
1,0,16,29,0,3,58,15,0,62,45,45,60,77,122
1,0,15,35,0,2,55,12,0,58,50,50,62,70,120
1,0,12,36,1,2,57,14,1,61,48,49,62,75,124
0,0,15,40,0,5,51,13,1,57,55,55,68,70,125
2,0,15,36,0,2,52,13,0,56,51,51,64,69,120
2,0,11,33,1,2,58,15,1,63,44,45,59,78,123
1,0,11,34,0,3,57,14,1,62,45,45,59,76,121
1,0,13,36,1,2,58,10,1,62,49,50,59,72,122
1,0,14,33,1,3,58,12,1,63,47,48,59,75,123
2,0,11,34,0,3,58,14,1,64,45,45,59,78,123
1,0,16,32,1,4,53,15,1,59,48,49,63,74,123
1,0,14,35,0,3,55,14,0,59,49,49,63,73,122
1,0,13,38,1,3,55,13,1,60,51,52,64,73,125
2,0,11,35,1,4,54,14,1,61,46,47,60,75,122
3,0,15,37,1,1,53,10,1,58,52,53,62,68,121
0,0,14,32,0,3,55,16,1,59,46,46,62,75,121
1,0,14,33,0,2,56,14,0,59,47,47,61,73,120
1,0,13,36,0,2,56,12,1,60,49,49,61,72,121
0,0,13,38,0,3,55,13,0,58,51,51,64,71,122
0,0,12,37,1,4,55,14,0,59,49,50,63,73,123
0,0,10,38,0,3,60,11,0,63,48,48,59,74,122
0,0,12,39,1,2,55,12,0,57,51,52,63,69,121
1,0,16,36,1,2,54,12,1,58,52,53,64,70,123
0,0,15,37,1,4,56,11,0,60,52,53,63,71,124
1,0,12,33,1,3,62,11,1,67,45,46,56,78,124
1,0,17,33,0,4,53,14,1,59,50,50,64,73,123
0,0,15,34,0,2,58,11,1,61,49,49,60,72,121
1,0,16,33,1,2,53,15,1,57,49,50,64,72,122
1,0,12,38,0,5,54,13,0,60,50,50,63,73,123
1,0,14,33,0,4,57,10,2,64,47,47,57,74,121
1,0,17,33,0,3,55,14,1,60,50,50,64,74,124
1,0,11,37,0,5,54,15,0,60,48,48,63,75,123
1,0,12,37,0,1,56,13,1,59,49,49,62,72,121
1,0,11,38,0,3,55,14,1,60,49,49,63,74,123
0,0,16,36,1,3,53,13,1,57,52,53,65,70,123
1,0,13,34,0,5,59,12,1,66,47,47,59,78,125
0,0,11,40,1,3,56,11,0,59,51,52,62,70,122
2,0,17,33,1,5,54,12,0,61,50,51,62,73,124
1,0,13,35,1,3,56,14,0,60,48,49,62,74,123
1,0,12,37,0,2,52,16,0,55,49,49,65,71,120
2,0,15,33,0,2,54,14,1,59,48,48,62,73,121
1,0,13,35,0,3,55,15,1,60,48,48,63,75,123
1,0,13,39,1,3,50,15,0,54,52,53,67,69,122
1,0,16,36,0,3,53,13,0,57,52,52,65,70,122
2,0,12,38,0,3,52,14,1,58,50,50,64,72,122
1,0,14,39,1,2,52,13,1,56,53,54,66,69,123
1,0,17,33,1,3,56,11,1,61,50,51,61,72,123
1,0,13,33,1,2,57,14,0,60,46,47,60,74,121
1,0,14,37,0,4,56,12,0,61,51,51,63,73,124
1,0,15,36,0,2,55,12,1,59,51,51,63,71,122
1,0,14,30,1,3,58,14,0,62,44,45,58,76,121
1,0,16,38,1,4,51,12,0,56,54,55,66,68,123
2,0,12,33,1,3,59,13,0,64,45,46,58,77,123
1,0,16,37,1,2,50,15,0,53,53,54,68,68,122
1,0,12,35,0,5,58,12,0,64,47,47,59,76,123
1,0,11,36,1,4,53,16,1,59,47,48,63,75,123
1,0,14,35,1,4,56,13,1,62,49,50,62,75,125
2,0,13,35,0,3,54,14,0,59,48,48,62,73,121
0,0,11,37,0,3,59,12,0,62,48,48,60,74,122
2,0,12,34,1,1,59,12,0,62,46,47,58,74,121
1,0,15,34,1,4,51,18,0,56,49,50,67,74,124
3,0,14,36,1,4,51,12,1,59,50,51,62,71,122
1,0,16,34,1,4,55,13,0,60,50,51,63,73,124
1,0,13,37,0,3,56,11,1,61,50,50,61,72,122
1,0,13,39,0,5,53,14,1,60,52,52,66,74,126
1,0,16,31,1,3,55,15,0,59,47,48,62,74,122
2,0,12,36,1,2,56,12,1,61,48,49,60,73,122
1,0,16,33,1,3,58,12,0,62,49,50,61,74,124
1,8,16,29,1,4,50,14,1,64,45,46,59,78,124
2,0,14,32,1,3,57,13,0,62,46,47,59,75,122
0,0,13,35,1,3,53,16,1,57,48,49,64,73,122
1,0,13,35,0,2,53,16,1,57,48,48,64,73,121
1,0,16,32,1,3,52,18,0,56,48,49,66,74,123
1,0,13,35,1,3,58,13,1,63,48,49,61,76,125
1,0,15,33,1,3,52,16,1,57,48,49,64,73,122
1,0,16,34,1,3,59,9,1,64,50,51,59,73,124
1,0,13,40,1,1,51,15,1,54,53,54,68,69,123
1,0,13,37,1,3,58,9,1,63,50,51,59,72,123
1,0,14,34,1,5,56,13,1,63,48,49,61,76,125
1,0,9,38,1,3,57,13,0,61,47,48,60,74,122
2,0,10,33,0,2,61,12,1,66,43,43,55,78,121
1,0,14,34,1,2,53,18,0,56,48,49,66,74,123
2,0,15,37,1,3,47,17,1,53,52,53,69,70,123
1,0,17,30,1,1,61,11,1,64,47,48,58,75,123
1,0,13,35,1,2,56,13,1,60,48,49,61,73,122
1,0,14,33,0,3,57,14,0,61,47,47,61,75,122
1,0,13,31,0,2,58,16,1,62,44,44,60,78,122
1,0,12,36,0,3,57,10,1,62,48,48,58,72,120
1,0,11,30,1,4,61,16,1,67,41,42,57,83,125
1,0,11,36,1,2,56,14,1,60,47,48,61,74,122
1,0,13,43,0,0,50,14,1,52,56,56,70,66,122
1,0,13,32,1,2,60,13,1,64,45,46,58,77,123
1,0,13,34,0,2,55,16,0,58,47,47,63,74,121
1,0,15,36,1,2,48,19,0,51,51,52,70,70,122
4,0,15,37,0,4,48,14,1,57,52,52,66,71,123
0,0,15,34,0,3,60,9,0,63,49,49,58,72,121
1,0,13,37,1,4,51,18,1,57,50,51,68,75,126
1,0,14,41,0,0,53,11,1,55,55,55,66,66,121
1,0,13,36,0,4,59,9,1,65,49,49,58,74,123
1,0,16,34,1,4,53,15,0,58,50,51,65,73,124
2,0,14,34,1,4,55,14,1,62,48,49,62,76,125
1,0,12,36,0,3,59,11,1,64,48,48,59,75,123
1,0,15,30,0,3,57,15,0,61,45,45,60,76,121
1,0,13,35,0,2,51,20,1,55,48,48,68,75,123
0,0,11,39,1,3,55,12,1,59,50,51,62,71,122
1,0,12,33,1,4,57,16,1,63,45,46,61,79,125
1,0,15,30,0,5,58,11,1,65,45,45,56,76,121
1,0,16,34,1,2,54,14,1,58,50,51,64,72,123
1,0,12,35,1,4,56,13,1,62,47,48,60,75,123
1,0,16,32,0,3,54,15,1,59,48,48,63,74,122
1,0,16,34,1,3,53,14,1,58,50,51,64,72,123
1,0,15,38,1,5,52,14,0,58,53,54,67,72,126
1,0,14,33,1,5,55,14,1,62,47,48,61,76,124
0,0,12,38,0,2,56,12,0,58,50,50,62,70,120
1,0,14,35,0,6,55,13,0,62,49,49,62,75,124
0,0,14,38,0,4,46,21,0,50,52,52,73,71,123
1,0,13,34,0,4,56,13,1,62,47,47,60,75,122
0,0,15,36,1,3,56,12,1,60,51,52,63,72,124
1,0,13,29,0,3,60,14,1,65,42,42,56,79,121
1,0,16,33,1,4,52,14,2,59,49,50,63,73,123
1,0,13,34,1,3,60,10,1,65,47,48,57,75,123
1,0,17,33,1,3,55,13,0,59,50,51,63,72,123
1,0,15,34,0,4,55,14,0,60,49,49,63,74,123
1,0,14,37,0,3,55,12,0,59,51,51,63,71,122
1,0,11,38,0,5,56,14,1,63,49,49,63,77,126
1,0,16,34,1,3,52,14,0,56,50,51,64,70,121
1,0,13,40,0,3,51,13,0,55,53,53,66,68,121
1,0,14,37,0,2,52,15,1,56,51,51,66,71,122
0,0,17,36,1,2,54,11,1,57,53,54,64,68,122
0,0,14,37,0,4,54,14,1,59,51,51,65,73,124
1,0,14,33,0,4,56,14,1,62,47,47,61,76,123
2,0,14,39,1,2,51,12,0,55,53,54,65,67,121
0,0,15,38,0,3,50,16,1,54,53,53,69,70,123
0,0,14,36,1,2,56,12,0,58,50,51,62,70,121
0,0,17,32,1,4,56,11,0,60,49,50,60,71,121
1,0,12,35,0,2,55,16,1,59,47,47,63,75,122
1,0,14,40,1,4,50,13,0,55,54,55,67,68,123
1,0,13,36,0,3,53,15,1,58,49,49,64,73,122
1,0,12,37,1,3,52,16,0,56,49,50,65,72,122
1,0,16,34,1,4,55,11,2,62,50,51,61,73,124
1,0,13,40,1,5,51,14,1,58,53,54,67,72,126
1,0,13,34,1,4,53,15,1,59,47,48,62,74,122
1,0,14,31,2,4,56,14,1,62,45,47,59,76,123
1,0,15,32,1,4,58,12,1,64,47,48,59,76,124
2,0,16,36,1,4,51,13,0,57,52,53,65,70,123
3,0,11,34,1,4,57,12,1,65,45,46,57,77,123
1,0,16,34,0,3,55,13,1,60,50,50,63,73,123
1,0,15,31,1,4,58,13,1,64,46,47,59,77,124
1,0,11,35,1,4,58,11,1,64,46,47,57,75,122
1,0,14,33,1,4,52,19,0,57,47,48,66,76,124
2,0,15,36,2,3,52,11,1,58,51,53,62,69,122
1,0,12,39,1,2,52,16,0,55,51,52,67,71,123
2,0,14,32,0,0,59,13,1,62,46,46,59,75,121
3,0,13,34,0,1,57,12,1,62,47,47,59,74,121
1,0,16,34,1,3,51,15,1,56,50,51,65,71,122
2,0,12,34,1,3,58,13,0,63,46,47,59,76,123
1,0,15,35,0,3,53,15,1,58,50,50,65,73,123
0,0,15,40,0,2,51,12,1,54,55,55,67,66,121
1,0,17,32,1,3,57,10,1,62,49,50,59,72,122
2,0,10,33,0,4,57,14,1,64,43,43,57,78,121
0,0,14,38,0,4,51,13,0,55,52,52,65,68,120
0,0,16,32,0,1,58,13,0,59,48,48,61,72,120
1,0,16,36,1,2,52,13,0,55,52,53,65,68,121
0,0,12,35,0,3,58,13,1,62,47,47,60,75,122
0,0,13,41,0,3,51,14,0,54,54,54,68,68,122
1,0,15,38,1,2,51,15,1,55,53,54,68,70,124
0,0,12,39,1,2,51,15,1,54,51,52,66,69,121
1,0,18,31,1,3,55,15,1,60,49,50,64,75,125
1,0,12,37,1,2,55,14,1,59,49,50,63,73,123
0,0,17,35,0,3,52,13,1,56,52,52,65,69,121
1,0,12,35,0,4,55,15,1,61,47,47,62,76,123
0,0,12,36,1,3,58,12,1,62,48,49,60,74,123
2,0,16,32,0,3,58,10,0,63,48,48,58,73,121
1,0,13,39,0,2,53,12,1,57,52,52,64,69,121
0,0,11,35,1,2,60,12,0,62,46,47,58,74,121
1,0,15,34,1,3,58,11,1,63,49,50,60,74,124
1,0,14,36,1,3,54,13,1,59,50,51,63,72,123
1,0,13,34,1,2,58,12,0,61,47,48,59,73,121
3,0,15,32,0,4,55,12,1,63,47,47,59,75,122
1,0,14,34,1,2,55,14,1,59,48,49,62,73,122
1,0,12,36,0,2,58,12,0,61,48,48,60,73,121
1,0,12,36,1,1,54,16,0,56,48,49,64,72,121
1,0,14,38,0,4,51,14,1,57,52,52,66,71,123
1,0,15,37,0,2,52,13,0,55,52,52,65,68,120
1,0,14,32,0,3,56,14,0,60,46,46,60,74,120
1,0,12,35,1,4,55,15,1,61,47,48,62,76,124
0,0,13,36,0,3,53,15,0,56,49,49,64,71,120
1,0,11,37,0,4,54,13,1,60,48,48,61,73,121
1,0,18,35,0,2,52,11,1,56,53,53,64,67,120
1,0,14,38,0,2,56,10,0,59,52,52,62,69,121
1,0,18,34,0,3,55,10,1,60,52,52,62,70,122
1,0,14,35,1,4,57,11,0,62,49,50,60,73,123
0,0,12,38,1,4,52,15,1,57,50,51,65,72,123
0,0,16,34,0,2,54,14,1,57,50,50,64,71,121
0,0,15,36,1,4,55,13,0,59,51,52,64,72,124
2,0,19,32,1,4,52,11,1,59,51,52,62,70,122
2,0,16,36,1,3,50,14,1,56,52,53,66,70,123
0,0,12,37,0,4,52,15,1,57,49,49,64,72,121
1,0,12,38,0,3,58,10,1,63,50,50,60,73,123
1,0,14,36,0,2,53,14,1,57,50,50,64,71,121
0,0,12,37,0,4,53,16,1,58,49,49,65,74,123
1,0,15,36,0,2,54,14,0,57,51,51,65,71,122
1,0,15,34,0,0,55,15,1,57,49,49,64,72,121
1,0,9,36,0,5,59,13,0,65,45,45,58,78,123
1,0,13,34,1,2,57,14,1,61,47,48,61,75,123
1,0,15,35,0,4,52,16,0,57,50,50,66,73,123
0,0,12,41,0,3,54,12,1,58,53,53,65,70,123
1,0,17,30,1,4,61,11,0,66,47,48,58,77,125
0,0,12,36,0,4,59,11,1,64,48,48,59,75,123
2,0,14,33,0,3,60,10,0,65,47,47,57,75,122
0,0,13,37,1,4,55,10,1,60,50,51,60,70,121
1,0,18,32,0,5,55,12,0,61,50,50,62,73,123
1,0,13,31,0,3,56,16,0,60,44,44,60,76,120
0,0,16,38,0,3,50,13,0,53,54,54,67,66,120
1,0,14,35,0,3,55,12,0,59,49,49,61,71,120
0,0,15,35,1,2,55,14,0,57,50,51,64,71,122
0,0,13,38,0,4,55,13,0,59,51,51,64,72,123
3,0,13,35,0,3,54,14,1,61,48,48,62,75,123
1,0,14,40,0,4,53,9,0,58,54,54,63,67,121
2,0,12,40,1,4,50,14,0,56,52,53,66,70,123
1,0,15,31,1,4,54,16,1,60,46,47,62,76,123
2,0,14,35,0,4,54,12,0,60,49,49,61,72,121
1,0,12,39,0,3,49,18,1,54,51,51,69,72,123
0,0,13,37,1,2,54,14,0,56,50,51,64,70,121
1,0,10,37,0,0,60,13,1,62,47,47,60,75,122
1,0,16,38,1,2,48,16,0,51,54,55,70,67,122
1,0,10,37,0,2,59,12,1,63,47,47,59,75,122
1,0,16,35,1,3,54,10,1,59,51,52,61,69,121
1,0,12,37,1,4,54,16,0,59,49,50,65,75,125
4,0,11,34,1,4,57,10,1,66,45,46,55,76,122
1,0,18,33,0,3,53,13,1,58,51,51,64,71,122
1,0,18,32,1,2,52,15,0,55,50,51,65,70,121
0,0,13,38,1,3,54,12,1,58,51,52,63,70,122
1,0,14,34,1,2,55,14,0,58,48,49,62,72,121
0,0,15,35,1,3,56,10,1,60,50,51,60,70,121
2,0,15,32,1,4,56,10,1,63,47,48,57,73,121
1,0,16,37,1,2,51,14,1,55,53,54,67,69,123
0,0,12,37,1,3,55,15,1,59,49,50,64,74,124
0,0,11,34,1,3,59,13,1,63,45,46,58,76,122
1,0,12,37,0,3,55,15,1,60,49,49,64,75,124
1,0,13,37,0,4,57,11,0,62,50,50,61,73,123
1,0,13,36,0,1,56,13,1,59,49,49,62,72,121
0,0,15,36,0,2,50,17,0,52,51,51,68,69,120
1,0,11,37,0,0,60,11,1,62,48,48,59,73,121
1,0,11,38,0,3,57,12,1,62,49,49,61,74,123
1,0,14,38,1,4,55,11,1,61,52,53,63,72,125
1,0,16,36,1,3,50,16,1,55,52,53,68,71,124
0,0,13,39,0,5,53,13,0,58,52,52,65,71,123
0,0,14,36,0,3,59,10,1,63,50,50,60,73,123
1,0,12,38,1,2,56,12,1,60,50,51,62,72,123
0,0,11,34,1,2,59,14,1,62,45,46,59,76,122
1,0,13,40,1,1,52,14,0,54,53,54,67,68,122
1,0,13,31,1,4,61,13,0,66,44,45,57,79,124
1,0,13,36,1,4,52,16,1,58,49,50,65,74,124
0,0,14,34,0,3,55,14,1,59,48,48,62,73,121
1,0,14,37,0,3,53,14,1,58,51,51,65,72,123
1,0,12,34,0,4,56,16,1,62,46,46,62,78,124
0,0,17,31,1,4,54,13,1,59,48,49,61,72,121
5,0,11,34,1,3,58,9,0,66,45,46,54,75,121
1,0,12,36,1,3,56,13,0,60,48,49,61,73,122
1,0,16,34,0,4,52,15,1,58,50,50,65,73,123
1,0,16,37,1,3,48,17,1,53,53,54,70,70,124
1,0,13,38,0,4,51,17,0,56,51,51,68,73,124
1,0,12,36,1,1,59,12,1,62,48,49,60,74,123
2,0,12,35,0,3,57,12,1,63,47,47,59,75,122
1,0,13,39,1,5,54,13,0,60,52,53,65,73,126
0,0,12,37,0,2,54,16,0,56,49,49,65,72,121
1,0,13,36,0,3,56,13,1,61,49,49,62,74,123
1,0,13,35,0,2,55,15,0,58,48,48,63,73,121
1,0,17,33,0,3,58,9,1,63,50,50,59,72,122
1,0,16,34,1,2,57,11,1,61,50,51,61,72,123
0,0,14,36,0,3,52,15,0,55,50,50,65,70,120
1,0,13,36,0,3,54,15,0,58,49,49,64,73,122
1,0,17,33,1,4,52,13,0,57,50,51,63,70,121
1,0,11,38,1,3,53,17,1,58,49,50,66,75,125
4,0,12,31,1,3,57,13,1,65,43,44,56,78,122
1,0,12,34,1,4,58,14,0,63,46,47,60,77,124
1,0,15,35,0,2,55,12,0,58,50,50,62,70,120
0,0,12,34,0,3,58,14,1,62,46,46,60,76,122
1,0,12,34,1,1,58,14,1,61,46,47,60,75,122
0,0,13,36,0,2,60,10,1,63,49,49,59,73,122
1,0,15,32,0,4,54,14,0,59,47,47,61,73,120
1,0,14,34,1,3,58,11,1,63,48,49,59,74,123
0,0,13,34,1,3,55,16,1,59,47,48,63,75,123
0,0,17,34,0,3,52,15,1,56,51,51,66,71,122
1,0,16,38,1,3,45,19,1,50,54,55,73,69,124
1,0,13,34,0,3,58,12,0,62,47,47,59,74,121
1,0,13,34,0,2,58,13,1,62,47,47,60,75,122
2,0,10,32,0,3,63,12,0,68,42,42,54,80,122
1,0,16,35,0,4,48,17,1,54,51,51,68,71,122
2,0,13,34,0,3,53,16,1,59,47,47,63,75,122
1,0,13,38,1,4,52,13,1,58,51,52,64,71,123
1,0,11,39,1,2,55,13,1,59,50,51,63,72,123
1,0,17,32,1,3,52,15,0,56,49,50,64,71,121
0,0,15,37,0,3,52,12,1,56,52,52,64,68,120
1,0,14,37,0,3,55,10,1,60,51,51,61,70,121
1,0,14,33,0,2,55,16,1,59,47,47,63,75,122
0,0,15,37,1,3,50,17,1,54,52,53,69,71,124
1,0,15,33,0,7,52,13,1,61,48,48,61,74,122
1,0,11,34,0,4,53,18,0,58,45,45,63,76,121
1,0,12,37,0,4,53,15,0,58,49,49,64,73,122
1,0,16,39,1,4,50,13,0,55,55,56,68,68,124
0,0,17,33,0,2,54,14,0,56,50,50,64,70,120
1,0,13,35,0,5,57,13,1,64,48,48,61,77,125
1,0,11,34,1,2,59,13,0,62,45,46,58,75,121
1,0,13,41,1,2,51,13,1,55,54,55,67,68,123
1,0,16,34,0,3,54,12,0,58,50,50,62,70,120
0,0,11,36,0,5,54,18,0,59,47,47,65,77,124
0,0,19,33,0,2,54,11,1,57,52,52,63,68,120
1,0,13,36,0,3,55,13,1,60,49,49,62,73,122
1,0,10,36,0,2,57,15,0,60,46,46,61,75,121
1,0,11,36,0,3,58,13,1,63,47,47,60,76,123
1,0,13,35,0,6,57,12,1,65,48,48,60,77,125
1,0,16,30,1,2,57,13,1,61,46,47,59,74,121
1,0,14,37,0,3,55,10,1,60,51,51,61,70,121
3,0,18,32,1,1,50,16,0,54,50,51,66,70,121
1,0,15,36,0,2,56,10,0,59,51,51,61,69,120
1,0,12,34,1,4,60,12,0,65,46,47,58,77,124
1,0,15,37,0,3,52,14,0,56,52,52,66,70,122
1,0,15,31,0,4,60,11,1,66,46,46,57,77,123
1,0,13,33,1,3,57,13,0,61,46,47,59,74,121
0,0,13,35,0,2,55,16,0,57,48,48,64,73,121
0,0,15,36,1,5,53,14,1,59,51,52,65,73,125
1,0,13,40,0,3,52,11,1,57,53,53,64,68,121
1,0,13,37,1,2,55,13,0,58,50,51,63,71,122
1,0,13,32,0,6,57,12,1,65,45,45,57,77,122
2,0,13,33,0,4,57,13,1,64,46,46,59,77,123
1,0,16,37,1,4,50,12,0,55,53,54,65,67,121
1,0,13,38,1,1,52,15,0,54,51,52,66,69,121
0,0,14,36,0,4,57,11,1,62,50,50,61,73,123
3,0,13,33,0,3,60,9,1,67,46,46,55,76,122
1,0,14,39,0,4,52,12,0,57,53,53,65,69,122
0,0,12,33,0,3,60,12,0,63,45,45,57,75,120
1,0,12,39,0,3,51,16,0,55,51,51,67,71,122
0,0,12,36,0,3,57,13,0,60,48,48,61,73,121
0,0,13,37,2,4,52,13,1,57,50,52,63,70,122
2,0,12,36,0,5,55,14,1,63,48,48,62,77,125
1,0,17,34,0,3,55,12,0,59,51,51,63,71,122
3,0,17,34,1,4,50,13,1,58,51,52,64,71,123
1,0,15,36,1,4,55,11,1,61,51,52,62,72,124
3,0,19,33,1,4,53,10,1,61,52,53,62,71,124
1,0,18,32,1,5,54,14,1,61,50,51,64,75,126
1,0,13,35,1,2,55,15,1,59,48,49,63,74,123
1,0,14,40,0,5,52,11,1,59,54,54,65,70,124
2,0,9,37,0,4,57,11,1,64,46,46,57,75,121
0,0,17,35,1,2,54,13,1,57,52,53,65,70,123
1,0,15,34,1,3,54,14,1,59,49,50,63,73,123
1,0,12,39,0,3,53,14,0,57,51,51,65,71,122
1,0,12,37,1,3,54,14,0,58,49,50,63,72,122
1,0,14,31,0,4,59,13,0,64,45,45,58,77,122
1,0,13,34,0,5,56,14,0,62,47,47,61,76,123
0,0,15,35,0,4,52,17,1,57,50,50,67,74,124
1,0,14,36,1,3,55,12,1,60,50,51,62,72,123
1,0,13,34,1,5,60,11,0,66,47,48,58,77,125
1,0,17,32,1,4,56,10,1,62,49,50,59,72,122
1,0,18,32,0,4,53,12,1,59,50,50,62,71,121
0,0,17,34,1,0,50,19,0,50,51,52,70,69,121
1,0,18,30,1,5,53,17,0,59,48,49,65,76,125
1,0,16,33,1,4,51,15,1,57,49,50,64,72,122
0,0,14,34,1,4,54,14,1,59,48,49,62,73,122
1,0,15,35,0,3,55,13,1,60,50,50,63,73,123
1,0,11,35,0,2,60,10,1,64,46,46,56,74,120
1,0,14,36,1,4,55,10,1,61,50,51,60,71,122
1,0,15,32,1,5,57,13,1,64,47,48,60,77,125
1,0,14,37,1,2,54,12,1,58,51,52,63,70,122
1,0,13,35,1,3,54,16,0,58,48,49,64,74,123
0,0,14,35,1,3,55,13,1,59,49,50,62,72,122
1,0,10,37,0,4,59,11,1,65,47,47,58,76,123
1,0,17,34,0,3,54,12,0,58,51,51,63,70,121
0,0,11,39,0,6,56,13,1,63,50,50,63,76,126
1,0,10,36,0,3,59,13,1,64,46,46,59,77,123
1,0,14,37,1,2,57,10,0,60,51,52,61,70,122
3,0,20,29,1,4,55,11,1,63,49,50,60,74,124
1,0,13,29,0,1,63,13,0,65,42,42,55,78,120
1,0,13,35,0,3,55,14,0,59,48,48,62,73,121
1,0,13,35,1,3,55,15,0,59,48,49,63,74,123
1,0,15,34,1,5,54,12,1,61,49,50,61,73,123
1,0,12,31,1,4,59,14,1,65,43,44,57,79,123
1,0,16,38,1,0,52,13,0,53,54,55,67,66,121
1,0,14,33,1,2,55,17,1,59,47,48,64,76,124
1,0,17,39,1,2,47,13,1,51,56,57,69,64,121
0,0,14,33,1,3,57,13,1,61,47,48,60,74,122
1,0,16,36,1,2,52,13,0,55,52,53,65,68,121
2,0,15,35,1,2,51,15,1,56,50,51,65,71,122
1,0,15,35,1,4,57,11,0,62,50,51,61,73,124
0,0,13,34,1,3,63,8,0,66,47,48,55,74,122
1,0,14,37,1,5,56,12,0,62,51,52,63,74,126
1,0,13,36,1,3,53,15,1,58,49,50,64,73,123
0,0,11,36,2,4,56,14,0,60,47,49,61,74,123
0,0,12,36,1,3,55,16,0,58,48,49,64,74,123
1,0,14,34,0,2,50,19,1,54,48,48,67,73,121
1,0,13,38,0,4,52,15,1,58,51,51,66,73,124
0,0,13,36,1,0,58,13,0,58,49,50,62,71,121
1,0,12,34,1,3,60,10,0,64,46,47,56,74,121
1,0,13,34,1,4,61,10,1,67,47,48,57,77,125
1,0,14,35,0,4,51,16,1,57,49,49,65,73,122
1,0,17,31,0,2,55,15,1,59,48,48,63,74,122
0,0,15,31,1,3,57,16,1,61,46,47,62,77,124
1,0,14,35,1,3,55,14,1,60,49,50,63,74,124
0,0,15,37,1,4,55,11,0,59,52,53,63,70,123
1,0,15,32,0,2,56,15,0,59,47,47,62,74,121
2,0,14,33,1,2,52,17,0,56,47,48,64,73,121
1,0,15,37,1,2,51,15,0,54,52,53,67,69,122
1,0,13,35,0,3,55,14,1,60,48,48,62,74,122
1,0,12,36,1,3,56,14,0,60,48,49,62,74,123
1,0,15,34,1,3,56,12,1,61,49,50,61,73,123
1,0,13,36,1,3,58,11,1,63,49,50,60,74,124
1,0,19,34,0,5,51,12,0,57,53,53,65,69,122
5,0,14,32,1,2,58,9,1,66,46,47,55,75,122
1,0,14,35,1,3,57,11,0,61,49,50,60,72,122
1,0,14,36,1,3,58,9,1,63,50,51,59,72,123
0,0,12,35,0,3,54,16,1,58,47,47,63,74,121
3,0,14,37,1,3,48,14,0,54,51,52,65,68,120
1,0,16,38,0,4,49,16,0,54,54,54,70,70,124
1,0,13,37,1,3,51,17,1,56,50,51,67,73,124
0,0,13,37,1,3,55,14,0,58,50,51,64,72,123
0,0,14,36,0,5,56,12,0,61,50,50,62,73,123
1,0,14,37,1,4,52,13,1,58,51,52,64,71,123
1,0,15,33,1,2,57,13,0,60,48,49,61,73,122
1,0,12,37,1,3,53,15,0,57,49,50,64,72,122
1,0,14,37,0,4,58,10,0,63,51,51,61,73,124
1,0,15,33,1,2,54,16,1,58,48,49,64,74,123
0,0,14,35,0,2,55,14,1,58,49,49,63,72,121
1,0,15,34,1,4,54,15,1,60,49,50,64,75,125
0,0,15,34,0,3,52,17,1,56,49,49,66,73,122
1,0,18,36,1,4,47,14,0,52,54,55,68,66,121
0,0,11,38,1,4,56,14,1,61,49,50,63,75,125
0,0,14,34,0,3,57,13,1,61,48,48,61,74,122
1,0,13,35,0,3,59,11,1,64,48,48,59,75,123
1,0,16,34,0,4,57,11,1,63,50,50,61,74,124
1,0,11,34,0,1,60,13,0,62,45,45,58,75,120
1,0,16,32,1,4,52,16,0,57,48,49,64,73,122
1,0,15,35,1,3,54,14,1,59,50,51,64,73,124
2,0,12,33,1,6,58,13,1,67,45,46,58,80,126
1,0,13,36,0,3,56,14,1,61,49,49,63,75,124
1,0,16,35,1,4,51,16,0,56,51,52,67,72,124
2,0,14,33,0,5,59,8,1,67,47,47,55,75,122
0,0,12,35,1,3,60,12,0,63,47,48,59,75,123
2,0,16,33,0,4,55,10,0,61,49,49,59,71,120
1,0,14,33,1,4,53,18,0,58,47,48,65,76,124
1,0,16,38,0,3,51,11,0,55,54,54,65,66,120
1,0,16,31,1,2,59,12,1,63,47,48,59,75,123
2,0,12,34,1,3,57,12,1,63,46,47,58,75,122
1,0,12,37,0,3,59,9,0,63,49,49,58,72,121
2,0,15,35,1,2,49,17,1,54,50,51,67,71,122
1,0,11,36,0,4,51,18,1,57,47,47,65,75,122
1,0,12,35,1,3,62,10,1,67,47,48,57,77,125
1,0,11,38,1,2,51,17,1,55,49,50,66,72,122
1,0,12,38,0,1,54,15,1,57,50,50,65,72,122
1,0,14,37,1,4,53,13,0,58,51,52,64,71,123
1,0,15,37,0,3,52,14,1,57,52,52,66,71,123
1,0,14,38,0,3,49,16,1,54,52,52,68,70,122
1,0,12,38,0,3,57,11,1,62,50,50,61,73,123
1,0,14,32,0,3,58,13,1,63,46,46,59,76,122
2,0,12,39,1,5,53,11,1,61,51,52,62,72,124
2,0,14,32,0,2,60,10,1,65,46,46,56,75,121
1,0,18,33,1,3,56,11,1,61,51,52,62,72,124
1,0,11,42,1,2,54,12,0,57,53,54,65,69,123
0,0,13,36,1,4,56,13,0,60,49,50,62,73,123
1,0,15,30,1,4,56,15,0,61,45,46,60,76,122
1,0,15,34,0,2,55,14,1,59,49,49,63,73,122
1,0,13,40,1,3,52,13,0,56,53,54,66,69,123
1,0,13,35,1,3,53,18,1,58,48,49,66,76,125
1,0,17,30,0,2,55,16,0,58,47,47,63,74,121
1,0,16,34,0,4,50,18,1,56,50,50,68,74,124
1,0,16,36,0,4,51,12,1,57,52,52,64,69,121
0,0,14,38,1,5,54,10,0,59,52,53,62,69,122
1,0,14,33,0,2,61,10,0,64,47,47,57,74,121
1,0,13,34,0,3,56,13,1,61,47,47,60,74,121
1,0,11,43,0,3,46,17,0,50,54,54,71,67,121
1,0,13,35,0,3,59,11,0,63,48,48,59,74,122
0,0,13,34,1,2,52,19,0,54,47,48,66,73,121
2,0,17,35,0,5,53,12,0,60,52,52,64,72,124
1,0,14,35,1,1,54,15,1,57,49,50,64,72,122
1,0,11,38,0,0,53,17,1,55,49,49,66,72,121
1,0,12,38,1,2,52,15,0,55,50,51,65,70,121
1,0,14,34,0,3,59,11,0,63,48,48,59,74,122
1,0,15,39,1,2,50,14,1,54,54,55,68,68,123
0,0,14,36,1,4,53,13,1,58,50,51,63,71,122
1,0,12,37,0,2,57,12,0,60,49,49,61,72,121
2,0,14,32,0,3,53,17,1,59,46,46,63,76,122
1,0,15,35,1,2,55,13,1,59,50,51,63,72,123
0,0,15,36,0,2,54,13,0,56,51,51,64,69,120
1,0,11,41,1,2,46,19,1,50,52,53,71,69,122
0,0,14,34,0,3,55,15,0,58,48,48,63,73,121
1,0,14,36,0,2,52,15,0,55,50,50,65,70,120
1,0,14,42,0,3,50,10,0,54,56,56,66,64,120
1,0,14,30,0,2,60,15,0,63,44,44,59,78,122
1,0,18,32,0,6,47,19,0,54,50,50,69,73,123
1,0,17,30,1,4,56,12,1,62,47,48,59,74,122
1,0,12,32,1,3,61,13,1,66,44,45,57,79,124
1,0,14,36,0,4,55,12,1,61,50,50,62,73,123
1,0,16,31,1,3,58,13,1,63,47,48,60,76,124
0,0,15,36,1,3,51,16,1,55,51,52,67,71,123
0,0,14,40,0,3,51,12,1,55,54,54,66,67,121
1,0,10,30,1,2,64,14,0,67,40,41,54,81,122
0,0,18,35,0,3,47,19,1,51,53,53,72,70,123
0,0,15,34,0,3,54,15,0,57,49,49,64,72,121
1,0,13,36,1,3,58,10,1,63,49,50,59,73,123
2,0,16,33,1,3,53,12,1,59,49,50,61,71,121
1,0,16,34,1,4,57,11,0,62,50,51,61,73,124
1,0,14,32,1,6,60,13,1,68,46,47,59,81,128
3,0,12,37,1,2,55,12,1,61,49,50,61,73,123
1,0,13,35,1,2,53,16,1,57,48,49,64,73,122
1,0,16,36,1,2,53,14,0,56,52,53,66,70,123
1,0,12,33,0,3,55,17,0,59,45,45,62,76,121
3,0,11,36,1,0,57,13,1,61,47,48,60,74,122
2,0,11,31,0,5,60,11,0,67,42,42,53,78,120
0,0,15,32,1,3,59,12,1,63,47,48,59,75,123
1,0,14,35,0,5,52,18,0,58,49,49,67,76,125
0,0,18,38,1,5,47,15,0,52,56,57,71,67,124
1,0,18,33,1,5,51,11,1,58,51,52,62,69,121
1,0,10,38,0,3,56,14,0,60,48,48,62,74,122
1,0,13,28,0,3,66,10,1,71,41,41,51,81,122
1,0,14,36,1,4,51,17,0,56,50,51,67,73,124
1,0,12,35,0,4,54,16,1,60,47,47,63,76,123
1,0,14,39,0,2,51,15,1,55,53,53,68,70,123
1,0,12,41,1,4,50,13,1,56,53,54,66,69,123
1,0,12,36,0,3,55,14,0,59,48,48,62,73,121
0,0,13,37,1,3,55,12,1,59,50,51,62,71,122
1,0,16,37,1,1,49,17,1,52,53,54,70,69,123
1,0,11,37,0,4,57,12,1,63,48,48,60,75,123
1,0,14,35,1,3,55,11,1,60,49,50,60,71,121
1,0,16,34,0,3,53,13,1,58,50,50,63,71,121
1,0,11,34,1,3,61,12,0,65,45,46,57,77,123
2,0,13,36,0,3,55,12,1,61,49,49,61,73,122
1,0,14,36,1,2,56,12,0,59,50,51,62,71,122
1,0,14,34,1,0,60,11,1,62,48,49,59,73,122
1,0,13,33,0,3,59,13,1,64,46,46,59,77,123
0,0,14,40,0,4,53,10,1,58,54,54,64,68,122
1,0,15,36,0,3,54,12,1,59,51,51,63,71,122
1,0,16,36,1,3,55,11,1,60,52,53,63,71,124
1,0,14,30,1,5,63,12,1,70,44,45,56,82,127
0,0,15,30,0,3,58,14,0,61,45,45,59,75,120
0,0,13,34,1,4,60,10,1,65,47,48,57,75,123
1,0,15,32,1,4,57,13,1,63,47,48,60,76,124
1,0,14,37,1,3,53,12,1,58,51,52,63,70,122
1,0,14,37,1,4,53,12,1,59,51,52,63,71,123
0,0,13,39,1,5,55,11,1,61,52,53,63,72,125
2,0,15,39,1,3,47,15,1,53,54,55,69,68,123
0,0,14,33,0,4,57,12,0,61,47,47,59,73,120
1,0,18,37,1,3,52,11,0,56,55,56,66,67,123
2,0,14,34,1,4,54,12,1,61,48,49,60,73,122
1,0,16,35,0,3,50,17,1,55,51,51,68,72,123
1,0,11,37,1,2,59,11,0,62,48,49,59,73,122
0,0,15,34,1,3,53,16,0,56,49,50,65,72,122
1,0,17,34,1,4,50,12,1,56,51,52,63,68,120
1,0,12,35,0,6,55,11,1,63,47,47,58,74,121
1,0,17,36,1,6,50,14,1,58,53,54,67,72,126
1,0,17,31,1,4,50,16,1,56,48,49,64,72,121
1,0,15,30,1,2,61,11,0,64,45,46,56,75,121
1,0,13,39,1,2,54,11,1,58,52,53,63,69,122
0,0,14,38,1,4,53,13,1,58,52,53,65,71,124
1,0,16,35,0,3,50,18,1,55,51,51,69,73,124
1,0,20,37,1,4,46,14,0,51,57,58,71,65,123
1,0,13,34,1,2,56,15,1,60,47,48,62,75,123
1,0,15,32,1,3,55,15,1,60,47,48,62,75,123
1,0,14,35,1,3,52,18,0,56,49,50,67,74,124
1,0,14,38,0,4,51,13,1,57,52,52,65,70,122
1,0,14,33,0,4,53,16,1,59,47,47,63,75,122
1,0,14,33,0,3,56,14,0,60,47,47,61,74,121
1,0,14,37,1,2,53,14,1,57,51,52,65,71,123
1,0,17,31,0,2,59,10,1,63,48,48,58,73,121
1,0,17,36,1,2,54,10,1,58,53,54,63,68,122
1,0,11,33,0,3,62,12,1,67,44,44,56,79,123
0,0,12,35,0,6,58,9,1,65,47,47,56,74,121
1,0,15,35,1,3,54,13,1,59,50,51,63,72,123
1,0,12,34,0,4,56,13,1,62,46,46,59,75,121
1,0,15,33,1,4,56,13,0,61,48,49,61,74,123
1,0,13,38,1,4,52,14,0,57,51,52,65,71,123
1,0,15,33,1,2,52,19,0,55,48,49,67,74,123
6,0,11,35,0,2,56,10,0,64,46,46,56,74,120
1,0,18,31,1,4,56,13,1,62,49,50,62,75,125
1,0,14,37,1,4,54,12,1,60,51,52,63,72,124
1,0,14,32,1,3,59,12,1,64,46,47,58,76,123
1,0,12,36,0,3,55,16,1,60,48,48,64,76,124
1,0,14,34,1,5,49,18,1,56,48,49,66,74,123
1,0,14,36,1,4,55,13,0,60,50,51,63,73,124
0,0,16,34,1,2,54,13,1,57,50,51,63,70,121
1,0,14,35,1,3,56,12,0,60,49,50,61,72,122
0,0,17,32,1,2,55,14,0,57,49,50,63,71,121
0,0,18,33,1,2,49,18,1,52,51,52,69,70,122
0,0,16,34,0,1,56,13,1,58,50,50,63,71,121
1,0,12,37,1,3,53,14,1,58,49,50,63,72,122
1,0,14,33,1,4,52,16,0,57,47,48,63,73,121
2,0,13,38,0,6,55,11,1,64,51,51,62,75,126
2,0,11,37,0,2,56,12,0,60,48,48,60,72,120
1,0,13,36,0,4,54,12,0,59,49,49,61,71,120
1,0,14,37,1,3,53,14,1,58,51,52,65,72,124
1,0,10,39,1,4,55,13,1,61,49,50,62,74,124
1,0,13,42,0,4,53,10,0,58,55,55,65,68,123
1,0,15,36,1,3,50,16,1,55,51,52,67,71,123
1,0,10,34,1,1,60,14,1,63,44,45,58,77,122
5,0,10,32,0,5,58,14,0,68,42,42,56,82,124
4,0,14,33,1,3,54,12,1,62,47,48,59,74,122
1,0,15,34,0,3,53,14,0,57,49,49,63,71,120
1,0,12,38,0,2,54,14,1,58,50,50,64,72,122
1,0,16,35,1,3,54,13,1,59,51,52,64,72,124
0,0,11,40,1,5,53,14,0,58,51,52,65,72,124
1,0,17,36,0,4,49,16,0,54,53,53,69,70,123
1,0,14,35,0,5,57,13,1,64,49,49,62,77,126
1,0,16,35,0,6,53,14,1,61,51,51,65,75,126
0,0,16,30,1,3,58,14,0,61,46,47,60,75,122
1,0,12,39,0,2,49,18,1,53,51,51,69,71,122
1,0,14,32,1,5,58,12,0,64,46,47,58,76,123
0,0,13,36,0,4,57,11,1,62,49,49,60,73,122
0,0,12,35,1,7,55,11,0,62,47,48,58,73,121
0,0,18,36,1,3,50,13,1,54,54,55,67,67,122
1,0,15,36,0,2,53,12,1,57,51,51,63,69,120
1,0,15,38,0,2,51,14,1,55,53,53,67,69,122
0,0,15,38,1,3,53,11,1,57,53,54,64,68,122
3,0,12,34,0,2,56,14,0,61,46,46,60,75,121
1,0,13,36,1,3,56,11,1,61,49,50,60,72,122
0,0,14,36,0,2,56,13,0,58,50,50,63,71,121
0,0,13,35,1,5,58,11,0,63,48,49,59,74,123
0,0,17,30,1,3,60,9,1,64,47,48,56,73,121
2,0,13,34,0,2,56,13,0,60,47,47,60,73,120
1,0,15,34,1,1,55,13,1,58,49,50,62,71,121
1,0,11,37,0,2,57,14,1,61,48,48,62,75,123
0,0,11,33,0,4,63,11,1,68,44,44,55,79,123
1,0,14,37,1,6,51,16,0,58,51,52,67,74,126
1,0,11,35,1,5,59,13,1,66,46,47,59,79,126
1,0,15,35,0,3,54,12,1,59,50,50,62,71,121
1,0,12,39,0,4,48,17,1,54,51,51,68,71,122
1,0,16,35,1,5,50,14,0,56,51,52,65,70,122
1,0,13,36,0,4,55,12,0,60,49,49,61,72,121
0,0,14,33,1,2,55,16,1,58,47,48,63,74,122
0,0,13,33,1,4,54,18,0,58,46,47,64,76,123
0,0,14,35,1,2,55,13,1,58,49,50,62,71,121
1,0,10,39,1,5,58,11,1,65,49,50,60,76,126
1,0,13,34,1,2,56,16,0,59,47,48,63,75,123
1,0,13,37,1,3,55,13,0,59,50,51,63,72,123
0,0,17,32,1,3,58,11,1,62,49,50,60,73,123
1,0,18,31,1,4,58,11,0,63,49,50,60,74,124
1,0,10,34,0,3,55,17,0,59,44,44,61,76,120
0,0,12,37,1,4,55,14,0,59,49,50,63,73,123
0,0,12,39,1,2,55,12,1,58,51,52,63,70,122
1,0,17,35,0,6,55,11,0,62,52,52,63,73,125
0,0,14,37,1,3,54,13,1,58,51,52,64,71,123
4,0,11,38,0,5,55,11,0,64,49,49,60,75,124
1,0,10,37,1,3,56,16,0,60,47,48,63,76,124
2,0,12,36,1,4,53,14,1,60,48,49,62,74,123
3,0,14,34,0,2,56,12,1,62,48,48,60,74,122
1,0,16,33,1,2,52,16,1,56,49,50,65,72,122
1,0,9,39,0,2,56,13,0,59,48,48,61,72,120
1,0,16,34,1,3,52,14,1,57,50,51,64,71,122
0,0,12,34,1,4,64,7,0,68,46,47,53,75,122
1,0,12,38,0,2,53,14,1,57,50,50,64,71,121
0,0,16,35,1,4,53,14,0,57,51,52,65,71,123
2,0,13,32,1,3,57,13,1,63,45,46,58,76,122
0,0,13,35,0,4,58,12,1,63,48,48,60,75,123
0,0,14,38,1,2,53,13,0,55,52,53,65,68,121
7,0,15,32,1,3,52,10,2,64,47,48,57,74,122
0,0,15,34,1,3,58,10,1,62,49,50,59,72,122
1,0,18,32,1,3,53,14,0,57,50,51,64,71,122
1,0,13,37,0,3,56,12,1,61,50,50,62,73,123
1,0,14,33,1,2,57,14,1,61,47,48,61,75,123
2,0,11,35,0,3,54,17,0,59,46,46,63,76,122
0,0,15,35,1,3,58,11,1,62,50,51,61,73,124
1,0,12,37,2,4,53,13,1,59,49,51,62,72,123
1,0,11,37,1,4,59,11,0,64,48,49,59,75,124
0,0,13,34,1,3,56,14,1,60,47,48,61,74,122
0,0,21,29,0,3,50,17,1,54,50,50,67,71,121
1,0,14,32,0,6,57,10,1,65,46,46,56,75,121
1,0,14,36,1,2,57,12,1,61,50,51,62,73,124
3,0,11,35,1,4,54,13,0,61,46,47,59,74,121
4,0,16,34,1,2,49,15,1,56,50,51,65,71,122
1,0,14,32,0,2,62,10,1,66,46,46,56,76,122
1,0,12,39,0,3,50,18,1,55,51,51,69,73,124
1,0,14,38,1,3,54,12,1,59,52,53,64,71,124
1,0,15,38,0,2,55,10,0,58,53,53,63,68,121
1,0,15,34,1,6,51,14,0,58,49,50,63,72,122
1,0,14,34,0,3,54,16,0,58,48,48,64,74,122
2,0,13,36,0,4,57,11,1,64,49,49,60,75,124
1,0,17,36,0,3,51,15,0,55,53,53,68,70,123
1,0,11,39,0,2,53,15,1,57,50,50,65,72,122
0,0,16,35,1,2,52,14,2,56,51,52,65,70,122
0,0,14,34,0,3,54,15,1,58,48,48,63,73,121
1,0,12,36,1,2,56,14,0,59,48,49,62,73,122
0,0,13,36,1,2,59,10,0,61,49,50,59,71,121
1,0,13,34,1,2,57,14,1,61,47,48,61,75,123
1,0,15,33,0,3,58,12,0,62,48,48,60,74,122
1,0,10,37,0,2,61,10,1,65,47,47,57,75,122
1,0,14,34,1,3,58,11,1,63,48,49,59,74,123
1,0,15,39,0,2,52,11,0,55,54,54,65,66,120
3,0,14,33,1,2,55,13,0,60,47,48,60,73,121
1,0,15,33,0,3,53,18,1,58,48,48,66,76,124
1,0,13,37,1,3,53,14,0,57,50,51,64,71,122
0,0,14,37,1,2,51,16,1,54,51,52,67,70,122
1,0,10,36,0,2,57,14,0,60,46,46,60,74,120
1,0,14,33,1,2,59,12,1,63,47,48,59,75,123
0,0,14,38,0,2,53,13,0,55,52,52,65,68,120
1,0,16,35,0,4,55,13,1,61,51,51,64,74,125
1,0,14,36,0,3,55,12,1,60,50,50,62,72,122
1,0,14,36,1,3,57,9,1,62,50,51,59,71,122
1,0,15,34,1,3,54,13,0,58,49,50,62,71,121
1,0,11,38,1,4,57,12,0,62,49,50,61,74,124
0,0,11,35,1,5,58,13,0,63,46,47,59,76,123
1,0,14,35,0,3,56,11,0,60,49,49,60,71,120
1,0,17,37,1,2,52,11,1,56,54,55,65,67,122
0,0,16,35,1,3,53,14,1,57,51,52,65,71,123
1,0,13,36,0,5,55,13,0,61,49,49,62,74,123
1,0,13,33,0,2,58,14,0,61,46,46,60,75,121
1,0,14,34,0,4,55,14,1,61,48,48,62,75,123
1,0,21,32,1,4,50,14,1,56,53,54,67,70,124
1,0,15,36,0,1,56,12,1,59,51,51,63,71,122
2,0,14,35,1,3,57,10,1,63,49,50,59,73,123
0,0,15,34,0,5,52,17,1,58,49,49,66,75,124
0,0,14,37,0,4,49,18,1,54,51,51,69,72,123
1,0,14,35,1,4,57,13,0,62,49,50,62,75,125
1,0,11,32,1,4,58,15,1,64,43,44,58,79,123
1,0,17,34,1,3,52,13,0,56,51,52,64,69,121
1,0,12,36,1,3,53,17,0,57,48,49,65,74,123
1,0,11,35,1,5,60,12,1,67,46,47,58,79,126
0,0,16,34,1,3,52,15,1,56,50,51,65,71,122
1,0,15,33,0,4,54,13,0,59,48,48,61,72,120
1,0,11,36,1,2,61,11,1,65,47,48,58,76,124
1,0,13,39,0,3,54,12,0,58,52,52,64,70,122
1,0,11,36,1,2,55,16,1,59,47,48,63,75,123
1,0,15,35,0,3,53,16,1,58,50,50,66,74,124
2,0,14,31,0,5,60,12,0,67,45,45,57,79,124
1,0,16,36,0,2,52,12,1,56,52,52,64,68,120
2,0,13,33,0,3,58,13,0,63,46,46,59,76,122
1,0,13,33,1,3,57,13,1,62,46,47,59,75,122
0,0,14,36,0,3,57,12,0,60,50,50,62,72,122
1,0,13,38,1,3,51,15,0,55,51,52,66,70,122
0,0,14,35,1,5,55,14,0,60,49,50,63,74,124
1,0,15,34,0,4,52,14,1,58,49,49,63,72,121
1,0,13,35,0,3,57,13,1,62,48,48,61,75,123
1,0,12,40,0,3,51,15,0,55,52,52,67,70,122
1,0,16,32,0,3,55,14,0,59,48,48,62,73,121
1,0,14,36,0,2,53,14,0,56,50,50,64,70,120
1,0,17,38,0,3,50,12,0,54,55,55,67,66,121
1,0,13,39,1,4,53,12,0,58,52,53,64,70,123
1,0,17,36,0,4,53,11,1,59,53,53,64,70,123
1,0,16,38,0,4,54,11,1,60,54,54,65,71,125
0,0,14,33,0,3,59,12,1,63,47,47,59,75,122
0,0,16,33,1,2,56,14,0,58,49,50,63,72,122
1,0,13,38,0,3,53,13,0,57,51,51,64,70,121
1,0,15,37,1,3,52,13,0,56,52,53,65,69,122
1,0,16,34,1,5,50,18,1,57,50,51,68,75,126
1,0,11,36,0,5,57,10,1,64,47,47,57,74,121
1,0,10,35,0,3,61,13,1,66,45,45,58,79,124
0,0,10,39,0,5,55,15,0,60,49,49,64,75,124
2,0,13,30,1,2,61,12,1,66,43,44,55,78,122
1,0,16,36,0,2,55,12,1,59,52,52,64,71,123
1,0,13,31,1,5,57,16,1,64,44,45,60,80,125
0,0,13,35,1,3,56,13,1,60,48,49,61,73,122
1,0,16,37,1,2,53,13,0,56,53,54,66,69,123
1,0,13,36,0,2,53,16,0,56,49,49,65,72,121
3,0,15,32,1,5,55,13,0,63,47,48,60,76,124
1,0,13,35,1,4,55,15,0,60,48,49,63,75,124
0,0,15,36,1,4,55,12,0,59,51,52,63,71,123
2,0,13,37,1,3,51,14,1,57,50,51,64,71,122
1,0,17,37,1,3,49,14,1,54,54,55,68,68,123
1,0,11,34,0,2,59,14,1,63,45,45,59,77,122
1,0,14,33,1,2,58,13,0,61,47,48,60,74,122
0,0,15,36,0,5,55,12,0,60,51,51,63,72,123
1,0,13,33,1,3,54,17,1,59,46,47,63,76,123
1,0,15,34,0,2,53,16,1,57,49,49,65,73,122
1,0,13,35,1,2,51,17,0,54,48,49,65,71,120
1,0,13,34,1,3,58,11,0,62,47,48,58,73,121
1,0,11,34,0,2,60,13,1,64,45,45,58,77,122
0,0,12,35,0,2,60,11,1,63,47,47,58,74,121
1,0,12,36,1,4,55,14,1,61,48,49,62,75,124
1,0,14,34,1,4,56,12,1,62,48,49,60,74,123
2,0,15,34,0,5,52,14,1,60,49,49,63,74,123
0,0,15,37,0,4,55,12,1,60,52,52,64,72,124
0,0,14,37,0,4,57,11,1,62,51,51,62,73,124
0,0,15,33,1,4,56,14,0,60,48,49,62,74,123
1,0,14,37,1,3,52,16,1,57,51,52,67,73,125
1,0,10,39,1,1,54,15,1,57,49,50,64,72,122
0,0,13,38,0,1,56,12,1,58,51,51,63,70,121
1,0,14,34,1,4,54,14,1,60,48,49,62,74,123
1,0,16,34,0,2,53,15,0,56,50,50,65,71,121
1,0,12,37,1,4,55,14,0,60,49,50,63,74,124
2,0,15,35,1,2,53,13,1,58,50,51,63,71,122
1,0,15,33,1,4,55,13,1,61,48,49,61,74,123
1,0,16,34,1,1,54,14,1,57,50,51,64,71,122
1,0,15,37,0,3,51,15,0,55,52,52,67,70,122
0,0,14,34,1,3,56,14,1,60,48,49,62,74,123
1,0,14,38,0,4,50,14,0,55,52,52,66,69,121
1,0,15,38,1,3,52,13,1,57,53,54,66,70,124
1,0,13,39,0,4,52,13,0,57,52,52,65,70,122
2,0,15,37,1,3,47,16,1,53,52,53,68,69,122
1,0,14,35,1,4,54,13,0,59,49,50,62,72,122
0,0,13,36,1,3,57,11,0,60,49,50,60,71,121
1,0,17,33,1,3,53,16,0,57,50,51,66,73,124
1,0,12,36,0,2,56,14,1,60,48,48,62,74,122
1,0,14,36,1,2,56,12,0,59,50,51,62,71,122
1,0,12,39,0,3,54,12,0,58,51,51,63,70,121
2,0,11,37,0,1,58,12,1,62,48,48,60,74,122
1,0,12,39,1,5,56,12,1,63,51,52,63,75,127
1,0,12,34,0,4,57,12,0,62,46,46,58,74,120
1,0,12,36,0,2,54,15,1,58,48,48,63,73,121
1,0,14,35,1,2,57,13,0,60,49,50,62,73,123
1,0,13,36,0,4,55,15,0,60,49,49,64,75,124
1,0,13,35,0,2,56,14,1,60,48,48,62,74,122
0,0,13,37,0,4,53,16,1,58,50,50,66,74,124
1,0,14,35,0,5,53,14,1,60,49,49,63,74,123
1,0,14,37,0,6,53,9,1,61,51,51,60,70,121
1,0,13,38,0,2,53,15,0,56,51,51,66,71,122
0,0,17,36,1,3,50,13,1,54,53,54,66,67,121
1,0,15,36,1,3,53,14,0,57,51,52,65,71,123
0,0,16,38,0,2,53,11,0,55,54,54,65,66,120
1,0,12,39,0,2,53,13,0,56,51,51,64,69,120
1,0,14,35,1,2,54,15,1,58,49,50,64,73,123
1,0,12,36,1,5,58,11,0,64,48,49,59,75,124
1,0,16,38,1,1,53,12,0,55,54,55,66,67,122
1,0,13,35,1,2,54,15,1,58,48,49,63,73,122
1,0,12,36,0,3,56,13,1,61,48,48,61,74,122
0,0,12,35,1,4,53,15,0,57,47,48,62,72,120
0,0,12,38,1,4,53,13,1,58,50,51,63,71,122
2,0,14,32,0,5,60,11,0,67,46,46,57,78,124
1,0,15,34,1,4,54,15,0,59,49,50,64,74,124
0,0,14,36,0,4,56,12,1,61,50,50,62,73,123
1,0,12,37,1,5,55,14,1,62,49,50,63,76,126
1,0,13,36,1,3,57,13,0,61,49,50,62,74,124
1,0,12,40,0,4,54,13,0,59,52,52,65,72,124
0,0,16,37,0,2,50,15,1,53,53,53,68,68,121
2,0,11,35,2,4,52,16,1,59,46,48,62,75,123
1,0,17,35,0,2,52,14,0,55,52,52,66,69,121
1,0,13,40,1,4,52,14,1,58,53,54,67,72,126
0,0,10,39,1,2,57,12,0,59,49,50,61,71,121
2,0,15,36,0,3,56,10,1,62,51,51,61,72,123
1,0,14,37,1,3,52,13,1,57,51,52,64,70,122
1,0,10,40,1,1,58,11,0,60,50,51,61,71,122
0,0,16,35,1,4,53,12,1,58,51,52,63,70,122
1,0,13,34,0,4,56,14,1,62,47,47,61,76,123
1,0,13,32,0,4,58,13,0,63,45,45,58,76,121
0,0,17,34,2,2,56,9,1,59,51,53,60,68,121
1,0,13,34,1,4,60,10,0,65,47,48,57,75,123
0,0,13,37,1,5,57,12,1,63,50,51,62,75,126
0,0,14,35,0,4,57,12,1,62,49,49,61,74,123
1,0,17,32,1,3,51,16,1,56,49,50,65,72,122
1,0,10,33,1,2,63,10,1,67,43,44,53,77,121
0,0,14,35,0,4,56,14,1,61,49,49,63,75,124
0,0,13,36,0,4,57,13,1,62,49,49,62,75,124
0,0,12,33,0,2,62,12,1,65,45,45,57,77,122
1,0,12,35,0,4,58,13,1,64,47,47,60,77,124
1,0,13,36,1,3,57,11,0,61,49,50,60,72,122
1,0,15,34,0,2,57,12,0,60,49,49,61,72,121
1,0,15,34,0,3,54,13,0,58,49,49,62,71,120
1,0,10,33,0,0,65,11,1,67,43,43,54,78,121
0,0,15,37,0,2,54,12,0,56,52,52,64,68,120
1,0,17,34,0,5,47,17,1,54,51,51,68,71,122
0,0,14,34,0,2,57,13,0,59,48,48,61,72,120
1,0,14,33,1,4,50,20,0,55,47,48,67,75,123
1,0,13,38,1,4,51,14,0,56,51,52,65,70,122
1,0,10,34,1,3,62,10,1,67,44,45,54,77,122
1,0,12,38,1,4,55,13,1,61,50,51,63,74,125
0,0,13,33,1,3,56,15,1,60,46,47,61,75,122
1,0,17,30,1,2,58,13,0,61,47,48,60,74,122
1,0,13,34,0,3,56,14,1,61,47,47,61,75,122
1,0,14,36,0,3,51,16,1,56,50,50,66,72,122
1,0,17,36,1,2,51,13,1,55,53,54,66,68,122
1,0,13,38,0,2,52,14,0,55,51,51,65,69,120
2,0,13,34,0,4,55,15,1,62,47,47,62,77,124
1,0,14,38,0,4,53,10,0,58,52,52,62,68,120
2,0,14,33,1,4,52,15,1,59,47,48,62,74,122
1,0,15,37,0,4,51,15,0,56,52,52,67,71,123
1,0,12,35,0,3,58,11,0,62,47,47,58,73,120
1,0,13,33,1,4,55,17,1,61,46,47,63,78,125
2,0,14,35,0,3,55,12,1,61,49,49,61,73,122
1,0,14,35,0,3,56,14,0,60,49,49,63,74,123
1,0,12,36,1,3,59,10,1,64,48,49,58,74,123
0,0,14,35,0,3,54,14,1,58,49,49,63,72,121
0,0,11,36,1,2,60,11,1,63,47,48,58,74,122
1,0,16,33,1,4,50,17,1,56,49,50,66,73,123
1,0,14,32,1,2,57,16,1,61,46,47,62,77,124
0,0,14,35,1,3,56,14,1,60,49,50,63,74,124
1,0,17,33,0,4,53,15,1,59,50,50,65,74,124
1,0,10,40,1,3,52,17,1,57,50,51,67,74,125
1,0,19,32,1,4,58,9,1,64,51,52,60,73,125
1,0,15,37,0,4,55,8,0,60,52,52,60,68,120
2,0,16,32,0,4,56,11,1,63,48,48,59,74,122
1,0,14,36,0,4,54,13,0,59,50,50,63,72,122
1,0,11,37,0,4,59,11,1,65,48,48,59,76,124
1,0,15,31,1,2,59,13,0,62,46,47,59,75,122
1,0,16,35,0,3,52,14,0,56,51,51,65,70,121
1,0,12,34,0,3,59,11,0,63,46,46,57,74,120
1,0,13,32,1,4,58,14,0,63,45,46,59,77,123
1,0,14,32,1,3,62,9,0,66,46,47,55,75,122
1,0,12,36,0,4,57,12,1,63,48,48,60,75,123
2,0,10,36,0,3,56,15,0,61,46,46,61,76,122
1,0,19,35,1,3,48,15,0,52,54,55,69,67,122
5,0,12,33,1,4,53,15,1,63,45,46,60,78,124
0,0,13,34,1,5,56,12,0,61,47,48,59,73,121
1,0,13,34,0,3,55,15,0,59,47,47,62,74,121
1,0,12,33,0,4,58,16,1,64,45,45,61,80,125
4,0,12,37,0,3,56,8,1,64,49,49,57,72,121
1,0,11,38,1,3,59,10,0,63,49,50,59,73,123
1,0,14,34,0,2,55,15,0,58,48,48,63,73,121
2,0,14,35,0,4,55,11,0,61,49,49,60,72,121
2,0,17,32,1,3,56,10,1,62,49,50,59,72,122
1,0,12,34,0,3,59,11,1,64,46,46,57,75,121
1,0,11,39,0,3,51,16,1,56,50,50,66,72,122
1,0,13,33,0,4,58,13,1,64,46,46,59,77,123
1,0,13,34,0,3,58,12,1,63,47,47,59,75,122
1,0,13,35,0,2,57,12,0,60,48,48,60,72,120
1,0,15,37,0,1,54,13,1,57,52,52,65,70,122
1,0,14,38,1,3,52,15,1,57,52,53,67,72,125
0,0,14,36,1,4,49,18,1,54,50,51,68,72,123
1,0,14,35,0,4,53,16,1,59,49,49,65,75,124
1,0,15,37,0,2,52,13,0,55,52,52,65,68,120
1,0,13,34,1,2,55,15,1,59,47,48,62,74,122
1,0,12,36,0,2,54,17,0,57,48,48,65,74,122
1,0,14,31,1,3,61,12,0,65,45,46,57,77,123
1,0,12,31,1,3,63,12,1,68,43,44,55,80,124
1,0,14,37,1,3,58,8,1,63,51,52,59,71,123
1,0,14,34,0,5,52,19,1,59,48,48,67,78,126
1,0,17,36,0,4,50,14,0,55,53,53,67,69,122
1,0,20,34,1,2,46,17,0,49,54,55,71,66,121
1,0,15,32,0,2,58,13,1,62,47,47,60,75,122
1,0,12,34,1,2,58,13,0,61,46,47,59,74,121
0,0,13,37,1,4,55,13,0,59,50,51,63,72,123
1,0,15,33,1,2,56,13,0,59,48,49,61,72,121
3,0,13,33,0,2,57,13,1,63,46,46,59,76,122
1,0,15,36,0,2,56,11,1,60,51,51,62,71,122
1,0,17,31,0,4,57,12,0,62,48,48,60,74,122
2,0,14,31,0,4,57,13,1,64,45,45,58,77,122
1,0,12,36,0,3,55,13,0,59,48,48,61,72,120
1,0,12,35,1,2,60,10,1,64,47,48,57,74,122
3,0,14,32,0,3,58,10,0,64,46,46,56,74,120
1,0,15,37,0,0,53,15,1,55,52,52,67,70,122
0,0,16,34,0,2,57,12,0,59,50,50,62,71,121
0,0,17,35,0,2,55,12,1,58,52,52,64,70,122
1,0,14,38,1,6,52,14,0,59,52,53,66,73,126
1,0,12,36,0,1,57,14,1,60,48,48,62,74,122
1,0,16,32,0,2,59,11,0,62,48,48,59,73,121
1,0,14,36,0,2,54,13,1,58,50,50,63,71,121
1,0,15,34,0,3,53,16,0,57,49,49,65,73,122
1,0,15,33,1,2,59,10,0,62,48,49,58,72,121
0,0,16,36,1,2,52,14,1,55,52,53,66,69,122
1,0,14,37,1,2,56,12,1,60,51,52,63,72,124
1,0,14,40,0,3,46,17,1,51,54,54,71,68,122
1,0,13,42,0,5,50,13,1,57,55,55,68,70,125
2,0,12,33,0,4,63,9,0,69,45,45,54,78,123
1,0,15,33,0,2,57,12,1,61,48,48,60,73,121
0,0,16,39,1,2,52,11,0,54,55,56,66,65,121
0,0,12,39,1,3,52,16,0,55,51,52,67,71,123
1,0,15,34,1,4,57,11,0,62,49,50,60,73,123
0,0,13,33,1,3,57,13,1,61,46,47,59,74,121
1,0,13,33,0,2,60,13,1,64,46,46,59,77,123
1,0,13,33,0,3,57,15,0,61,46,46,61,76,122
1,0,12,32,1,4,59,12,1,65,44,45,56,77,122
1,0,13,33,1,1,61,11,1,64,46,47,57,75,122
1,0,11,39,1,1,55,14,0,57,50,51,64,71,122
1,0,14,35,1,4,52,16,0,57,49,50,65,73,123
1,0,13,36,1,4,54,16,0,59,49,50,65,75,125
0,0,16,34,1,3,56,11,0,59,50,51,61,70,121
0,0,12,42,1,4,52,12,1,57,54,55,66,69,124
2,0,11,33,1,2,60,12,1,65,44,45,56,77,122
2,0,14,35,0,5,56,12,1,64,49,49,61,76,125
2,0,13,35,0,4,53,15,0,59,48,48,63,74,122
1,0,14,43,0,3,45,15,1,50,57,57,72,65,122
0,0,13,35,1,2,58,13,0,60,48,49,61,73,122
1,0,16,34,1,3,55,11,0,59,50,51,61,70,121
1,0,16,32,1,4,52,14,1,58,48,49,62,72,121
1,0,13,36,1,4,56,11,1,62,49,50,60,73,123
1,0,12,35,0,2,54,17,0,57,47,47,64,74,121
1,0,15,36,1,4,53,12,1,59,51,52,63,71,123
1,0,15,32,0,2,56,15,1,60,47,47,62,75,122
1,0,16,33,1,3,54,14,1,59,49,50,63,73,123
0,0,13,37,0,3,56,12,1,60,50,50,62,72,122
1,0,14,31,0,4,58,14,0,63,45,45,59,77,122
1,0,15,39,0,0,54,11,1,56,54,54,65,67,121
1,0,19,30,0,4,53,16,1,59,49,49,65,75,124
1,0,14,35,0,6,54,12,0,61,49,49,61,73,122
1,0,15,38,0,2,51,14,0,54,53,53,67,68,121
1,0,15,39,1,4,51,12,1,57,54,55,66,69,124
1,0,17,34,1,2,53,14,0,56,51,52,65,70,122
1,0,15,32,1,4,56,13,1,62,47,48,60,75,123
0,0,12,36,0,4,57,12,1,62,48,48,60,74,122
0,0,16,36,0,5,49,17,1,55,52,52,69,72,124
1,0,14,34,1,2,55,14,1,59,48,49,62,73,122
1,0,14,39,0,5,47,15,0,53,53,53,68,68,121
1,0,16,34,1,2,52,15,0,55,50,51,65,70,121
0,0,16,37,0,4,48,17,0,52,53,53,70,69,122
1,0,11,40,0,2,56,11,0,59,51,51,62,70,121
1,0,15,35,1,5,51,14,1,58,50,51,64,72,123
0,0,12,36,0,2,56,15,1,59,48,48,63,74,122
1,0,12,35,1,6,53,14,1,61,47,48,61,75,123
1,0,12,40,1,5,54,11,1,61,52,53,63,72,125
1,0,14,32,0,2,54,17,0,57,46,46,63,74,120
1,0,15,34,0,3,54,14,0,58,49,49,63,72,121
1,0,13,37,0,2,51,18,1,55,50,50,68,73,123
1,0,15,33,0,5,54,17,1,61,48,48,65,78,126
1,0,14,38,1,3,52,14,0,56,52,53,66,70,123
1,0,14,41,1,2,48,14,0,51,55,56,69,65,121
1,0,15,38,0,3,54,12,1,59,53,53,65,71,124
1,0,15,41,0,2,50,13,1,54,56,56,69,67,123
1,0,14,35,1,2,54,15,1,58,49,50,64,73,123
1,0,17,37,1,3,52,11,0,56,54,55,65,67,122
0,0,12,36,0,3,59,11,0,62,48,48,59,73,121
1,0,12,40,1,5,51,15,0,57,52,53,67,72,125
0,0,14,31,0,3,60,12,0,63,45,45,57,75,120
1,0,13,34,0,2,57,14,0,60,47,47,61,74,121
1,0,15,34,1,3,53,16,1,58,49,50,65,74,124
0,0,11,34,1,3,56,16,0,59,45,46,61,75,121
1,0,13,34,0,3,60,10,1,65,47,47,57,75,122
0,0,15,32,0,4,55,15,0,59,47,47,62,74,121
1,0,12,36,1,3,57,14,0,61,48,49,62,75,124
0,0,16,36,1,4,52,14,0,56,52,53,66,70,123
1,0,12,32,1,4,60,13,1,66,44,45,57,79,124
0,0,14,36,1,5,57,11,1,63,50,51,61,74,125
1,0,10,42,0,1,55,12,0,57,52,52,64,69,121
1,0,11,35,1,2,59,12,1,63,46,47,58,75,122
2,0,11,40,0,2,51,15,1,56,51,51,66,71,122
1,0,14,33,1,3,58,13,0,62,47,48,60,75,123
0,0,13,40,1,4,54,12,1,59,53,54,65,71,125
1,0,16,38,0,3,52,11,1,57,54,54,65,68,122
2,0,13,35,1,3,55,14,1,61,48,49,62,75,124
0,0,16,35,0,3,52,14,1,56,51,51,65,70,121
2,0,13,31,0,3,60,11,0,65,44,44,55,76,120
1,0,15,33,0,3,56,12,1,61,48,48,60,73,121
0,0,14,33,0,3,58,14,1,62,47,47,61,76,123
2,0,14,40,0,1,49,14,0,52,54,54,68,66,120
1,0,17,29,1,4,55,14,0,60,46,47,60,74,121
1,0,12,35,1,3,59,11,1,64,47,48,58,75,123
1,0,14,39,1,3,48,17,1,53,53,54,70,70,124
0,0,12,39,1,4,53,13,1,58,51,52,64,71,123
1,0,11,40,1,5,58,9,1,65,51,52,60,74,126
1,0,13,32,1,2,60,13,1,64,45,46,58,77,123
1,0,14,36,1,3,52,15,1,57,50,51,65,72,123
1,0,14,34,1,5,55,16,1,62,48,49,64,78,127
1,0,17,33,1,3,50,17,1,55,50,51,67,72,123
1,0,12,37,1,2,58,11,0,61,49,50,60,72,122
1,0,11,39,0,1,53,15,0,55,50,50,65,70,120
1,0,15,34,0,3,55,13,0,59,49,49,62,72,121
0,0,13,37,0,3,55,13,0,58,50,50,63,71,121
1,0,14,36,0,3,51,15,0,55,50,50,65,70,120
1,0,15,34,1,2,56,12,1,60,49,50,61,72,122
1,0,18,33,0,5,52,11,0,58,51,51,62,69,120
1,0,13,36,1,5,53,16,0,59,49,50,65,75,125
1,0,13,34,0,3,58,11,1,63,47,47,58,74,121
1,0,16,34,1,4,52,14,0,57,50,51,64,71,122
1,0,12,31,1,5,57,16,0,63,43,44,59,79,123
1,0,14,38,1,4,53,10,1,59,52,53,62,69,122
4,0,11,34,0,3,58,12,1,66,45,45,57,78,123
1,0,14,39,0,5,47,17,1,54,53,53,70,71,124
1,0,16,37,0,2,53,13,0,56,53,53,66,69,122
1,0,16,35,0,4,48,17,1,54,51,51,68,71,122
0,0,15,35,1,5,54,11,3,62,50,51,61,73,124
1,0,11,31,0,2,66,10,1,70,42,42,52,80,122
1,0,15,35,0,2,52,17,1,56,50,50,67,73,123
1,0,15,31,0,2,59,13,1,63,46,46,59,76,122
1,0,14,38,0,3,54,13,0,58,52,52,65,71,123
1,0,14,34,1,2,57,13,1,61,48,49,61,74,123
1,0,15,36,1,4,51,14,0,56,51,52,65,70,122
0,0,14,36,1,3,52,15,0,55,50,51,65,70,121
1,0,12,35,1,5,57,13,0,63,47,48,60,76,124
1,0,11,35,0,4,53,16,0,58,46,46,62,74,120
0,0,13,35,0,3,58,13,0,61,48,48,61,74,122
1,0,13,36,1,2,57,12,1,61,49,50,61,73,123
1,0,14,33,0,2,55,15,1,59,47,47,62,74,121
1,0,15,35,0,4,50,15,1,56,50,50,65,71,121
1,0,12,35,0,4,54,16,1,60,47,47,63,76,123
0,0,15,31,0,3,56,17,0,59,46,46,63,76,122
1,0,13,34,0,2,59,13,1,63,47,47,60,76,123
2,0,12,36,1,3,54,13,1,60,48,49,61,73,122
0,0,13,36,0,3,50,18,0,53,49,49,67,71,120
1,0,12,34,1,4,57,13,1,63,46,47,59,76,123
1,0,13,34,1,4,56,14,1,62,47,48,61,76,124
1,0,14,34,1,4,55,14,1,61,48,49,62,75,124
1,0,13,41,1,3,48,17,0,52,54,55,71,69,124
1,0,13,34,0,5,54,18,0,60,47,47,65,78,125
1,0,15,32,1,3,57,12,1,62,47,48,59,74,122
1,0,12,38,1,4,54,14,1,60,50,51,64,74,125
1,0,17,35,0,5,48,14,0,54,52,52,66,68,120
0,0,15,33,0,3,55,16,0,58,48,48,64,74,122
1,0,13,38,1,2,56,11,1,60,51,52,62,71,123
1,0,12,38,0,4,54,15,0,59,50,50,65,74,124
1,0,14,36,1,4,54,13,0,59,50,51,63,72,123
1,0,13,37,0,3,54,15,0,58,50,50,65,73,123
1,0,14,35,0,4,56,11,1,62,49,49,60,73,122
1,0,15,33,0,2,58,12,1,62,48,48,60,74,122
1,0,13,34,1,3,58,12,1,63,47,48,59,75,123
1,0,15,37,0,3,53,13,1,58,52,52,65,71,123
1,0,15,39,0,2,52,12,1,56,54,54,66,68,122
1,0,14,31,0,4,60,13,1,66,45,45,58,79,124
1,0,12,35,1,3,58,12,1,63,47,48,59,75,123
1,0,14,39,0,0,54,13,1,56,53,53,66,69,122
1,0,15,35,1,4,49,18,0,54,50,51,68,72,123
1,0,14,35,0,3,56,11,1,61,49,49,60,72,121
0,0,13,33,0,5,59,13,0,64,46,46,59,77,123
1,0,15,34,0,2,58,11,0,61,49,49,60,72,121
1,0,14,32,0,3,58,14,1,63,46,46,60,77,123
1,0,11,36,1,3,53,17,1,58,47,48,64,75,123
1,0,17,29,1,3,56,15,1,61,46,47,61,76,123
1,0,9,37,1,5,56,16,1,63,46,47,62,79,126
1,0,12,37,1,2,57,13,1,61,49,50,62,74,124
1,0,12,35,1,2,60,12,1,64,47,48,59,76,124
1,0,18,31,0,3,54,13,1,59,49,49,62,72,121
1,0,13,37,1,3,60,8,0,64,50,51,58,72,123
1,0,10,40,1,2,54,13,0,57,50,51,63,70,121
1,0,16,35,1,5,51,16,1,58,51,52,67,74,126
1,0,13,32,0,3,58,15,0,62,45,45,60,77,122
1,0,11,38,0,2,58,10,1,62,49,49,59,72,121
1,0,16,31,1,5,60,11,1,67,47,48,58,78,126
1,0,12,38,0,4,54,13,0,59,50,50,63,72,122
1,0,13,37,1,4,51,16,1,57,50,51,66,73,124
1,0,15,33,0,2,57,12,1,61,48,48,60,73,121
8,0,12,34,0,4,54,10,1,67,46,46,56,77,123
1,0,13,32,1,4,59,12,1,65,45,46,57,77,123
1,0,15,34,1,3,51,17,1,56,49,50,66,73,123
1,0,16,32,1,3,54,15,1,59,48,49,63,74,123
3,0,13,35,1,3,50,15,1,57,48,49,63,72,121
0,0,15,34,1,2,55,13,0,57,49,50,62,70,120
0,0,14,35,1,4,58,10,1,63,49,50,59,73,123
1,0,13,37,1,2,58,11,0,61,50,51,61,72,123
0,0,15,34,1,5,56,13,1,62,49,50,62,75,125
1,0,18,34,1,2,52,14,1,56,52,53,66,70,123
0,0,13,34,0,3,56,14,1,60,47,47,61,74,121
1,0,15,37,0,4,50,15,1,56,52,52,67,71,123
1,0,14,35,0,3,53,14,1,58,49,49,63,72,121
1,0,12,39,1,3,54,13,1,59,51,52,64,72,124
0,0,17,33,0,6,58,11,0,64,50,50,61,75,125
0,0,13,38,0,4,52,16,1,57,51,51,67,73,124
1,0,12,40,1,4,52,15,0,57,52,53,67,72,125
1,0,15,33,0,5,52,15,0,58,48,48,63,73,121
0,0,12,32,0,3,63,12,0,66,44,44,56,78,122
1,0,11,39,1,3,52,15,1,57,50,51,65,72,123
4,0,15,32,1,4,54,12,1,63,47,48,59,75,123
1,0,13,41,0,3,49,15,0,53,54,54,69,68,122
1,0,15,34,1,3,53,16,0,57,49,50,65,73,123
1,0,13,31,1,5,54,17,1,61,44,45,61,78,123
1,0,13,40,1,2,52,14,1,56,53,54,67,70,124
1,0,13,38,0,0,53,15,1,55,51,51,66,70,121
0,0,14,33,0,3,58,12,0,61,47,47,59,73,120
0,0,15,34,1,4,57,10,1,62,49,50,59,72,122
1,0,16,38,1,3,50,15,0,54,54,55,69,69,124
1,0,15,38,1,3,51,14,1,56,53,54,67,70,124
1,0,14,38,0,4,55,10,1,61,52,52,62,71,123
1,0,14,36,0,3,53,13,1,58,50,50,63,71,121
1,0,14,38,1,4,52,13,0,57,52,53,65,70,123
1,0,13,33,1,5,55,13,1,62,46,47,59,75,122
1,0,15,32,0,3,59,12,1,64,47,47,59,76,123
1,0,17,33,1,3,51,16,1,56,50,51,66,72,123
1,0,16,35,1,3,54,11,0,58,51,52,62,69,121
1,0,12,32,1,4,61,12,0,66,44,45,56,78,123
1,0,15,37,0,3,57,10,0,61,52,52,62,71,123
1,0,16,35,1,5,51,12,0,57,51,52,63,69,121
1,0,15,40,0,3,51,12,0,55,55,55,67,67,122
1,0,14,36,1,3,55,12,0,59,50,51,62,71,122
1,0,14,33,0,3,52,17,1,57,47,47,64,74,121
1,0,12,35,0,4,55,14,0,60,47,47,61,74,121
0,0,18,33,0,6,50,16,1,57,51,51,67,73,124
1,0,14,36,1,6,48,16,1,56,50,51,66,72,123
1,0,13,40,1,3,52,13,1,57,53,54,66,70,124
1,0,14,32,1,5,59,12,0,65,46,47,58,77,124
2,0,14,33,1,3,53,17,1,59,47,48,64,76,124
1,0,15,32,1,5,60,11,0,66,47,48,58,77,125
1,0,14,37,1,3,51,15,1,56,51,52,66,71,123
0,0,13,37,1,2,53,15,0,55,50,51,65,70,121
2,0,15,34,0,3,54,13,1,60,49,49,62,73,122
0,0,15,35,1,3,54,13,1,58,50,51,63,71,122
1,0,18,34,0,2,47,18,1,51,52,52,70,69,121
1,0,13,39,1,1,57,10,1,60,52,53,62,70,123
1,0,12,39,0,3,54,13,1,59,51,51,64,72,123
1,0,10,39,0,2,54,15,0,57,49,49,64,72,121
1,0,12,38,0,2,55,13,1,59,50,50,63,72,122
1,0,13,35,1,6,53,17,0,60,48,49,65,77,126
1,0,12,35,1,5,60,11,1,67,47,48,58,78,126
1,0,16,34,1,2,54,13,1,58,50,51,63,71,122
1,0,15,37,0,3,53,13,1,58,52,52,65,71,123
1,0,15,34,1,4,55,11,1,61,49,50,60,72,122
1,0,17,33,1,6,50,17,1,58,50,51,67,75,126
1,0,17,37,1,3,53,12,0,57,54,55,66,69,124
0,0,17,31,0,3,54,16,1,58,48,48,64,74,122
0,0,13,36,1,2,57,12,1,60,49,50,61,72,122
2,0,10,33,1,3,57,15,1,63,43,44,58,78,122
1,0,14,37,0,4,56,11,1,62,51,51,62,73,124
1,0,16,30,1,3,59,12,0,63,46,47,58,75,122
2,0,13,35,0,3,56,12,1,62,48,48,60,74,122
2,0,15,31,0,4,59,10,0,65,46,46,56,75,121
2,0,13,30,0,6,60,12,0,68,43,43,55,80,123
1,0,13,39,1,2,53,13,0,56,52,53,65,69,122
1,0,16,36,1,5,50,16,0,56,52,53,68,72,125
1,0,13,36,0,4,55,15,1,61,49,49,64,76,125
1,0,13,37,1,4,56,11,0,61,50,51,61,72,123
0,0,14,38,1,2,53,12,0,55,52,53,64,67,120
1,0,11,35,1,3,54,15,0,58,46,47,61,73,120
1,0,13,39,1,5,55,11,0,61,52,53,63,72,125
1,0,10,36,0,4,61,11,0,66,46,46,57,77,123
1,0,12,36,0,2,56,13,0,59,48,48,61,72,120
1,0,16,34,0,4,49,17,0,54,50,50,67,71,121
0,0,16,39,0,2,52,12,0,54,55,55,67,66,121
1,0,12,35,0,6,56,12,1,64,47,47,59,76,123
1,0,14,37,1,4,51,17,0,56,51,52,68,73,125
1,0,12,39,0,3,53,14,0,57,51,51,65,71,122
1,0,13,40,0,3,50,16,1,55,53,53,69,71,124
1,0,16,36,0,3,48,17,0,52,52,52,69,69,121
1,0,16,35,0,2,56,12,0,59,51,51,63,71,122
1,0,13,38,1,1,52,16,1,55,51,52,67,71,123
1,0,15,40,0,2,48,15,0,51,55,55,70,66,121
0,0,13,35,1,2,57,13,1,60,48,49,61,73,122
1,0,11,35,1,3,58,14,0,62,46,47,60,76,123
1,0,15,37,0,2,52,13,0,55,52,52,65,68,120
1,0,15,32,1,3,58,12,1,63,47,48,59,75,123
2,0,13,36,0,4,52,14,0,58,49,49,63,72,121
1,0,13,34,1,3,53,16,0,57,47,48,63,73,121
2,0,16,36,0,3,49,15,0,54,52,52,67,69,121
2,0,14,32,0,5,58,11,1,66,46,46,57,77,123
1,0,13,35,1,1,54,17,1,57,48,49,65,74,123
0,0,16,34,1,4,52,15,1,57,50,51,65,72,123
0,0,15,34,1,4,53,16,1,58,49,50,65,74,124
1,0,11,37,1,3,54,16,1,59,48,49,64,75,124
0,0,15,36,0,3,51,15,0,54,51,51,66,69,120
1,0,12,38,0,4,57,10,1,63,50,50,60,73,123
2,0,13,40,0,1,51,13,1,55,53,53,66,68,121
1,0,14,36,1,5,52,14,1,59,50,51,64,73,124
1,0,18,34,0,3,47,19,1,52,52,52,71,71,123
1,0,13,34,1,5,59,12,1,66,47,48,59,78,126
0,0,11,35,1,5,60,13,1,66,46,47,59,79,126
1,0,17,38,1,3,48,15,0,52,55,56,70,67,123
1,0,16,38,1,2,51,14,1,55,54,55,68,69,124
0,0,16,37,1,3,53,12,1,57,53,54,65,69,123
0,0,15,35,0,2,56,13,1,59,50,50,63,72,122
1,0,17,37,0,3,54,11,1,59,54,54,65,70,124
1,0,15,36,1,4,55,11,1,61,51,52,62,72,124
1,0,12,39,0,4,52,15,0,57,51,51,66,72,123
2,0,12,34,0,2,60,11,1,65,46,46,57,76,122
1,0,11,34,0,3,59,13,1,64,45,45,58,77,122
0,0,18,34,0,3,50,17,0,53,52,52,69,70,122
1,0,13,37,0,4,55,13,1,61,50,50,63,74,124
1,0,13,34,1,2,57,13,0,60,47,48,60,73,121
1,0,14,35,0,2,55,12,1,59,49,49,61,71,120
1,0,12,39,1,2,53,14,1,57,51,52,65,71,123
1,0,14,35,1,3,52,17,0,56,49,50,66,73,123
0,0,16,37,0,3,53,12,0,56,53,53,65,68,121
1,0,15,34,0,5,53,11,1,60,49,49,60,71,120
1,0,14,34,0,3,56,13,0,60,48,48,61,73,121
1,0,14,38,1,4,51,14,0,56,52,53,66,70,123
1,0,15,34,1,6,53,15,1,61,49,50,64,76,126
0,0,12,37,0,4,56,14,1,61,49,49,63,75,124
1,0,16,33,1,4,52,16,1,58,49,50,65,74,124
1,0,13,37,0,2,56,12,1,60,50,50,62,72,122
2,0,15,33,0,4,52,15,2,60,48,48,63,75,123
1,0,14,35,0,3,52,15,1,57,49,49,64,72,121
1,0,17,31,0,4,59,12,1,65,48,48,60,77,125
1,0,14,36,1,3,54,12,1,59,50,51,62,71,122
1,0,14,36,1,2,52,15,1,56,50,51,65,71,122
0,0,15,30,1,3,59,13,0,62,45,46,58,75,121
1,0,16,35,1,4,52,16,1,58,51,52,67,74,126
1,0,16,30,1,5,59,13,1,66,46,47,59,79,126
0,0,13,33,0,4,61,11,1,66,46,46,57,77,123
1,0,12,34,1,3,59,11,0,63,46,47,57,74,121
1,0,12,35,1,2,55,15,0,58,47,48,62,73,121
1,0,13,40,1,4,52,14,1,58,53,54,67,72,126
3,0,17,32,0,4,51,16,0,58,49,49,65,74,123
1,0,13,31,0,3,60,14,1,65,44,44,58,79,123
1,0,11,36,1,3,55,14,1,60,47,48,61,74,122
1,0,14,32,0,3,59,13,0,63,46,46,59,76,122
2,0,14,36,0,3,56,11,0,61,50,50,61,72,122
1,0,12,36,0,4,56,13,0,61,48,48,61,74,122
1,0,11,35,1,3,57,15,0,61,46,47,61,76,123
1,0,19,34,0,3,50,13,0,54,53,53,66,67,120
2,0,16,36,0,4,52,12,0,58,52,52,64,70,122
0,0,14,33,1,2,55,16,1,58,47,48,63,74,122
1,0,16,35,0,3,52,14,0,56,51,51,65,70,121
0,0,14,34,0,5,53,14,1,59,48,48,62,73,121
1,0,14,32,0,2,57,14,1,61,46,46,60,75,121
1,0,16,33,0,2,56,12,1,60,49,49,61,72,121
1,0,12,37,1,2,55,13,0,58,49,50,62,71,121
1,0,15,38,0,3,54,11,0,58,53,53,64,69,122
0,0,14,36,0,5,57,11,1,63,50,50,61,74,124
0,0,13,38,0,3,53,14,1,57,51,51,65,71,122
1,0,15,37,1,2,54,12,1,58,52,53,64,70,123
1,0,11,37,0,2,60,10,0,63,48,48,58,73,121
1,0,13,32,1,3,61,12,0,65,45,46,57,77,123
1,0,15,36,1,3,56,10,1,61,51,52,61,71,123
0,0,15,35,0,0,59,11,1,60,50,50,61,71,121
1,0,16,31,0,2,57,13,1,61,47,47,60,74,121
1,0,11,35,1,3,59,12,1,64,46,47,58,76,123
1,0,13,36,0,5,59,11,1,66,49,49,60,77,126
1,0,14,32,0,5,58,15,0,64,46,46,61,79,125
1,0,13,34,1,3,54,16,0,58,47,48,63,74,122
1,0,8,39,0,5,59,12,0,65,47,47,59,77,124
1,0,13,35,0,3,59,12,1,64,48,48,60,76,124
1,0,16,33,0,3,53,16,0,57,49,49,65,73,122
2,0,12,38,1,3,52,13,0,57,50,51,63,70,121
1,0,14,37,0,2,53,13,0,56,51,51,64,69,120
1,0,16,36,0,3,54,11,1,59,52,52,63,70,122
1,0,15,34,1,4,54,15,1,60,49,50,64,75,125
1,0,14,37,1,3,54,13,1,59,51,52,64,72,124
2,0,15,32,0,4,53,13,1,60,47,47,60,73,120
3,0,15,34,0,3,54,12,1,61,49,49,61,73,122
1,0,13,35,1,2,55,14,1,59,48,49,62,73,122
1,0,16,29,1,5,60,10,0,66,45,46,55,76,122
1,0,17,34,1,6,51,12,0,58,51,52,63,70,122
1,0,15,34,0,3,54,13,1,59,49,49,62,72,121
1,0,14,40,0,5,51,9,1,58,54,54,63,67,121
1,0,15,35,1,2,54,15,0,57,50,51,65,72,123
1,0,12,36,0,5,57,12,1,64,48,48,60,76,124
1,0,12,39,0,1,54,14,0,56,51,51,65,70,121
0,0,11,39,1,4,56,13,0,60,50,51,63,73,124
1,0,9,34,0,3,62,11,1,67,43,43,54,78,121
3,0,11,34,0,3,54,16,0,60,45,45,61,76,121
0,0,12,34,0,3,59,14,1,63,46,46,60,77,123
1,0,14,37,0,4,56,12,1,62,51,51,63,74,125
1,0,15,39,0,2,52,12,1,56,54,54,66,68,122
1,0,14,38,0,4,53,10,1,59,52,52,62,69,121
0,0,16,32,0,3,56,13,0,59,48,48,61,72,120
1,0,15,36,1,4,53,12,0,58,51,52,63,70,122
1,0,13,38,0,4,56,11,0,61,51,51,62,72,123
1,0,13,31,1,3,62,11,0,66,44,45,55,77,122
0,0,16,39,1,3,47,16,1,51,55,56,71,67,123
1,0,14,37,0,3,54,12,0,58,51,51,63,70,121
1,0,15,33,0,4,58,11,0,63,48,48,59,74,122
1,0,13,38,1,3,55,12,0,59,51,52,63,71,123
0,0,16,38,0,4,50,14,0,54,54,54,68,68,122
1,0,14,35,0,4,53,15,1,59,49,49,64,74,123
1,0,15,33,1,1,58,12,0,60,48,49,60,72,121
1,0,12,40,0,3,55,11,0,59,52,52,63,70,122
1,0,11,36,0,2,60,10,1,64,47,47,57,74,121
3,0,15,37,0,4,49,14,1,57,52,52,66,71,123
1,0,13,36,0,4,55,13,0,60,49,49,62,73,122
1,0,12,35,1,4,59,12,1,65,47,48,59,77,125
1,0,12,34,0,3,61,10,1,66,46,46,56,76,122
0,0,17,37,1,3,53,11,1,57,54,55,65,68,123
1,0,13,32,1,3,54,18,1,59,45,46,63,77,123
1,0,12,39,0,3,49,18,1,54,51,51,69,72,123
0,0,14,37,0,4,52,13,1,57,51,51,64,70,121
0,0,17,34,1,3,54,13,1,58,51,52,64,71,123
1,0,12,36,0,2,52,18,1,56,48,48,66,74,122
1,0,15,33,1,2,56,12,1,60,48,49,60,72,121
0,0,20,32,1,2,57,10,0,59,52,53,62,69,122
1,0,11,37,1,1,57,13,0,59,48,49,61,72,121
1,0,12,35,1,4,58,12,1,64,47,48,59,76,124
1,0,14,36,0,2,57,11,1,61,50,50,61,72,122
1,0,13,33,1,4,56,13,0,61,46,47,59,74,121
1,0,14,33,1,3,56,14,1,61,47,48,61,75,123
0,0,15,32,0,4,55,15,1,60,47,47,62,75,122
0,0,16,37,0,5,50,15,1,56,53,53,68,71,124
1,0,15,39,1,5,52,13,1,59,54,55,67,72,127
1,0,13,35,1,4,56,15,0,61,48,49,63,76,125
1,0,14,36,1,1,55,12,0,57,50,51,62,69,120
1,0,15,33,0,2,54,15,0,57,48,48,63,72,120
1,0,12,37,0,5,54,14,1,61,49,49,63,75,124
1,0,14,37,0,2,55,12,0,58,51,51,63,70,121
1,0,14,33,1,4,55,16,0,60,47,48,63,76,124
0,0,16,33,0,2,55,15,1,58,49,49,64,73,122
1,0,11,35,0,2,58,14,1,62,46,46,60,76,122
1,0,16,36,0,2,51,15,0,54,52,52,67,69,121
1,0,17,33,1,4,53,15,0,58,50,51,65,73,124
1,0,14,36,0,1,54,15,1,57,50,50,65,72,122
2,0,15,32,2,3,55,13,1,61,47,49,60,74,123
1,0,15,32,0,3,56,15,1,61,47,47,62,76,123
4,0,14,31,0,5,57,8,1,67,45,45,53,75,120
1,0,10,40,1,3,54,14,0,58,50,51,64,72,123
1,0,14,36,1,6,55,12,1,63,50,51,62,75,126
1,0,13,36,1,3,54,13,1,59,49,50,62,72,122
1,0,17,37,1,5,54,10,1,61,54,55,64,71,126
1,0,20,33,1,3,48,17,0,52,53,54,70,69,123
1,0,13,38,0,4,54,11,1,60,51,51,62,71,122
2,0,16,31,1,2,59,10,1,64,47,48,57,74,122
1,0,13,38,1,3,54,13,1,59,51,52,64,72,124
0,0,16,30,0,3,56,15,1,60,46,46,61,75,121
1,0,16,36,0,2,51,15,1,55,52,52,67,70,122
1,0,14,35,1,3,56,12,0,60,49,50,61,72,122
0,0,10,36,1,3,58,13,0,61,46,47,59,74,121
1,0,17,32,0,3,54,13,1,59,49,49,62,72,121
0,0,14,38,0,4,55,9,0,59,52,52,61,68,120
1,0,14,37,0,2,54,12,1,58,51,51,63,70,121
2,0,13,37,1,3,51,14,1,57,50,51,64,71,122
1,0,17,36,1,4,51,12,1,57,53,54,65,69,123
1,0,13,35,0,2,57,13,1,61,48,48,61,74,122
1,0,17,35,1,5,54,13,0,60,52,53,65,73,126
0,0,16,34,1,4,53,13,1,58,50,51,63,71,122
1,0,15,36,1,3,51,15,1,56,51,52,66,71,123
1,0,14,37,1,3,53,14,0,57,51,52,65,71,123
0,0,16,38,1,3,51,12,0,54,54,55,66,66,121
1,0,10,36,1,2,57,15,1,61,46,47,61,76,123
1,0,15,37,1,5,54,11,0,60,52,53,63,71,124
1,0,14,33,1,4,54,16,0,59,47,48,63,75,123
1,0,17,34,1,3,55,10,1,60,51,52,61,70,122
1,0,15,35,0,3,52,14,1,57,50,50,64,71,121
1,0,11,38,1,3,54,14,0,58,49,50,63,72,122
1,0,11,37,0,3,58,13,0,62,48,48,61,75,123
3,0,12,32,0,0,60,13,1,64,44,44,57,77,121
0,0,15,33,1,4,61,9,1,66,48,49,57,75,124
1,0,16,35,1,5,51,13,1,58,51,52,64,71,123
0,0,14,35,0,3,60,10,1,64,49,49,59,74,123
1,0,11,41,1,3,52,14,0,56,52,53,66,70,123
0,0,14,37,0,4,56,9,1,61,51,51,60,70,121
0,0,15,37,0,4,51,16,0,55,52,52,68,71,123
1,0,13,32,1,5,61,11,0,67,45,46,56,78,124
0,0,16,36,0,4,50,16,1,55,52,52,68,71,123
1,0,13,36,1,1,57,12,0,59,49,50,61,71,121
1,0,15,34,1,3,56,11,1,61,49,50,60,72,122
0,0,14,35,0,4,57,11,1,62,49,49,60,73,122
1,0,16,30,0,2,55,16,1,59,46,46,62,75,121
1,0,13,34,0,2,60,11,1,64,47,47,58,75,122
1,0,11,37,0,4,59,11,1,65,48,48,59,76,124
1,0,16,35,1,5,56,11,0,62,51,52,62,73,125
1,0,12,34,1,3,59,13,0,63,46,47,59,76,123
0,0,13,38,0,4,54,12,1,59,51,51,63,71,122
1,0,17,27,0,4,62,12,0,67,44,44,56,79,123
1,0,12,36,1,2,57,14,1,61,48,49,62,75,124
1,0,14,37,0,2,55,12,1,59,51,51,63,71,122
1,0,16,31,0,3,54,15,0,58,47,47,62,73,120
1,0,12,40,0,4,55,11,1,61,52,52,63,72,124
1,0,11,42,1,4,50,14,1,56,53,54,67,70,124
1,0,14,37,1,4,56,11,0,61,51,52,62,72,124
1,0,15,37,0,2,51,13,1,55,52,52,65,68,120
0,0,13,36,1,3,58,12,0,61,49,50,61,73,123
0,0,15,36,3,2,52,13,1,55,51,54,64,68,122
1,0,13,34,0,2,56,15,1,60,47,47,62,75,122
1,0,15,34,0,3,54,14,0,58,49,49,63,72,121
1,0,13,34,0,1,55,17,0,57,47,47,64,74,121
1,0,12,36,1,5,59,11,1,66,48,49,59,77,126
1,0,14,37,0,3,54,12,1,59,51,51,63,71,122
0,0,11,34,1,4,59,11,1,64,45,46,56,75,121
1,0,14,30,0,4,61,12,0,66,44,44,56,78,122
6,0,14,34,1,3,54,11,1,64,48,49,59,75,124
1,0,15,33,1,5,55,11,1,62,48,49,59,73,122
1,0,11,36,0,4,56,13,1,62,47,47,60,75,122
2,0,13,33,0,4,58,12,0,64,46,46,58,76,122
2,0,15,33,0,2,54,14,1,59,48,48,62,73,121
1,0,15,32,1,2,55,14,1,59,47,48,61,73,121
1,0,14,37,1,3,56,11,0,60,51,52,62,71,123
1,0,14,37,1,3,54,13,0,58,51,52,64,71,123
1,0,14,34,0,3,57,13,1,62,48,48,61,75,123
1,0,14,31,1,2,58,14,1,62,45,46,59,76,122
2,0,15,33,0,5,56,13,1,64,48,48,61,77,125
1,0,14,36,0,0,54,15,1,56,50,50,65,71,121
1,0,11,39,1,4,56,12,0,61,50,51,62,73,124
1,0,15,38,1,2,51,13,2,56,53,54,66,69,123
1,0,16,31,0,4,55,13,1,61,47,47,60,74,121
3,0,16,32,1,3,53,13,0,59,48,49,61,72,121
1,0,14,36,0,4,53,12,1,59,50,50,62,71,121
1,0,15,33,0,3,57,12,1,62,48,48,60,74,122
1,0,18,34,0,2,50,15,0,53,52,52,67,68,120
1,0,15,33,0,4,54,14,0,59,48,48,62,73,121
1,0,14,35,1,2,55,15,0,58,49,50,64,73,123
1,0,14,38,1,4,51,14,1,57,52,53,66,71,124
4,0,10,32,1,3,55,16,1,63,42,43,58,79,122
1,0,15,32,1,2,54,17,0,57,47,48,64,74,122
1,0,12,38,0,4,54,13,0,59,50,50,63,72,122
0,0,12,35,0,4,55,16,1,60,47,47,63,76,123
3,0,12,36,1,3,53,15,1,60,48,49,63,75,124
0,0,16,35,1,2,51,15,1,54,51,52,66,69,121
1,0,14,32,1,5,60,9,1,67,46,47,55,76,123
1,0,15,36,1,3,50,17,1,55,51,52,68,72,124
1,0,13,37,1,2,55,13,0,58,50,51,63,71,122
1,0,15,35,0,5,50,19,0,56,50,50,69,75,125
0,0,15,35,0,4,57,11,0,61,50,50,61,72,122
1,0,13,38,0,3,56,10,0,60,51,51,61,70,121
1,0,15,32,1,4,63,9,1,69,47,48,56,78,126
1,0,14,34,1,5,56,14,0,62,48,49,62,76,125
1,0,15,37,0,4,51,15,1,57,52,52,67,72,124
1,0,13,33,0,2,59,14,1,63,46,46,60,77,123
1,0,14,35,1,3,54,14,0,58,49,50,63,72,122
0,0,18,31,1,1,57,13,0,58,49,50,62,71,121
1,0,13,37,3,4,49,14,1,55,50,53,64,69,122
1,0,11,34,0,2,58,16,1,62,45,45,61,78,123
1,0,14,36,1,3,54,14,1,59,50,51,64,73,124
1,0,11,36,1,3,57,13,1,62,47,48,60,75,123
0,0,19,33,1,4,52,13,0,56,52,53,65,69,122
0,0,10,39,0,4,56,13,1,61,49,49,62,74,123
0,0,14,35,0,3,56,14,1,60,49,49,63,74,123
1,0,15,35,0,2,53,14,1,57,50,50,64,71,121
5,0,13,35,1,5,50,13,1,61,48,49,61,74,123
0,0,13,39,0,3,50,15,0,53,52,52,67,68,120
1,0,12,33,0,3,57,15,1,62,45,45,60,77,122
1,0,16,37,0,3,52,13,0,56,53,53,66,69,122
1,0,14,38,0,4,52,15,1,58,52,52,67,73,125
1,0,13,34,1,2,54,17,1,58,47,48,64,75,123
1,0,12,38,0,3,54,15,1,59,50,50,65,74,124
1,0,10,38,1,3,62,8,1,67,48,49,56,75,124
2,0,14,34,1,5,56,12,0,63,48,49,60,75,124
1,0,12,38,0,3,50,17,0,54,50,50,67,71,121
0,0,15,33,1,3,53,16,0,56,48,49,64,72,121
1,0,16,34,0,2,50,19,0,53,50,50,69,72,122
1,0,13,33,1,2,59,12,1,63,46,47,58,75,122
1,0,12,40,1,2,51,14,1,55,52,53,66,69,122
3,0,11,36,1,4,56,12,1,64,47,48,59,76,124
0,0,16,32,1,4,54,15,1,59,48,49,63,74,123
1,0,13,34,1,2,58,14,0,61,47,48,61,75,123
1,0,14,36,1,3,52,14,0,56,50,51,64,70,121
1,0,15,39,1,4,47,17,0,52,54,55,71,69,124
1,0,14,34,1,4,56,12,0,61,48,49,60,73,122
1,0,17,33,1,5,52,13,1,59,50,51,63,72,123
1,0,15,33,1,3,56,14,0,60,48,49,62,74,123
1,0,17,33,0,4,56,12,1,62,50,50,62,74,124
1,0,17,31,0,5,52,14,1,59,48,48,62,73,121
1,0,15,36,1,3,53,14,1,58,51,52,65,72,124
1,0,16,36,1,2,54,12,1,58,52,53,64,70,123
1,0,15,36,1,2,52,13,1,56,51,52,64,69,121
1,0,15,32,0,5,55,14,0,61,47,47,61,75,122
1,0,12,34,0,4,61,11,0,66,46,46,57,77,123
1,0,13,36,1,4,52,14,0,57,49,50,63,71,121
1,0,14,38,1,3,53,12,0,57,52,53,64,69,122
0,0,14,36,0,4,52,16,0,56,50,50,66,72,122
1,0,15,34,0,3,57,11,0,61,49,49,60,72,121
1,0,11,37,0,2,56,14,0,59,48,48,62,73,121
1,0,13,34,0,3,55,14,0,59,47,47,61,73,120
2,0,13,32,0,3,58,12,1,64,45,45,57,76,121
1,0,12,37,1,2,53,15,1,57,49,50,64,72,122
1,0,15,39,1,4,50,14,0,55,54,55,68,69,124
1,0,11,40,0,4,55,11,0,60,51,51,62,71,122
1,0,11,30,1,3,60,15,1,65,41,42,56,80,122
1,0,13,35,0,1,56,14,1,59,48,48,62,73,121
2,0,18,32,0,0,57,11,1,60,50,50,61,71,121
1,0,15,33,1,4,54,14,0,59,48,49,62,73,122
1,0,13,35,1,4,61,9,0,66,48,49,57,75,124
1,0,17,32,1,4,53,13,0,58,49,50,62,71,121
1,0,17,33,0,3,52,15,0,56,50,50,65,71,121
1,0,16,34,0,2,54,13,0,57,50,50,63,70,120
1,0,15,37,1,4,54,11,1,60,52,53,63,71,124
1,0,14,37,0,4,52,15,1,58,51,51,66,73,124
0,0,15,31,0,4,56,14,1,61,46,46,60,75,121
1,0,12,38,1,4,51,16,0,56,50,51,66,72,123
0,0,13,36,0,5,58,12,1,64,49,49,61,76,125
1,0,16,35,0,3,51,15,0,55,51,51,66,70,121
1,0,14,33,1,3,53,17,0,57,47,48,64,74,122
0,0,16,37,1,4,52,13,1,57,53,54,66,70,124
1,0,14,33,1,3,58,12,0,62,47,48,59,74,122
1,0,13,34,0,4,55,14,1,61,47,47,61,75,122
1,0,13,35,1,3,55,15,1,60,48,49,63,75,124
1,0,13,34,0,4,61,10,0,66,47,47,57,76,123
1,0,14,33,0,4,56,13,0,61,47,47,60,74,121
1,0,13,34,1,3,58,13,1,63,47,48,60,76,124
1,0,14,39,0,4,52,13,1,58,53,53,66,71,124
1,0,15,37,0,6,50,11,0,57,52,52,63,68,120
2,0,14,33,0,6,58,12,1,67,47,47,59,79,126
1,0,15,33,0,4,57,13,0,62,48,48,61,75,123
1,0,11,33,1,4,59,13,1,65,44,45,57,78,123
1,0,14,34,1,5,52,13,1,59,48,49,61,72,121
1,0,11,36,1,3,58,13,1,63,47,48,60,76,124
2,0,13,33,1,3,53,16,0,58,46,47,62,74,121
2,0,14,37,0,3,48,16,1,54,51,51,67,70,121
0,0,16,34,0,3,51,16,1,55,50,50,66,71,121
1,0,18,32,1,4,52,14,1,58,50,51,64,72,123
0,0,15,34,1,6,52,13,0,58,49,50,62,71,121
1,0,13,35,1,3,58,11,1,63,48,49,59,74,123
1,0,13,35,0,3,58,12,1,63,48,48,60,75,123
2,0,14,35,0,3,53,14,1,59,49,49,63,73,122
1,0,14,34,1,4,53,15,1,59,48,49,63,74,123
1,0,12,36,0,3,60,10,1,65,48,48,58,75,123
1,0,16,36,0,4,55,11,0,60,52,52,63,71,123
1,0,15,35,1,4,55,12,1,61,50,51,62,73,124
0,0,15,36,1,2,55,13,0,57,51,52,64,70,122
2,0,13,36,0,4,56,11,0,62,49,49,60,73,122
1,0,14,36,0,5,53,14,1,60,50,50,64,74,124
1,0,13,35,0,4,57,14,0,62,48,48,62,76,124
1,0,13,34,1,5,53,14,1,60,47,48,61,74,122
1,0,14,31,1,2,59,15,1,63,45,46,60,78,124
1,0,23,30,0,3,49,15,1,54,53,53,68,69,122
0,0,14,35,0,2,53,15,1,56,49,49,64,71,120
1,0,11,34,0,3,64,9,1,69,45,45,54,78,123
1,0,13,39,1,2,53,13,1,57,52,53,65,70,123
0,0,14,40,1,4,49,13,1,54,54,55,67,67,122
1,0,16,36,1,2,54,12,0,57,52,53,64,69,122
1,0,18,32,0,2,57,12,1,61,50,50,62,73,123
2,0,16,35,0,2,55,9,1,60,51,51,60,69,120
1,0,15,35,0,3,49,18,0,53,50,50,68,71,121
0,0,17,32,1,3,55,14,1,59,49,50,63,73,123
1,0,12,39,0,4,55,13,1,61,51,51,64,74,125
1,0,13,34,0,3,56,15,1,61,47,47,62,76,123
1,0,15,32,1,3,57,12,1,62,47,48,59,74,122
2,0,11,37,1,2,53,16,0,57,48,49,64,73,122
1,0,12,37,1,3,55,13,1,60,49,50,62,73,123
0,0,15,34,1,4,56,14,0,60,49,50,63,74,124
0,0,17,37,0,3,51,14,0,54,54,54,68,68,122
1,0,16,33,1,3,53,16,0,57,49,50,65,73,123
1,0,15,32,1,3,56,15,1,61,47,48,62,76,124
1,0,12,37,1,3,54,15,1,59,49,50,64,74,124
1,0,15,32,0,2,58,13,1,62,47,47,60,75,122
1,0,14,35,1,4,57,10,0,62,49,50,59,72,122
1,0,16,34,1,5,53,13,1,60,50,51,63,73,124
1,0,13,38,0,1,53,14,1,56,51,51,65,70,121
1,0,13,34,1,2,59,11,1,63,47,48,58,74,122
1,0,16,32,1,4,57,13,1,63,48,49,61,76,125
0,0,12,32,1,3,59,15,1,63,44,45,59,78,123
0,0,15,38,0,4,52,14,1,57,53,53,67,71,124
1,0,16,31,0,4,56,15,1,62,47,47,62,77,124
6,0,14,27,1,2,58,13,0,66,41,42,54,79,121
1,0,12,41,0,4,53,12,0,58,53,53,65,70,123
1,0,15,31,1,2,55,16,1,59,46,47,62,75,122
1,0,12,34,1,3,60,13,0,64,46,47,59,77,124
1,0,13,39,1,2,53,12,0,56,52,53,64,68,121
3,0,14,34,0,4,55,13,0,62,48,48,61,75,123
1,0,13,34,0,3,56,15,0,60,47,47,62,75,122
1,0,12,34,1,6,57,14,0,64,46,47,60,78,125
1,0,12,37,1,7,53,10,0,61,49,50,59,71,121
2,0,15,31,1,2,53,18,1,58,46,47,64,76,123
0,0,15,33,1,2,57,13,1,60,48,49,61,73,122
1,0,13,37,0,3,55,14,0,59,50,50,64,73,123
0,0,13,35,0,4,56,13,0,60,48,48,61,73,121
1,0,14,37,0,4,54,13,1,60,51,51,64,73,124
1,0,14,37,1,3,49,18,1,54,51,52,69,72,124
0,0,14,38,1,2,51,13,2,55,52,53,65,68,121
1,0,13,36,0,4,57,12,0,62,49,49,61,74,123
1,0,16,29,0,3,60,14,1,65,45,45,59,79,124
1,0,15,35,0,2,54,13,0,57,50,50,63,70,120
0,0,16,35,0,2,53,14,1,56,51,51,65,70,121
1,0,11,35,1,3,56,14,1,61,46,47,60,75,122
0,0,14,36,1,2,54,14,1,57,50,51,64,71,122
1,0,12,33,1,4,57,15,1,63,45,46,60,78,124
2,0,13,37,1,2,52,14,1,57,50,51,64,71,122
1,0,16,33,0,3,50,18,1,55,49,49,67,73,122
1,0,11,35,0,2,57,15,1,61,46,46,61,76,122
0,0,15,34,1,2,60,10,0,62,49,50,59,72,122
1,0,14,35,1,2,57,13,0,60,49,50,62,73,123
1,0,13,35,0,4,52,18,1,58,48,48,66,76,124
1,0,14,37,1,4,47,18,1,53,51,52,69,71,123
0,0,14,37,0,5,54,11,0,59,51,51,62,70,121
1,0,16,36,0,5,50,14,1,57,52,52,66,71,123
0,0,11,35,0,3,60,11,0,63,46,46,57,74,120
1,0,15,37,0,5,50,15,1,57,52,52,67,72,124
1,0,13,39,1,4,54,11,0,59,52,53,63,70,123
0,0,12,38,1,1,57,12,0,58,50,51,62,70,121
1,0,13,39,1,3,53,12,0,57,52,53,64,69,122
1,0,15,36,0,3,56,12,0,60,51,51,63,72,123
1,0,11,37,1,4,57,11,0,62,48,49,59,73,122
1,0,10,36,1,4,59,11,1,65,46,47,57,76,123
1,0,16,32,1,5,54,15,1,61,48,49,63,76,125
1,0,13,33,1,3,53,17,1,58,46,47,63,75,122
1,0,15,31,0,3,56,15,0,60,46,46,61,75,121
0,0,12,40,0,3,55,11,1,59,52,52,63,70,122
1,0,12,31,1,5,63,12,0,69,43,44,55,81,125
1,0,16,37,0,4,49,17,0,54,53,53,70,71,124
1,0,13,37,1,3,54,12,0,58,50,51,62,70,121
1,0,14,36,0,4,49,17,0,54,50,50,67,71,121
1,0,15,36,1,3,52,14,1,57,51,52,65,71,123
1,0,14,32,1,3,57,15,0,61,46,47,61,76,123
1,0,11,36,1,4,58,11,1,64,47,48,58,75,123
0,0,16,33,1,3,54,13,1,58,49,50,62,71,121
1,0,14,36,1,3,53,14,0,57,50,51,64,71,122
0,0,14,37,1,2,55,12,1,58,51,52,63,70,122
1,0,15,33,1,4,56,13,1,62,48,49,61,75,124
1,0,15,35,0,2,51,17,1,55,50,50,67,72,122
0,0,13,37,0,4,51,16,0,55,50,50,66,71,121
1,0,14,34,1,4,55,14,1,61,48,49,62,75,124
1,0,13,34,0,4,56,14,0,61,47,47,61,75,122
0,0,12,39,1,0,53,16,1,54,51,52,67,70,122
2,0,13,37,1,2,56,11,0,60,50,51,61,71,122
0,0,13,36,0,2,55,14,0,57,49,49,63,71,120
1,0,13,34,1,5,52,20,1,59,47,48,67,79,127
1,0,13,40,1,3,53,10,1,58,53,54,63,68,122
1,0,14,32,0,3,60,13,0,64,46,46,59,77,123
1,0,14,37,1,3,49,16,1,54,51,52,67,70,122
1,0,14,37,1,4,54,13,1,60,51,52,64,73,125
1,0,12,35,1,2,57,15,0,60,47,48,62,75,123
1,0,14,34,1,2,58,13,1,62,48,49,61,75,124
1,0,13,35,1,3,55,15,1,60,48,49,63,75,124
0,0,13,36,0,3,58,10,1,62,49,49,59,72,121
1,0,15,33,1,3,58,10,1,63,48,49,58,73,122
1,0,14,37,1,3,52,14,1,57,51,52,65,71,123
0,0,14,40,0,4,48,16,0,52,54,54,70,68,122
1,0,12,36,0,3,53,16,1,58,48,48,64,74,122
1,0,16,32,0,4,52,16,0,57,48,48,64,73,121
1,0,13,39,1,3,55,11,1,60,52,53,63,71,124
1,0,14,36,0,2,56,11,1,60,50,50,61,71,121
1,0,13,41,1,4,53,10,1,59,54,55,64,69,124
1,0,14,33,0,4,52,17,1,58,47,47,64,75,122
1,0,14,39,0,3,49,14,0,53,53,53,67,67,120
1,0,12,34,0,4,55,18,1,61,46,46,64,79,125
0,0,15,39,1,2,52,12,1,55,54,55,66,67,122
1,0,10,37,0,1,59,13,0,61,47,47,60,74,121
0,0,12,37,1,5,55,15,1,61,49,50,64,76,126
1,0,13,37,1,2,55,14,1,59,50,51,64,73,124
1,0,14,41,1,2,50,13,0,53,55,56,68,66,122
1,0,10,37,0,3,59,11,0,63,47,47,58,74,121
4,0,14,33,0,4,54,13,1,63,47,47,60,76,123
0,0,11,34,0,4,58,13,1,63,45,45,58,76,121
0,0,16,31,1,3,56,13,1,60,47,48,60,73,121
1,0,13,33,0,3,53,17,0,57,46,46,63,74,120
0,0,11,36,1,4,58,14,1,63,47,48,61,77,125
1,0,13,37,0,2,56,11,0,59,50,50,61,70,120
0,0,16,35,1,2,53,13,1,56,51,52,64,69,121
1,0,13,36,1,2,57,12,1,61,49,50,61,73,123
0,0,15,36,0,1,56,12,0,57,51,51,63,69,120
1,0,12,32,0,4,61,10,1,67,44,44,54,77,121
1,0,13,34,1,5,57,11,0,63,47,48,58,74,122
0,0,15,36,1,4,55,12,1,60,51,52,63,72,124
0,0,15,38,0,2,56,9,0,58,53,53,62,67,120
1,0,15,38,0,4,53,12,0,58,53,53,65,70,123
1,0,17,35,0,3,50,13,1,55,52,52,65,68,120
0,0,13,38,0,4,53,15,1,58,51,51,66,73,124
1,0,16,33,1,0,56,14,1,58,49,50,63,72,122
1,0,16,34,1,2,56,13,0,59,50,51,63,72,123
1,0,11,33,0,4,59,14,1,65,44,44,58,79,123
1,0,11,33,0,4,57,15,1,63,44,44,59,78,122
1,0,12,38,0,2,53,15,1,57,50,50,65,72,122
0,0,16,34,0,5,54,14,0,59,50,50,64,73,123
1,0,14,32,1,4,62,8,1,68,46,47,54,76,123
0,0,13,40,1,2,51,13,0,53,53,54,66,66,120
1,0,16,34,1,1,55,13,0,57,50,51,63,70,121
0,0,16,37,0,5,53,13,1,59,53,53,66,72,125
1,0,12,37,0,3,56,14,0,60,49,49,63,74,123
0,0,13,32,0,4,57,16,1,62,45,45,61,78,123
1,0,14,34,1,4,56,13,0,61,48,49,61,74,123
1,0,15,39,0,3,50,15,0,54,54,54,69,69,123
1,0,13,35,0,1,57,13,1,60,48,48,61,73,121
0,0,13,37,1,3,52,15,0,55,50,51,65,70,121
1,0,13,34,0,3,60,11,1,65,47,47,58,76,123
1,0,12,34,0,2,60,12,1,64,46,46,58,76,122
1,0,12,32,1,6,56,14,1,64,44,45,58,78,123
0,0,11,36,0,4,56,14,1,61,47,47,61,75,122
4,0,13,39,0,3,51,12,1,59,52,52,64,71,123
1,0,14,34,0,5,50,17,1,57,48,48,65,74,122
0,0,14,35,1,3,53,16,0,56,49,50,65,72,122
2,0,13,34,0,6,55,14,1,64,47,47,61,78,125
1,0,15,33,1,4,57,10,1,63,48,49,58,73,122
1,0,14,38,1,4,50,16,1,56,52,53,68,72,125
1,0,15,35,1,2,53,14,0,56,50,51,64,70,121
1,0,18,35,0,5,50,14,1,57,53,53,67,71,124
1,0,13,36,1,4,58,10,0,63,49,50,59,73,123
1,0,13,33,1,2,60,12,1,64,46,47,58,76,123
1,0,11,34,0,4,59,11,0,64,45,45,56,75,120
0,0,14,36,1,2,55,12,1,58,50,51,62,70,121
0,0,15,32,1,3,58,12,0,61,47,48,59,73,121
1,0,12,38,0,3,57,10,1,62,50,50,60,72,122
1,0,17,32,1,2,58,11,1,62,49,50,60,73,123
0,0,13,38,0,2,51,16,1,54,51,51,67,70,121
1,0,17,33,1,4,56,12,0,61,50,51,62,73,124
1,0,13,33,1,2,61,11,0,64,46,47,57,75,122
1,0,15,35,1,2,55,12,1,59,50,51,62,71,122
0,0,13,35,0,3,57,12,1,61,48,48,60,73,121
1,0,11,39,0,3,53,13,0,57,50,50,63,70,120
1,0,11,35,1,2,61,12,1,65,46,47,58,77,124
1,0,13,38,0,4,52,14,0,57,51,51,65,71,122
1,0,15,40,1,3,50,12,1,55,55,56,67,67,123
1,0,13,37,0,4,56,11,0,61,50,50,61,72,122
1,0,15,38,0,3,51,15,0,55,53,53,68,70,123
2,0,13,35,1,2,55,13,0,59,48,49,61,72,121
1,0,15,36,0,1,56,12,1,59,51,51,63,71,122
5,0,13,30,3,4,56,9,1,66,43,46,52,75,121
0,0,11,36,0,2,60,11,1,63,47,47,58,74,121
1,0,12,38,0,4,54,11,1,60,50,50,61,71,121
0,0,15,37,0,5,51,15,0,56,52,52,67,71,123
1,0,11,36,0,4,59,11,1,65,47,47,58,76,123
2,0,18,33,0,4,54,10,0,60,51,51,61,70,121
0,0,13,38,0,4,52,15,1,57,51,51,66,72,123
0,0,15,31,0,2,61,12,0,63,46,46,58,75,121
2,0,12,34,0,3,58,12,0,63,46,46,58,75,121
0,0,16,35,1,3,51,17,1,55,51,52,68,72,124
0,0,15,35,0,3,57,11,0,60,50,50,61,71,121
1,0,14,38,1,2,55,11,1,59,52,53,63,70,123
1,0,16,37,0,3,51,13,1,56,53,53,66,69,122
1,0,16,32,1,3,58,12,1,63,48,49,60,75,124
1,0,15,33,0,3,54,14,1,59,48,48,62,73,121
1,0,13,33,1,2,53,18,1,57,46,47,64,75,122
1,0,11,37,0,4,59,11,1,65,48,48,59,76,124
1,0,12,36,1,3,57,13,1,62,48,49,61,75,124
0,0,14,36,0,4,55,13,0,59,50,50,63,72,122
1,0,17,32,1,2,56,14,1,60,49,50,63,74,124
0,0,15,35,0,3,54,14,1,58,50,50,64,72,122
1,0,18,34,1,4,51,13,0,56,52,53,65,69,122
1,0,13,36,1,2,59,10,1,63,49,50,59,73,123
1,0,14,35,1,3,52,18,1,57,49,50,67,75,125
1,0,11,41,0,2,53,14,1,57,52,52,66,71,123
1,0,16,33,0,1,54,15,1,57,49,49,64,72,121
1,0,14,37,1,4,55,13,1,61,51,52,64,74,126
1,0,15,37,0,2,53,14,1,57,52,52,66,71,123
1,0,12,37,0,3,56,13,0,60,49,49,62,73,122
1,0,16,36,1,2,51,13,0,54,52,53,65,67,120
1,0,15,32,1,4,56,15,1,62,47,48,62,77,125
1,0,12,41,1,5,50,14,0,56,53,54,67,70,124
0,0,14,34,0,4,54,15,0,58,48,48,63,73,121
1,0,18,32,1,3,54,11,1,59,50,51,61,70,121
2,0,12,40,1,3,48,16,1,54,52,53,68,70,123
1,0,11,38,0,3,55,13,1,60,49,49,62,73,122
1,0,13,36,1,4,55,14,1,61,49,50,63,75,125
1,0,13,37,1,2,55,14,1,59,50,51,64,73,124
1,0,13,39,1,4,51,14,0,56,52,53,66,70,123
1,0,12,41,0,3,53,12,1,58,53,53,65,70,123
1,0,13,33,1,3,58,13,1,63,46,47,59,76,123
0,0,15,35,0,4,54,13,1,59,50,50,63,72,122
2,0,11,36,1,3,57,12,0,62,47,48,59,74,122
1,0,13,36,1,4,56,11,1,62,49,50,60,73,123
1,0,14,35,1,3,56,13,0,60,49,50,62,73,123
0,0,16,32,1,5,55,14,0,60,48,49,62,74,123
1,0,14,35,0,4,55,12,0,60,49,49,61,72,121
1,0,13,37,1,5,56,12,1,63,50,51,62,75,126
1,0,14,34,0,3,58,12,1,63,48,48,60,75,123
1,0,10,37,1,2,56,15,1,60,47,48,62,75,123
0,0,13,35,0,4,58,10,1,63,48,48,58,73,121
1,0,13,37,0,4,54,11,0,59,50,50,61,70,120
0,0,17,36,1,4,54,10,0,58,53,54,63,68,122
1,0,10,36,0,3,60,11,1,65,46,46,57,76,122
1,0,12,42,1,3,54,9,1,59,54,55,63,68,123
0,0,13,35,0,2,56,14,0,58,48,48,62,72,120
0,0,13,34,0,2,60,11,0,62,47,47,58,73,120
1,0,13,34,1,3,58,11,1,63,47,48,58,74,122
1,0,14,35,1,2,54,16,1,58,49,50,65,74,124
1,0,14,33,1,3,55,14,0,59,47,48,61,73,121
1,0,17,34,0,4,55,10,0,60,51,51,61,70,121
0,0,15,35,0,1,54,15,1,56,50,50,65,71,121
1,0,17,35,1,3,52,14,1,57,52,53,66,71,124
1,0,16,38,1,0,49,16,0,50,54,55,70,66,121
1,0,11,32,1,4,63,13,0,68,43,44,56,81,125
1,0,13,36,0,2,51,18,0,54,49,49,67,72,121
0,0,16,37,1,2,53,12,1,56,53,54,65,68,122
1,0,14,34,0,2,58,12,1,62,48,48,60,74,122
1,0,15,36,1,5,55,11,1,62,51,52,62,73,125
1,0,11,36,0,3,58,13,0,62,47,47,60,75,122
1,0,12,35,0,8,54,11,1,64,47,47,58,75,122
1,0,15,37,1,4,51,13,1,57,52,53,65,70,123
1,0,14,32,0,3,60,11,1,65,46,46,57,76,122
1,0,15,38,0,1,54,12,1,57,53,53,65,69,122
1,0,14,37,0,5,53,13,0,59,51,51,64,72,123
1,0,15,35,0,2,50,18,1,54,50,50,68,72,122
1,0,14,37,0,4,55,11,0,60,51,51,62,71,122
1,0,13,32,1,5,59,13,0,65,45,46,58,78,124
1,0,13,34,1,3,56,15,1,61,47,48,62,76,124
1,0,16,32,1,3,56,13,1,61,48,49,61,74,123
3,0,14,33,1,2,59,10,1,65,47,48,57,75,123
1,0,12,39,1,2,52,16,0,55,51,52,67,71,123
2,0,12,33,0,3,59,13,0,64,45,45,58,77,122
1,0,14,39,0,3,54,11,1,59,53,53,64,70,123
0,0,10,38,1,5,57,14,1,63,48,49,62,77,126
1,0,13,36,1,2,55,12,1,59,49,50,61,71,121
1,0,9,37,1,3,58,13,1,63,46,47,59,76,123
2,0,12,36,0,6,56,13,1,65,48,48,61,78,126
0,0,13,34,1,4,58,11,1,63,47,48,58,74,122
1,0,19,34,1,2,54,11,1,58,53,54,64,69,123
3,0,16,33,0,4,56,10,0,63,49,49,59,73,122
0,0,15,37,0,5,53,13,0,58,52,52,65,71,123
1,0,16,30,0,3,59,14,1,64,46,46,60,78,124
1,0,11,34,0,3,61,12,0,65,45,45,57,77,122
1,0,17,34,0,2,54,12,0,57,51,51,63,69,120
1,0,13,38,1,4,54,13,1,60,51,52,64,73,125
1,0,14,37,0,4,54,13,0,59,51,51,64,72,123
1,0,11,38,1,3,58,11,1,63,49,50,60,74,124
1,0,14,37,0,3,52,16,0,56,51,51,67,72,123
1,0,14,34,1,4,55,12,0,60,48,49,60,72,121
1,0,16,37,0,3,51,15,1,56,53,53,68,71,124
1,0,12,36,1,4,53,15,1,59,48,49,63,74,123
1,0,11,36,0,2,57,13,0,60,47,47,60,73,120
1,0,13,35,0,4,58,11,0,63,48,48,59,74,122
1,0,12,35,0,3,55,15,1,60,47,47,62,75,122
0,0,13,36,1,4,56,11,1,61,49,50,60,72,122
0,0,14,37,1,4,56,11,1,61,51,52,62,72,124
1,0,13,35,0,3,55,15,1,60,48,48,63,75,123
1,0,12,35,1,3,56,13,1,61,47,48,60,74,122
1,0,13,38,0,3,54,11,0,58,51,51,62,69,120
1,0,15,32,0,4,56,14,1,62,47,47,61,76,123
1,0,15,34,0,2,53,15,1,57,49,49,64,72,121
1,0,12,36,1,4,54,12,1,60,48,49,60,72,121
1,0,12,35,0,3,56,15,0,60,47,47,62,75,122
1,0,10,33,1,2,59,16,1,63,43,44,59,79,123
1,0,14,38,1,3,53,12,0,57,52,53,64,69,122
1,0,14,37,1,4,53,14,0,58,51,52,65,72,124
1,0,17,31,1,3,58,11,0,62,48,49,59,73,122
2,0,14,36,1,3,52,12,1,58,50,51,62,70,121
1,0,12,37,1,4,54,14,1,60,49,50,63,74,124
4,0,12,35,1,3,52,15,0,59,47,48,62,74,122
1,0,13,39,0,3,55,11,0,59,52,52,63,70,122
1,0,14,34,0,4,54,14,0,59,48,48,62,73,121
0,0,10,40,1,2,57,11,0,59,50,51,61,70,121
0,0,11,35,0,2,58,14,1,61,46,46,60,75,121
1,0,11,32,0,2,60,15,1,64,43,43,58,79,122
1,0,13,38,1,0,55,14,0,56,51,52,65,70,122
0,0,16,33,1,2,59,10,1,62,49,50,59,72,122
1,0,14,37,1,4,51,15,0,56,51,52,66,71,123
1,0,16,37,1,4,50,15,0,55,53,54,68,70,124
1,0,14,39,1,3,50,15,1,55,53,54,68,70,124
1,0,15,34,1,3,60,10,1,65,49,50,59,75,125
1,0,15,34,0,2,53,16,0,56,49,49,65,72,121
1,0,12,37,0,3,53,16,1,58,49,49,65,74,123
0,0,17,34,1,3,54,12,0,57,51,52,63,69,121
1,0,15,38,1,5,52,13,0,58,53,54,66,71,125
2,0,16,35,1,3,54,12,1,60,51,52,63,72,124
1,0,13,38,1,5,57,10,0,63,51,52,61,73,125
1,0,14,35,1,2,53,15,1,57,49,50,64,72,122
1,0,14,40,0,3,53,10,0,57,54,54,64,67,121
1,0,13,37,0,2,56,13,1,60,50,50,63,73,123
1,0,15,29,1,2,61,13,0,64,44,45,57,77,122
1,0,14,32,0,4,56,16,1,62,46,46,62,78,124
1,0,13,37,1,2,55,13,1,59,50,51,63,72,123
1,0,12,35,1,1,57,14,0,59,47,48,61,73,121
1,0,15,37,1,3,49,14,1,54,52,53,66,68,121
0,0,12,37,1,5,56,13,0,61,49,50,62,74,124
3,0,11,36,1,3,58,11,0,64,47,48,58,75,123
1,0,14,32,0,4,56,15,1,62,46,46,61,77,123
1,0,16,33,1,4,49,18,0,54,49,50,67,72,122
1,0,16,35,0,4,54,12,0,59,51,51,63,71,122
1,0,13,37,0,3,53,14,0,57,50,50,64,71,121
1,0,14,33,1,2,58,11,1,62,47,48,58,73,121
2,0,15,35,0,5,52,10,3,62,50,50,60,72,122
1,0,16,36,1,2,52,14,1,56,52,53,66,70,123
1,0,16,36,0,0,50,17,1,52,52,52,69,69,121
1,0,15,35,1,3,54,12,1,59,50,51,62,71,122
1,0,15,33,1,5,53,18,0,59,48,49,66,77,126
1,0,15,33,0,3,54,14,1,59,48,48,62,73,121
0,0,18,40,1,5,49,11,0,54,58,59,69,65,124
0,0,15,36,1,4,51,14,1,56,51,52,65,70,122
0,0,16,34,0,4,52,15,0,56,50,50,65,71,121
2,0,14,32,1,2,56,15,0,60,46,47,61,75,122
0,0,14,30,1,3,62,11,0,65,44,45,55,76,121
2,0,13,34,0,4,57,13,1,64,47,47,60,77,124
1,0,12,36,0,2,53,17,1,57,48,48,65,74,122
1,0,13,37,0,4,58,9,0,63,50,50,59,72,122
4,0,13,33,1,4,54,14,0,62,46,47,60,76,123
1,0,13,37,0,3,55,13,1,60,50,50,63,73,123
1,0,14,36,1,2,54,12,1,58,50,51,62,70,121
1,0,14,37,1,4,53,14,1,59,51,52,65,73,125
1,0,14,41,1,2,50,12,1,54,55,56,67,66,122
1,0,11,34,1,2,59,15,0,62,45,46,60,77,123
1,0,13,33,1,4,58,14,0,63,46,47,60,77,124
2,0,15,33,0,4,54,12,0,60,48,48,60,72,120
1,0,12,38,1,3,54,13,1,59,50,51,63,72,123
0,0,14,38,0,4,54,13,1,59,52,52,65,72,124
1,0,16,31,1,4,61,10,1,67,47,48,57,77,125
1,0,14,36,0,4,53,14,1,59,50,50,64,73,123
1,0,14,38,0,5,50,17,0,56,52,52,69,73,125
1,0,13,38,1,4,54,13,1,60,51,52,64,73,125
1,0,12,41,1,6,51,13,1,59,53,54,66,72,126
1,0,12,35,1,4,58,12,1,64,47,48,59,76,124
0,0,14,35,0,2,58,12,0,60,49,49,61,72,121
0,0,13,34,0,2,58,13,1,61,47,47,60,74,121
0,0,11,37,0,6,59,11,0,65,48,48,59,76,124
0,0,13,37,0,3,54,13,0,57,50,50,63,70,120
1,0,15,34,1,3,55,13,1,60,49,50,62,73,123
0,0,13,36,0,5,57,12,1,63,49,49,61,75,124
0,0,15,33,1,2,57,14,1,60,48,49,62,74,123
1,0,11,38,1,2,57,12,0,60,49,50,61,72,122
1,0,13,36,1,3,54,14,0,58,49,50,63,72,122
1,0,15,36,1,3,52,14,0,56,51,52,65,70,122
1,0,17,39,0,3,48,13,1,53,56,56,69,66,122
1,0,11,39,1,2,53,14,1,57,50,51,64,71,122
2,0,15,32,0,2,56,13,1,61,47,47,60,74,121
0,0,14,34,1,3,58,12,0,61,48,49,60,73,122
1,0,15,33,1,0,60,12,0,61,48,49,60,73,122
2,0,13,37,0,2,54,12,1,59,50,50,62,71,121
1,0,11,37,0,4,54,16,1,60,48,48,64,76,124
1,0,14,34,1,3,60,10,1,65,48,49,58,75,124
0,0,14,36,0,4,47,19,0,51,50,50,69,70,120
1,0,15,31,0,3,58,13,1,63,46,46,59,76,122
1,0,16,33,1,5,52,13,0,58,49,50,62,71,121
2,0,13,37,0,4,54,13,1,61,50,50,63,74,124
0,0,14,36,1,2,56,13,1,59,50,51,63,72,123
1,0,18,36,0,3,55,8,0,59,54,54,62,67,121
1,0,17,32,0,3,54,15,1,59,49,49,64,74,123
0,0,13,33,0,3,54,17,0,57,46,46,63,74,120
0,0,11,36,1,5,59,11,1,65,47,48,58,76,124
1,0,14,32,0,0,60,13,1,62,46,46,59,75,121
1,0,13,34,1,3,55,15,1,60,47,48,62,75,123
0,0,13,34,1,3,57,13,1,61,47,48,60,74,122
1,0,19,36,0,3,49,14,1,54,55,55,69,68,123
1,0,13,37,1,3,51,16,1,56,50,51,66,72,123
1,0,15,35,0,0,54,16,1,56,50,50,66,72,122
0,0,15,31,0,5,57,12,1,63,46,46,58,75,121
1,0,18,35,1,2,49,15,0,52,53,54,68,67,121
1,0,12,34,0,2,56,17,1,60,46,46,63,77,123
1,0,16,33,4,2,53,11,1,57,49,53,60,68,121
2,0,11,35,1,4,56,15,0,62,46,47,61,77,124
1,0,13,37,0,3,55,13,1,60,50,50,63,73,123
4,0,14,36,0,3,53,11,1,61,50,50,61,72,122
1,0,14,33,0,4,60,10,0,65,47,47,57,75,122
1,0,18,35,1,5,51,14,1,58,53,54,67,72,126
0,0,13,37,1,3,53,16,0,56,50,51,66,72,123
0,0,12,31,0,2,60,15,0,62,43,43,58,77,120
2,0,14,34,0,2,56,12,1,61,48,48,60,73,121
1,0,12,36,1,4,51,16,0,56,48,49,64,72,121
1,0,16,36,0,4,55,11,0,60,52,52,63,71,123
0,0,17,34,1,1,56,12,0,57,51,52,63,69,121
1,0,11,36,0,3,56,13,1,61,47,47,60,74,121
1,0,12,35,0,3,58,14,1,63,47,47,61,77,124
0,0,15,36,0,3,51,15,1,55,51,51,66,70,121
0,0,16,37,0,4,52,14,0,56,53,53,67,70,123
0,0,13,34,0,3,55,16,0,58,47,47,63,74,121
1,0,12,33,1,3,61,9,1,66,45,46,54,75,121
1,0,13,33,0,4,60,13,1,66,46,46,59,79,125
1,0,17,39,0,0,53,11,1,55,56,56,67,66,122
2,0,14,32,0,4,59,10,0,65,46,46,56,75,121
1,0,14,36,1,2,52,14,1,56,50,51,64,70,121
1,0,13,36,0,3,55,13,1,60,49,49,62,73,122
1,0,16,38,0,4,47,14,0,52,54,54,68,66,120
1,0,15,31,1,6,58,12,1,66,46,47,58,78,125
1,0,13,31,1,2,58,15,1,62,44,45,59,77,122
1,0,12,31,1,4,58,17,0,63,43,44,60,80,124
2,0,13,34,0,4,58,11,0,64,47,47,58,75,122
1,0,14,32,1,5,58,13,1,65,46,47,59,78,125
1,0,15,35,1,1,52,17,0,54,50,51,67,71,122
1,0,14,37,1,5,56,11,1,63,51,52,62,74,126
2,0,13,38,1,3,55,11,1,61,51,52,62,72,124
1,0,14,35,0,2,54,14,0,57,49,49,63,71,120
1,0,20,31,1,4,53,13,0,58,51,52,64,71,123
0,0,13,37,1,3,52,15,0,55,50,51,65,70,121
1,0,13,36,0,3,57,12,1,62,49,49,61,74,123
1,0,18,34,1,2,48,17,0,51,52,53,69,68,121
1,0,14,38,1,5,53,10,0,59,52,53,62,69,122
1,0,13,39,1,3,50,17,1,55,52,53,69,72,125
1,0,13,36,0,4,55,14,0,60,49,49,63,74,123
1,0,14,37,0,2,53,14,1,57,51,51,65,71,122
1,0,13,35,1,3,56,13,0,60,48,49,61,73,122
1,0,14,37,1,2,54,12,1,58,51,52,63,70,122
1,0,15,34,1,3,52,15,1,57,49,50,64,72,122
1,0,12,36,1,4,55,14,0,60,48,49,62,74,123
1,0,13,33,1,4,56,17,0,61,46,47,63,78,125
1,0,14,39,1,3,51,14,1,56,53,54,67,70,124
1,0,15,34,1,2,54,15,1,58,49,50,64,73,123
1,0,17,35,0,2,52,13,1,56,52,52,65,69,121
1,0,13,37,1,5,54,15,1,61,50,51,65,76,127
1,0,13,36,0,3,57,11,0,61,49,49,60,72,121
1,0,13,34,1,3,54,15,1,59,47,48,62,74,122
1,0,15,30,0,3,57,16,1,62,45,45,61,78,123
0,0,18,35,1,4,47,17,1,52,53,54,70,69,123
0,0,12,35,1,0,54,19,0,54,47,48,66,73,121
1,0,13,37,1,1,55,14,1,58,50,51,64,72,123
1,0,15,40,0,1,48,16,1,51,55,55,71,67,122
0,0,14,35,0,3,56,13,0,59,49,49,62,72,121
0,0,14,38,1,2,52,14,1,55,52,53,66,69,122
1,0,15,32,0,5,56,12,0,62,47,47,59,74,121
1,0,12,35,0,4,58,13,1,64,47,47,60,77,124
0,0,14,38,1,4,47,16,1,52,52,53,68,68,121
2,0,15,33,1,4,53,14,1,60,48,49,62,74,123
1,0,14,35,2,3,54,12,0,58,49,51,61,70,121
1,0,12,34,1,2,56,15,1,60,46,47,61,75,122
4,0,12,35,1,3,58,8,1,66,47,48,55,74,122
1,0,16,36,1,4,53,13,0,58,52,53,65,71,124
1,0,14,36,0,4,57,11,1,63,50,50,61,74,124
1,0,12,34,1,3,60,12,0,64,46,47,58,76,123
0,0,14,33,0,3,60,11,1,64,47,47,58,75,122
1,0,17,38,0,3,51,12,0,55,55,55,67,67,122
1,0,15,35,1,3,52,14,1,57,50,51,64,71,122
0,0,17,33,1,3,52,15,1,56,50,51,65,71,122
1,0,12,37,1,3,58,12,1,63,49,50,61,75,125
1,0,14,34,0,1,59,11,1,62,48,48,59,73,121
1,0,13,35,1,5,56,12,0,62,48,49,60,74,123
1,0,13,36,1,5,53,15,0,59,49,50,64,74,124
1,0,13,38,0,4,55,12,0,60,51,51,63,72,123
1,0,17,31,1,3,54,15,0,58,48,49,63,73,122
1,0,12,40,0,2,54,11,1,58,52,52,63,69,121
1,0,18,32,1,0,49,19,0,50,50,51,69,69,120
1,0,16,31,1,3,57,12,1,62,47,48,59,74,122
1,0,15,34,0,3,54,15,1,59,49,49,64,74,123
1,0,14,36,1,4,54,13,0,59,50,51,63,72,123
1,0,16,33,1,3,57,11,0,61,49,50,60,72,122
1,0,12,40,0,3,50,15,1,55,52,52,67,70,122
1,0,13,35,1,2,60,10,0,63,48,49,58,73,122
1,0,14,31,0,4,60,12,0,65,45,45,57,77,122
1,0,12,39,0,3,54,11,1,59,51,51,62,70,121
0,0,14,35,0,3,56,13,0,59,49,49,62,72,121
1,0,11,33,0,5,59,14,1,66,44,44,58,80,124
1,0,14,37,0,2,52,14,0,55,51,51,65,69,120
1,0,12,38,1,2,56,12,1,60,50,51,62,72,123
1,0,14,38,1,3,54,13,0,58,52,53,65,71,124
1,0,12,37,0,4,52,14,0,57,49,49,63,71,120
1,0,13,35,0,6,52,14,0,59,48,48,62,73,121
1,0,12,35,0,4,59,12,0,64,47,47,59,76,123
1,0,16,32,1,4,55,15,1,61,48,49,63,76,125
1,0,12,37,1,4,57,10,1,63,49,50,59,73,123
1,0,13,34,1,2,60,10,0,63,47,48,57,73,121
1,0,17,27,0,2,58,16,0,61,44,44,60,77,121
2,0,15,34,1,4,52,13,1,59,49,50,62,72,122
1,0,12,36,1,3,52,17,1,57,48,49,65,74,123
1,0,14,37,1,2,55,13,0,58,51,52,64,71,123
0,0,14,36,1,3,58,11,0,61,50,51,61,72,123
1,0,15,34,0,3,56,13,1,61,49,49,62,74,123
1,0,13,36,0,3,55,13,1,60,49,49,62,73,122
1,0,13,34,1,2,55,14,0,58,47,48,61,72,120
0,0,13,37,1,4,54,15,1,59,50,51,65,74,125
1,0,15,35,1,5,52,13,1,59,50,51,63,72,123
0,0,15,36,1,3,55,13,0,58,51,52,64,71,123
1,0,16,35,0,3,55,12,0,59,51,51,63,71,122
1,0,12,36,1,3,52,18,0,56,48,49,66,74,123
1,0,14,33,1,1,57,13,1,60,47,48,60,73,121
1,0,13,40,1,5,50,14,1,57,53,54,67,71,125
1,0,11,38,1,4,53,16,1,59,49,50,65,75,125
1,0,15,35,1,2,52,15,0,55,50,51,65,70,121
0,0,15,40,0,5,49,11,1,55,55,55,66,66,121
1,0,12,34,1,2,59,12,0,62,46,47,58,74,121
1,0,16,39,1,3,48,15,0,52,55,56,70,67,123
1,0,16,33,0,5,54,14,1,61,49,49,63,75,124
1,0,18,34,0,5,51,13,0,57,52,52,65,70,122
1,0,16,37,1,1,54,11,1,57,53,54,64,68,122
2,0,9,35,0,6,56,16,1,65,44,44,60,81,125
0,0,14,35,0,3,56,14,0,59,49,49,63,73,122
1,0,17,33,0,5,53,15,1,60,50,50,65,75,125
1,0,14,33,0,4,57,15,0,62,47,47,62,77,124
1,0,12,35,1,3,57,14,1,62,47,48,61,76,124
3,0,15,34,0,4,54,11,0,61,49,49,60,72,121
1,0,14,35,1,3,59,10,0,63,49,50,59,73,123
1,0,11,39,0,3,55,12,1,60,50,50,62,72,122
1,0,17,33,0,3,54,14,0,58,50,50,64,72,122
0,0,14,33,1,3,57,13,0,60,47,48,60,73,121
1,0,11,38,1,3,57,13,0,61,49,50,62,74,124
1,0,14,38,0,4,54,11,0,59,52,52,63,70,122
0,0,9,42,1,5,56,12,1,62,51,52,63,74,126
1,0,15,34,1,4,57,11,1,63,49,50,60,74,124
1,0,13,35,1,5,56,13,1,63,48,49,61,76,125
1,0,14,38,0,3,53,11,1,58,52,52,63,69,121
1,0,14,39,0,4,54,11,1,60,53,53,64,71,124
1,0,17,35,0,2,53,12,0,56,52,52,64,68,120
0,0,15,32,0,4,60,10,1,65,47,47,57,75,122
1,0,16,34,1,4,52,17,0,57,50,51,67,74,125
1,0,10,35,0,4,58,13,0,63,45,45,58,76,121
1,0,10,39,0,2,57,13,1,61,49,49,62,74,123
1,0,15,33,0,4,54,13,1,60,48,48,61,73,121
1,0,10,40,1,2,56,12,1,60,50,51,62,72,123
1,0,15,34,0,2,54,15,0,57,49,49,64,72,121
1,0,13,36,0,1,53,17,0,55,49,49,66,72,121
1,0,14,33,3,5,53,15,0,59,47,50,62,74,124
1,0,14,29,1,3,61,13,0,65,43,44,56,78,122
1,0,14,32,1,4,54,17,0,59,46,47,63,76,123
1,0,15,32,0,3,56,13,1,61,47,47,60,74,121
1,0,15,35,1,4,57,9,1,63,50,51,59,72,123
1,0,15,35,0,3,50,17,0,54,50,50,67,71,121
0,0,11,38,1,2,59,11,1,62,49,50,60,73,123
1,0,15,32,0,2,55,16,1,59,47,47,63,75,122
0,0,17,32,1,3,54,14,0,57,49,50,63,71,121
1,0,13,40,0,4,50,13,1,56,53,53,66,69,122
1,0,14,35,1,3,55,13,1,60,49,50,62,73,123
3,0,13,35,1,4,55,12,1,63,48,49,60,75,124
0,0,12,37,0,3,61,9,1,65,49,49,58,74,123
1,0,15,34,0,2,53,15,0,56,49,49,64,71,120
1,0,14,34,1,3,56,14,1,61,48,49,62,75,124
2,0,12,36,1,4,55,12,1,62,48,49,60,74,123
1,0,14,34,1,5,57,14,1,64,48,49,62,78,127
0,0,11,39,1,2,49,19,1,52,50,51,69,71,122
0,0,11,40,1,3,53,13,1,57,51,52,64,70,122
1,0,16,35,0,1,53,15,0,55,51,51,66,70,121
1,0,16,38,1,4,51,13,0,56,54,55,67,69,124
2,0,14,34,1,4,53,12,1,60,48,49,60,72,121
1,0,13,33,0,3,58,13,1,63,46,46,59,76,122
1,0,15,34,0,2,55,13,0,58,49,49,62,71,120
1,0,13,38,1,1,55,13,1,58,51,52,64,71,123
3,0,13,34,0,4,53,13,1,61,47,47,60,74,121
2,0,12,37,1,2,53,14,0,57,49,50,63,71,121
1,0,14,35,0,3,55,14,1,60,49,49,63,74,123
1,0,14,33,1,5,53,18,0,59,47,48,65,77,125
0,0,15,35,0,3,53,15,0,56,50,50,65,71,121
1,0,13,36,0,3,58,11,1,63,49,49,60,74,123
1,0,13,38,1,3,55,12,1,60,51,52,63,72,124
0,0,17,33,2,3,54,13,1,58,50,52,63,71,123
1,0,13,35,1,4,55,13,1,61,48,49,61,74,123
0,0,15,35,0,5,52,13,1,58,50,50,63,71,121
0,0,13,37,1,3,51,17,1,55,50,51,67,72,123
1,0,14,37,0,4,55,12,1,61,51,51,63,73,124
1,0,13,36,0,2,55,14,1,59,49,49,63,73,122
1,0,13,33,0,3,57,15,1,62,46,46,61,77,123
1,0,13,31,0,4,62,11,1,68,44,44,55,79,123
1,0,18,33,0,2,50,16,0,53,51,51,67,69,120
1,0,13,36,1,4,54,15,0,59,49,50,64,74,124
1,0,11,38,1,4,56,11,1,62,49,50,60,73,123
0,0,16,35,0,5,50,18,1,56,51,51,69,74,125
0,0,14,34,1,2,54,16,1,57,48,49,64,73,122
0,0,11,37,0,3,59,12,1,63,48,48,60,75,123
0,0,12,38,0,3,56,11,1,60,50,50,61,71,121
1,0,13,35,1,5,56,13,1,63,48,49,61,76,125
2,0,13,38,1,2,54,11,1,59,51,52,62,70,122
2,0,13,35,1,4,53,14,0,59,48,49,62,73,122
1,0,11,40,0,6,50,16,1,58,51,51,67,74,125
2,0,13,31,0,3,60,11,1,66,44,44,55,77,121
1,0,13,37,1,5,53,14,1,60,50,51,64,74,125
1,0,13,39,1,4,52,11,1,58,52,53,63,69,122
1,0,15,39,1,2,48,15,0,51,54,55,69,66,121
0,0,15,35,0,3,52,15,1,56,50,50,65,71,121
2,0,14,38,0,3,51,12,0,56,52,52,64,68,120
1,0,16,32,0,4,54,15,0,59,48,48,63,74,122
1,0,14,35,1,2,54,13,1,58,49,50,62,71,121
4,0,14,32,1,4,52,15,1,61,46,47,61,76,123
0,0,15,37,1,3,53,12,1,57,52,53,64,69,122
1,0,13,35,0,3,56,12,0,60,48,48,60,72,120
1,0,17,32,0,2,55,13,0,58,49,49,62,71,120
1,0,13,35,1,3,56,13,0,60,48,49,61,73,122
1,0,10,36,0,2,60,11,0,63,46,46,57,74,120
3,0,12,34,1,2,61,8,1,67,46,47,54,75,122
0,0,15,31,1,4,57,13,0,61,46,47,59,74,121
1,0,16,35,1,5,55,12,0,61,51,52,63,73,125
1,0,15,34,0,3,56,13,0,60,49,49,62,73,122
1,0,14,34,1,6,56,10,0,63,48,49,58,73,122
0,0,12,33,1,6,58,14,0,64,45,46,59,78,124
1,0,13,36,0,3,55,15,1,60,49,49,64,75,124
1,0,17,31,1,6,57,12,0,64,48,49,60,76,125
1,0,14,37,1,5,53,15,1,60,51,52,66,75,127
1,0,11,36,1,2,58,12,1,62,47,48,59,74,122
1,0,11,37,0,4,59,12,0,64,48,48,60,76,124
3,0,14,33,1,2,57,11,0,62,47,48,58,73,121
1,0,14,39,0,4,49,16,1,55,53,53,69,71,124
1,0,17,33,0,2,56,11,0,59,50,50,61,70,120
1,0,14,31,0,4,57,15,1,63,45,45,60,78,123
1,0,14,33,1,4,55,14,1,61,47,48,61,75,123
1,0,10,34,1,3,59,16,1,64,44,45,60,80,125
1,0,11,42,1,3,57,9,0,61,53,54,62,70,124
1,0,12,33,0,4,60,9,1,66,45,45,54,75,120
1,0,13,37,1,3,53,13,0,57,50,51,63,70,121
2,0,15,31,0,3,57,13,0,62,46,46,59,75,121
1,0,12,36,1,3,57,12,0,61,48,49,60,73,122
1,0,16,35,0,1,52,15,1,55,51,51,66,70,121
0,0,13,40,1,4,52,14,0,56,53,54,67,70,124
0,0,14,33,1,3,54,16,1,58,47,48,63,74,122
1,0,14,39,1,3,49,13,1,54,53,54,66,67,121
1,0,12,33,1,3,61,12,0,65,45,46,57,77,123
1,0,13,39,0,5,53,13,0,59,52,52,65,72,124
1,0,15,32,0,4,53,17,1,59,47,47,64,76,123
1,0,12,38,0,5,53,14,0,59,50,50,64,73,123
1,0,15,37,0,3,54,12,1,59,52,52,64,71,123
1,0,14,34,0,2,53,16,0,56,48,48,64,72,120
1,0,14,34,0,2,58,10,1,62,48,48,58,72,120
1,0,15,32,0,3,54,16,0,58,47,47,63,74,121
1,0,11,35,1,3,58,14,1,63,46,47,60,77,124
1,0,16,36,0,3,51,14,1,56,52,52,66,70,122
1,0,13,38,0,3,52,12,1,57,51,51,63,69,120
1,0,17,32,1,2,55,13,0,58,49,50,62,71,121
1,0,14,35,1,2,58,10,0,61,49,50,59,71,121
1,0,13,38,1,2,55,12,0,58,51,52,63,70,122
1,0,15,31,1,2,60,11,1,64,46,47,57,75,122
1,0,14,33,1,4,56,14,1,62,47,48,61,76,124
0,0,14,36,0,4,53,15,1,58,50,50,65,73,123
0,0,14,39,1,4,49,14,1,54,53,54,67,68,122
1,0,18,34,0,3,52,13,0,56,52,52,65,69,121
4,0,11,31,0,4,59,14,1,68,42,42,56,82,124
1,0,14,39,1,3,51,14,1,56,53,54,67,70,124
1,0,15,37,1,3,54,10,0,58,52,53,62,68,121
0,0,12,37,0,3,56,12,0,59,49,49,61,71,120
1,0,14,36,0,2,55,14,0,58,50,50,64,72,122
0,0,13,34,1,6,57,14,1,64,47,48,61,78,126
1,0,16,32,1,5,58,13,0,64,48,49,61,77,126
0,0,11,37,0,4,54,14,0,58,48,48,62,72,120
0,0,15,33,0,3,54,15,0,57,48,48,63,72,120
1,0,12,36,1,3,56,15,0,60,48,49,63,75,124
1,0,16,36,0,4,51,13,0,56,52,52,65,69,121
1,0,15,33,1,2,55,15,1,59,48,49,63,74,123
1,0,14,36,1,4,53,14,1,59,50,51,64,73,124
1,0,14,35,0,4,56,12,1,62,49,49,61,74,123
5,0,12,32,0,3,58,12,1,67,44,44,56,79,123
1,0,13,34,0,2,53,19,0,56,47,47,66,75,122
0,0,13,36,1,4,56,12,1,61,49,50,61,73,123
1,0,15,34,1,5,55,13,1,62,49,50,62,75,125
1,0,14,32,0,2,59,12,0,62,46,46,58,74,120
1,0,13,36,1,2,54,15,0,57,49,50,64,72,122
0,0,14,31,0,1,61,13,0,62,45,45,58,75,120
1,0,17,34,1,2,51,15,1,55,51,52,66,70,122
1,0,14,36,0,3,49,17,1,54,50,50,67,71,121
0,0,17,33,0,4,53,14,0,57,50,50,64,71,121
0,0,14,34,1,2,57,14,1,60,48,49,62,74,123
1,0,16,34,0,5,55,13,1,62,50,50,63,75,125
1,0,14,38,0,2,47,19,1,51,52,52,71,70,122
1,0,15,36,1,3,48,17,1,53,51,52,68,70,122
1,0,13,38,0,3,54,12,1,59,51,51,63,71,122
0,0,13,35,1,4,57,13,1,62,48,49,61,75,124
1,0,15,35,0,3,53,15,0,57,50,50,65,72,122
0,0,14,35,1,5,54,12,0,59,49,50,61,71,121
1,0,14,36,0,2,57,11,0,60,50,50,61,71,121
1,0,13,36,1,2,57,13,1,61,49,50,62,74,124
1,0,15,36,0,5,52,11,1,59,51,51,62,70,121
1,0,14,32,0,3,56,13,1,61,46,46,59,74,120
0,0,14,43,1,3,49,11,0,52,57,58,68,63,121
1,0,12,34,1,4,56,15,0,61,46,47,61,76,123
1,0,14,34,1,4,55,13,1,61,48,49,61,74,123
1,0,14,34,1,3,51,19,0,55,48,49,67,74,123
1,0,14,38,1,3,53,12,1,58,52,53,64,70,123
1,0,14,37,0,4,58,9,1,64,51,51,60,73,124
4,0,15,32,0,2,57,11,1,64,47,47,58,75,122
1,0,13,40,1,0,57,10,1,59,53,54,63,69,123
0,0,16,38,1,3,47,16,1,51,54,55,70,67,122
0,0,12,37,1,8,53,10,0,61,49,50,59,71,121
0,0,17,35,1,3,52,15,1,56,52,53,67,71,124
1,0,15,33,0,3,56,13,0,60,48,48,61,73,121
1,0,13,31,1,3,59,14,0,63,44,45,58,77,122
1,0,18,36,0,3,47,17,1,52,54,54,71,69,123
2,0,13,37,1,5,51,12,0,58,50,51,62,70,121
2,0,11,38,1,3,54,12,1,60,49,50,61,72,122
1,0,12,36,1,2,57,12,0,60,48,49,60,72,121
1,0,12,31,0,5,63,11,1,70,43,43,54,81,124
1,0,14,36,0,2,53,15,0,56,50,50,65,71,121
1,0,15,34,0,4,56,12,1,62,49,49,61,74,123
1,0,18,30,1,4,54,15,1,60,48,49,63,75,124
1,0,18,33,0,3,53,13,0,57,51,51,64,70,121
0,0,13,35,1,2,55,15,0,57,48,49,63,72,121
1,0,12,34,1,3,56,14,0,60,46,47,60,74,121
1,0,15,38,0,4,50,13,1,56,53,53,66,69,122
1,0,13,37,0,6,56,12,0,63,50,50,62,75,125
0,0,14,37,1,3,53,13,1,57,51,52,64,70,122
0,0,13,36,0,1,57,13,1,59,49,49,62,72,121
3,0,14,32,0,2,56,12,1,62,46,46,58,74,120
1,0,15,34,1,4,54,14,0,59,49,50,63,73,123
0,0,13,34,0,3,57,13,1,61,47,47,60,74,121
2,0,11,36,0,3,57,11,1,63,47,47,58,74,121
1,0,17,33,0,4,51,15,0,56,50,50,65,71,121
1,0,11,37,0,3,57,10,1,62,48,48,58,72,120
1,0,16,37,0,2,53,13,0,56,53,53,66,69,122
1,0,13,35,1,4,56,11,1,62,48,49,59,73,122
1,0,15,34,1,3,56,12,1,61,49,50,61,73,123
1,0,14,33,0,3,58,12,1,63,47,47,59,75,122
1,0,13,33,0,2,59,13,1,63,46,46,59,76,122
0,0,14,34,1,3,52,17,1,56,48,49,65,73,122
1,0,13,36,0,3,55,13,1,60,49,49,62,73,122
1,0,15,37,1,3,51,14,1,56,52,53,66,70,123
1,0,11,34,1,3,60,13,1,65,45,46,58,78,124
0,0,14,37,1,4,55,12,1,60,51,52,63,72,124
2,0,13,37,1,4,53,14,1,60,50,51,64,74,125
2,0,16,36,1,2,49,15,1,54,52,53,67,69,122
1,0,12,36,0,5,59,12,0,65,48,48,60,77,125
1,0,15,37,0,2,52,15,1,56,52,52,67,71,123
1,0,12,37,0,4,53,13,0,58,49,49,62,71,120
1,0,13,37,1,3,54,13,0,58,50,51,63,71,122
5,0,16,32,1,3,54,10,1,63,48,49,58,73,122
1,0,14,34,1,3,57,14,0,61,48,49,62,75,124
1,0,17,33,1,5,52,15,1,59,50,51,65,74,125
2,0,11,37,1,4,57,10,0,63,48,49,58,73,122
1,0,15,33,1,3,51,17,1,56,48,49,65,73,122
1,0,16,33,1,4,51,18,1,57,49,50,67,75,125
0,0,12,34,1,2,57,15,0,59,46,47,61,74,121
1,0,12,39,0,2,50,17,1,54,51,51,68,71,122
2,0,12,36,1,2,57,11,0,61,48,49,59,72,121
1,0,15,33,0,2,55,15,1,59,48,48,63,74,122
0,0,14,38,1,2,55,12,0,57,52,53,64,69,122
1,0,16,33,1,2,56,14,1,60,49,50,63,74,124
2,0,15,31,1,5,56,12,3,66,46,47,58,78,125
1,0,16,39,1,3,48,14,1,53,55,56,69,67,123
1,0,12,37,1,2,57,11,0,60,49,50,60,71,121
0,0,14,39,1,2,54,11,1,57,53,54,64,68,122
1,0,16,34,0,4,57,9,1,63,50,50,59,72,122
4,0,11,37,1,3,53,14,1,61,48,49,62,75,124
1,0,13,35,0,1,54,15,1,57,48,48,63,72,120
0,0,14,36,0,2,56,12,1,59,50,50,62,71,121
1,0,15,36,0,4,48,19,1,54,51,51,70,73,124
1,0,15,38,0,2,51,14,1,55,53,53,67,69,122
1,0,15,36,0,4,53,13,0,58,51,51,64,71,122
0,0,12,36,1,5,55,12,1,61,48,49,60,73,122
0,0,15,37,0,5,56,10,1,62,52,52,62,72,124
1,0,15,33,1,3,53,16,1,58,48,49,64,74,123
1,0,15,33,1,4,56,15,1,62,48,49,63,77,126
1,0,11,38,0,2,55,13,0,58,49,49,62,71,120
1,0,13,37,0,3,51,17,1,56,50,50,67,73,123
2,0,14,34,1,3,52,16,0,57,48,49,64,73,122
0,0,11,38,1,1,54,16,1,56,49,50,65,72,122
0,0,13,39,0,3,53,13,1,57,52,52,65,70,122
1,0,14,35,0,2,55,14,1,59,49,49,63,73,122
2,0,16,33,0,3,52,14,1,58,49,49,63,72,121
3,0,16,31,1,6,55,14,1,65,47,48,61,79,127
1,0,13,32,1,0,60,13,1,62,45,46,58,75,121
1,0,13,36,1,3,56,13,0,60,49,50,62,73,123
4,0,12,34,0,2,56,11,1,63,46,46,57,74,120
1,0,11,39,1,2,51,17,0,54,50,51,67,71,122
0,0,15,38,1,4,55,11,1,60,53,54,64,71,125
1,0,13,34,0,1,59,12,1,62,47,47,59,74,121
1,0,12,37,0,2,55,15,0,58,49,49,64,73,122
2,0,13,34,1,3,56,13,1,62,47,48,60,75,123
1,0,13,38,1,3,56,11,1,61,51,52,62,72,124
0,0,15,36,1,5,53,14,1,59,51,52,65,73,125
0,0,14,37,0,0,58,11,0,58,51,51,62,69,120
1,0,13,35,1,4,57,12,1,63,48,49,60,75,124
0,0,12,34,0,5,59,13,1,65,46,46,59,78,124
2,0,14,36,1,2,55,11,1,60,50,51,61,71,122
0,0,13,33,1,3,58,13,1,62,46,47,59,75,122
1,0,16,38,0,5,50,13,0,56,54,54,67,69,123
1,0,14,35,0,2,51,17,1,55,49,49,66,72,121
1,0,13,37,0,2,54,13,1,58,50,50,63,71,121
1,0,17,34,1,2,54,13,1,58,51,52,64,71,123
1,0,15,36,1,4,52,12,1,58,51,52,63,70,122
0,0,16,35,1,4,56,10,1,61,51,52,61,71,123
2,0,14,37,1,3,51,13,0,56,51,52,64,69,121
1,0,14,35,0,5,56,13,1,63,49,49,62,76,125
1,0,16,32,1,4,57,12,0,62,48,49,60,74,123
0,0,14,35,1,3,51,17,0,54,49,50,66,71,121
2,0,12,41,0,4,51,12,1,58,53,53,65,70,123
1,0,14,38,1,3,52,15,0,56,52,53,67,71,124
0,0,13,38,0,2,54,13,1,57,51,51,64,70,121
1,0,12,34,1,4,52,19,0,57,46,47,65,76,123
1,0,13,42,0,3,53,8,1,58,55,55,63,66,121
1,0,15,41,1,3,47,15,1,52,56,57,71,67,124
0,0,14,33,0,3,59,11,1,63,47,47,58,74,121
1,0,12,33,1,4,59,13,1,65,45,46,58,78,124
1,0,14,33,1,3,58,12,1,63,47,48,59,75,123
0,0,16,36,0,0,55,13,1,56,52,52,65,69,121
2,0,13,36,1,4,54,12,1,61,49,50,61,73,123
0,0,12,38,1,4,56,13,1,61,50,51,63,74,125
1,0,10,38,1,4,57,12,1,63,48,49,60,75,124
0,0,14,36,1,4,54,14,1,59,50,51,64,73,124
1,0,15,31,0,4,55,16,1,61,46,46,62,77,123
0,0,15,35,0,3,54,15,0,57,50,50,65,72,122
1,0,11,34,0,4,62,10,1,68,45,45,55,78,123
0,0,12,37,1,4,57,13,1,62,49,50,62,75,125
0,0,14,36,1,3,53,14,0,56,50,51,64,70,121
1,0,11,38,1,2,57,12,1,61,49,50,61,73,123
0,0,13,38,1,3,50,16,1,54,51,52,67,70,122
3,0,16,34,0,3,51,13,1,58,50,50,63,71,121
0,0,14,37,1,4,49,17,0,53,51,52,68,70,122
1,0,11,35,1,4,59,13,1,65,46,47,59,78,125
2,0,13,36,1,3,57,10,1,63,49,50,59,73,123
1,0,12,37,0,5,56,13,1,63,49,49,62,76,125
1,0,13,33,0,2,61,11,1,65,46,46,57,76,122
1,0,13,32,1,2,58,14,0,61,45,46,59,75,121
1,0,15,35,0,3,60,8,0,64,50,50,58,72,122
3,0,18,32,1,2,53,12,1,59,50,51,62,71,122
1,0,15,32,0,4,57,13,0,62,47,47,60,75,122
0,0,14,32,1,3,57,16,0,60,46,47,62,76,123
1,0,14,32,0,4,59,12,1,65,46,46,58,77,123
1,0,16,31,0,6,53,17,0,60,47,47,64,77,124
1,0,15,31,0,4,61,12,1,67,46,46,58,79,125
1,0,19,33,0,4,52,12,0,57,52,52,64,69,121
1,0,14,41,1,2,50,14,1,54,55,56,69,68,124
1,0,13,37,1,4,54,15,1,60,50,51,65,75,126
0,0,13,37,1,3,47,20,1,51,50,51,70,71,122
1,0,14,34,1,4,55,13,1,61,48,49,61,74,123
1,0,19,33,1,4,54,9,1,60,52,53,61,69,122
1,0,13,33,1,3,53,19,0,57,46,47,65,76,123
1,0,15,35,0,3,55,13,0,59,50,50,63,72,122
1,0,14,33,1,4,58,13,0,63,47,48,60,76,124
0,0,15,40,1,4,50,11,1,55,55,56,66,66,122
1,0,15,36,1,3,55,13,0,59,51,52,64,72,124
2,0,13,38,0,4,52,13,1,59,51,51,64,72,123
1,0,14,34,1,3,52,19,1,57,48,49,67,76,125
1,0,14,32,1,3,58,14,1,63,46,47,60,77,124
0,0,13,37,1,4,56,10,1,61,50,51,60,71,122
1,0,18,33,1,4,52,10,3,60,51,52,61,70,122
1,0,14,34,0,2,57,13,1,61,48,48,61,74,122
0,0,14,33,0,4,55,14,0,59,47,47,61,73,120
1,0,16,38,1,2,53,11,1,57,54,55,65,68,123
1,0,16,39,1,3,47,15,1,52,55,56,70,67,123
1,0,15,33,0,5,55,12,1,62,48,48,60,74,122
2,0,13,33,0,4,60,10,1,67,46,46,56,77,123
2,0,12,36,1,0,59,11,1,62,48,49,59,73,122
2,0,14,32,0,0,62,10,1,65,46,46,56,75,121
1,0,15,33,0,5,53,14,1,60,48,48,62,74,122
5,0,15,31,0,3,54,12,0,62,46,46,58,74,120
1,0,15,35,0,5,55,13,0,61,50,50,63,74,124
0,0,12,37,1,4,53,16,1,58,49,50,65,74,124
1,0,12,38,0,3,55,11,1,60,50,50,61,71,121
1,0,13,38,1,4,53,10,1,59,51,52,61,69,121
1,0,13,33,0,3,57,14,1,62,46,46,60,76,122
1,0,15,32,1,3,52,16,0,56,47,48,63,72,120
1,0,15,35,0,4,57,12,1,63,50,50,62,75,125
0,0,9,37,0,4,58,11,1,63,46,46,57,74,120
1,0,14,36,1,2,56,13,0,59,50,51,63,72,123
1,0,14,38,0,3,48,16,1,53,52,52,68,69,121
1,0,19,32,1,2,53,13,1,57,51,52,64,70,122
0,0,11,39,1,4,55,14,1,60,50,51,64,74,125
2,0,15,37,1,3,55,9,0,60,52,53,61,69,122
0,13,14,31,1,3,45,14,0,61,45,46,59,75,121
0,0,16,32,1,4,57,11,1,62,48,49,59,73,122
1,0,12,38,0,5,54,13,1,61,50,50,63,74,124
0,0,13,39,1,4,52,15,1,57,52,53,67,72,125
0,0,14,36,0,5,51,14,0,56,50,50,64,70,120
1,0,12,34,0,4,58,14,0,63,46,46,60,77,123
2,0,11,34,0,4,57,12,1,64,45,45,57,76,121
1,0,13,36,0,3,53,14,0,57,49,49,63,71,120
1,0,11,40,1,3,51,14,0,55,51,52,65,69,121
1,0,14,33,0,4,58,12,1,64,47,47,59,76,123
1,0,16,35,0,3,51,15,0,55,51,51,66,70,121
1,0,14,35,0,5,60,10,0,66,49,49,59,76,125
0,0,11,34,0,0,63,12,1,64,45,45,57,76,121
1,0,13,37,1,1,54,14,1,57,50,51,64,71,122
1,0,13,36,0,3,54,15,0,58,49,49,64,73,122
1,0,12,33,1,2,60,13,0,63,45,46,58,76,122
1,0,15,35,1,2,53,14,1,57,50,51,64,71,122
0,0,19,33,0,4,51,15,0,55,52,52,67,70,122
0,0,15,33,1,0,57,14,0,57,48,49,62,71,120
1,0,13,35,1,4,52,16,1,58,48,49,64,74,123
1,0,12,38,1,4,56,11,1,62,50,51,61,73,124
1,0,15,32,0,3,58,12,1,63,47,47,59,75,122
1,0,15,34,0,4,52,16,0,57,49,49,65,73,122
1,0,19,30,1,4,56,13,1,62,49,50,62,75,125
0,0,17,38,1,5,49,13,0,54,55,56,68,67,123
1,0,14,35,1,3,55,13,1,60,49,50,62,73,123
1,0,13,33,1,4,53,15,1,59,46,47,61,74,121
1,0,14,36,0,3,54,12,1,59,50,50,62,71,121
1,0,16,36,1,4,55,12,0,60,52,53,64,72,125
0,0,18,31,1,2,57,12,1,60,49,50,61,72,122
1,0,13,33,0,2,60,11,0,63,46,46,57,74,120
1,0,17,32,1,3,52,15,1,57,49,50,64,72,122
1,0,18,31,0,4,57,12,1,63,49,49,61,75,124
1,0,13,39,1,4,55,9,1,61,52,53,61,70,123
0,0,13,35,1,6,54,15,0,60,48,49,63,75,124
1,0,12,36,1,4,58,10,1,64,48,49,58,74,123
1,0,12,38,1,4,57,11,1,63,50,51,61,74,125
4,0,13,27,0,4,61,11,1,70,40,40,51,81,121
1,0,14,39,0,3,48,16,1,53,53,53,69,69,122
1,0,14,37,0,3,52,14,1,57,51,51,65,71,122
1,0,13,34,0,3,58,12,1,63,47,47,59,75,122
0,0,14,35,0,3,55,13,1,59,49,49,62,72,121
1,0,13,36,1,5,56,11,1,63,49,50,60,74,124
1,0,14,33,0,3,57,12,1,62,47,47,59,74,121
1,0,12,32,0,2,56,18,1,60,44,44,62,78,122
2,0,10,35,0,4,58,13,0,64,45,45,58,77,122
1,0,14,34,1,3,55,13,1,60,48,49,61,73,122
0,0,15,40,1,3,51,13,0,54,55,56,68,67,123
1,0,14,37,0,1,50,18,0,52,51,51,69,70,121
1,0,14,35,0,2,56,12,1,60,49,49,61,72,121
0,0,14,34,0,3,58,11,1,62,48,48,59,73,121
2,0,13,31,0,3,57,15,1,63,44,44,59,78,122
1,0,15,36,0,5,53,11,1,60,51,51,62,71,122
2,0,12,34,0,3,60,9,1,66,46,46,55,75,121
1,0,16,33,0,3,54,13,1,59,49,49,62,72,121
1,0,16,33,1,2,55,12,0,58,49,50,61,70,120
1,0,16,34,0,2,56,11,0,59,50,50,61,70,120
0,0,12,39,1,4,52,14,1,57,51,52,65,71,123
1,0,15,37,0,5,54,10,0,60,52,52,62,70,122
1,0,11,38,0,3,54,14,1,59,49,49,63,73,122
1,0,13,37,1,2,53,14,1,57,50,51,64,71,122
1,0,19,31,0,2,56,11,0,59,50,50,61,70,120
0,0,9,37,0,2,61,11,1,64,46,46,57,75,121
1,0,14,36,0,4,53,15,1,59,50,50,65,74,124
1,0,16,34,0,3,53,14,1,58,50,50,64,72,122
0,0,12,38,0,3,52,15,1,56,50,50,65,71,121
1,0,17,32,0,4,53,16,1,59,49,49,65,75,124
0,0,18,38,0,4,50,13,1,55,56,56,69,68,124
1,0,11,35,0,4,56,16,1,62,46,46,62,78,124
1,0,13,35,0,2,56,13,0,59,48,48,61,72,120
3,0,14,32,1,2,56,13,1,62,46,47,59,75,122
0,0,13,40,1,3,53,12,1,57,53,54,65,69,123
1,0,18,33,0,5,52,12,1,59,51,51,63,71,122
1,0,15,35,1,5,55,10,0,61,50,51,60,71,122
2,0,14,38,0,4,49,13,1,56,52,52,65,69,121
1,0,10,35,1,3,59,13,1,64,45,46,58,77,123
2,0,14,34,0,4,55,14,0,61,48,48,62,75,123
0,0,13,34,0,3,56,13,1,60,47,47,60,73,120
0,0,17,32,0,5,53,16,0,58,49,49,65,74,123
1,0,13,32,1,3,63,11,1,68,45,46,56,79,125
1,0,13,38,0,4,52,12,0,57,51,51,63,69,120
1,0,14,31,1,3,59,14,1,64,45,46,59,78,124
1,0,14,31,0,4,56,15,1,62,45,45,60,77,122
2,0,13,39,0,3,52,12,0,57,52,52,64,69,121
1,0,14,34,0,4,52,17,1,58,48,48,65,75,123
1,0,9,38,0,2,55,15,1,59,47,47,62,74,121
1,0,13,33,0,5,53,20,0,59,46,46,66,79,125
1,0,12,34,0,4,55,15,0,60,46,46,61,75,121
1,0,15,34,1,4,53,14,0,58,49,50,63,72,122
0,0,13,38,1,2,52,15,1,55,51,52,66,70,122
1,0,11,35,0,2,61,11,1,65,46,46,57,76,122
2,0,14,34,1,3,55,13,1,61,48,49,61,74,123
1,0,14,38,1,3,52,11,1,57,52,53,63,68,121
1,0,15,34,1,3,56,12,0,60,49,50,61,72,122
0,0,13,37,1,5,58,11,1,64,50,51,61,75,126
1,0,13,36,1,5,54,14,1,61,49,50,63,75,125
1,0,15,37,0,1,53,13,1,56,52,52,65,69,121
1,0,15,35,1,2,53,15,0,56,50,51,65,71,122
1,0,14,35,0,5,59,11,0,65,49,49,60,76,125
1,0,12,31,0,3,59,16,1,64,43,43,59,80,123
1,0,13,34,1,2,58,13,1,62,47,48,60,75,123
1,0,12,37,0,2,52,18,0,55,49,49,67,73,122
0,0,16,36,1,4,53,13,0,57,52,53,65,70,123
1,0,13,36,1,2,56,13,0,59,49,50,62,72,122
1,0,13,35,0,3,53,17,1,58,48,48,65,75,123
1,0,19,31,1,4,54,12,0,59,50,51,62,71,122
1,0,11,38,1,3,56,12,1,61,49,50,61,73,123
1,0,14,40,1,3,52,12,0,56,54,55,66,68,123
1,0,11,39,1,5,51,15,1,58,50,51,65,73,124
1,0,12,37,0,3,55,12,0,59,49,49,61,71,120
1,0,13,35,0,4,60,10,0,65,48,48,58,75,123
0,0,15,32,0,2,56,16,0,58,47,47,63,74,121
2,0,14,38,0,2,51,13,1,56,52,52,65,69,121
1,0,9,35,0,2,61,13,0,64,44,44,57,77,121
1,0,12,37,0,3,57,11,1,62,49,49,60,73,122
0,0,11,34,1,3,59,13,0,62,45,46,58,75,121
1,0,14,37,0,3,57,9,1,62,51,51,60,71,122
1,0,13,33,1,3,55,17,1,60,46,47,63,77,124
1,0,10,36,0,3,57,14,1,62,46,46,60,76,122
0,0,15,33,0,4,55,15,1,60,48,48,63,75,123
3,0,16,35,0,5,52,13,0,60,51,51,64,73,124
1,0,15,34,0,3,56,12,0,60,49,49,61,72,121
2,0,13,35,1,4,54,14,0,60,48,49,62,74,123
1,0,15,37,1,2,52,13,0,55,52,53,65,68,121
1,0,14,35,1,3,53,15,1,58,49,50,64,73,123
2,0,16,31,0,5,52,14,1,60,47,47,61,74,121
1,0,18,30,0,2,52,18,1,56,48,48,66,74,122
4,0,15,30,1,6,54,13,1,65,45,46,58,78,124
1,0,14,35,1,4,55,12,0,60,49,50,61,72,122
1,0,13,38,0,3,54,11,0,58,51,51,62,69,120
1,0,15,35,0,4,53,15,1,59,50,50,65,74,124
1,0,17,36,0,4,51,13,1,57,53,53,66,70,123
1,0,17,35,0,3,50,14,1,55,52,52,66,69,121
1,0,17,34,0,0,53,16,1,55,51,51,67,71,122
2,0,13,35,0,3,54,13,0,59,48,48,61,72,120
1,0,12,34,0,3,59,13,0,63,46,46,59,76,122
0,0,13,35,1,4,56,13,0,60,48,49,61,73,122
1,0,14,35,1,4,51,13,1,57,49,50,62,70,120
1,0,12,39,0,3,56,11,1,61,51,51,62,72,123
2,0,11,38,0,4,54,13,1,61,49,49,62,74,123
1,0,13,34,0,4,55,16,0,60,47,47,63,76,123
0,0,12,38,1,2,58,10,0,60,50,51,60,70,121
0,0,14,34,0,5,56,11,0,61,48,48,59,72,120
1,0,15,38,1,5,53,10,0,59,53,54,63,69,123
1,0,14,35,0,4,54,15,0,59,49,49,64,74,123
1,0,9,34,1,3,61,12,1,66,43,44,55,78,122
0,0,16,29,0,4,57,14,1,62,45,45,59,76,121
1,0,14,32,0,4,58,15,1,64,46,46,61,79,125
2,0,13,37,1,2,57,10,0,61,50,51,60,71,122
1,0,13,36,1,0,52,18,0,53,49,50,67,71,121
1,0,11,36,0,2,53,17,1,57,47,47,64,74,121
0,0,17,35,1,3,51,14,1,55,52,53,66,69,122
1,0,13,33,0,4,59,12,0,64,46,46,58,76,122
1,0,16,33,0,2,57,12,0,60,49,49,61,72,121
1,0,14,34,0,2,60,10,1,64,48,48,58,74,122
1,0,11,38,0,3,53,16,0,57,49,49,65,73,122
1,0,16,35,0,3,52,14,1,57,51,51,65,71,122
1,0,17,32,0,2,51,18,1,55,49,49,67,73,122
1,0,12,34,0,4,59,11,1,65,46,46,57,76,122
1,0,15,34,0,3,54,13,0,58,49,49,62,71,120
0,0,17,32,0,5,53,12,1,59,49,49,61,71,120
1,0,11,34,0,2,61,12,0,64,45,45,57,76,121
1,0,15,36,0,3,55,13,0,59,51,51,64,72,123
1,0,16,34,0,3,55,12,1,60,50,50,62,72,122
0,0,14,37,0,2,54,14,1,57,51,51,65,71,122
1,0,12,35,0,2,56,14,0,59,47,47,61,73,120
1,0,14,33,0,4,57,12,0,62,47,47,59,74,121
1,0,15,37,0,3,55,11,1,60,52,52,63,71,123
1,0,17,35,0,3,54,13,0,58,52,52,65,71,123
1,0,13,32,1,5,58,13,1,65,45,46,58,78,124
1,0,11,38,1,2,58,11,1,62,49,50,60,73,123
2,0,13,37,0,4,50,15,1,57,50,50,65,72,122
2,0,14,35,0,4,52,15,0,58,49,49,64,73,122
3,0,15,34,0,3,55,10,1,62,49,49,59,72,121
1,0,13,30,0,5,58,14,0,64,43,43,57,78,121
1,0,14,34,0,3,57,12,0,61,48,48,60,73,121
2,0,12,37,0,3,56,11,1,62,49,49,60,73,122
0,0,11,34,0,2,62,11,1,65,45,45,56,76,121
1,0,14,31,0,4,63,11,0,68,45,45,56,79,124
1,0,16,32,0,3,57,13,0,61,48,48,61,74,122
1,0,11,32,1,3,59,15,1,64,43,44,58,79,123
0,0,14,32,0,2,63,9,1,66,46,46,55,75,121
1,0,16,32,0,4,60,10,1,66,48,48,58,76,124
1,0,14,33,1,3,54,16,1,59,47,48,63,75,123
1,0,13,38,0,3,52,14,0,56,51,51,65,70,121
1,0,13,32,0,2,60,12,1,64,45,45,57,76,121
0,0,13,34,1,3,58,14,1,62,47,48,61,76,124
0,0,14,35,1,4,56,14,0,60,49,50,63,74,124
1,0,12,38,1,3,54,13,1,59,50,51,63,72,123
1,0,11,38,1,4,57,13,1,63,49,50,62,76,126
1,0,13,37,1,3,50,16,1,55,50,51,66,71,122
1,0,12,35,1,3,57,15,0,61,47,48,62,76,124
0,0,15,33,0,4,58,13,0,62,48,48,61,75,123
1,0,16,34,1,2,51,16,1,55,50,51,66,71,122
1,0,11,33,0,5,60,10,0,66,44,44,54,76,120
1,0,15,35,1,4,58,10,0,63,50,51,60,73,124
3,0,15,35,1,2,52,12,1,58,50,51,62,70,121
1,0,15,36,1,3,53,14,1,58,51,52,65,72,124
1,0,14,37,0,5,54,9,0,60,51,51,60,69,120
1,0,15,34,0,4,53,17,1,59,49,49,66,76,125
1,0,15,34,0,4,54,15,0,59,49,49,64,74,123
1,0,15,34,1,3,51,17,1,56,49,50,66,73,123
1,0,14,35,0,5,54,14,1,61,49,49,63,75,124
1,0,14,35,1,5,51,14,0,57,49,50,63,71,121
1,0,14,36,0,2,53,14,0,56,50,50,64,70,120
1,0,11,33,1,4,60,14,1,66,44,45,58,80,125
0,0,14,37,1,2,56,11,1,59,51,52,62,70,122
1,0,16,34,1,2,50,18,1,54,50,51,68,72,123
0,0,13,32,1,3,60,14,0,63,45,46,59,77,123
1,0,13,36,1,5,55,13,1,62,49,50,62,75,125
1,0,15,32,1,3,52,18,1,57,47,48,65,75,123
1,0,17,34,0,2,56,10,1,60,51,51,61,70,121
2,0,14,36,0,3,51,16,0,56,50,50,66,72,122
1,0,13,34,0,2,60,11,0,63,47,47,58,74,121
1,0,16,35,0,4,53,12,1,59,51,51,63,71,122
1,0,13,30,0,2,61,13,1,65,43,43,56,78,121
1,0,16,34,0,2,54,14,0,57,50,50,64,71,121
1,0,14,36,0,4,51,15,0,56,50,50,65,71,121
1,0,15,37,0,2,52,14,0,55,52,52,66,69,121
1,0,15,32,1,4,58,9,1,64,47,48,56,73,121
2,0,10,37,1,4,54,14,1,61,47,48,61,75,123
1,0,14,35,0,2,56,13,1,60,49,49,62,73,122
0,0,14,35,1,3,55,14,1,59,49,50,63,73,123
1,0,17,33,1,3,55,13,1,60,50,51,63,73,124
1,0,15,33,0,5,56,13,0,62,48,48,61,75,123
1,0,14,33,0,2,59,12,0,62,47,47,59,74,121
1,0,17,35,1,2,53,12,1,57,52,53,64,69,122
1,0,15,35,1,3,55,11,1,60,50,51,61,71,122
1,0,17,28,2,1,53,18,1,56,45,47,63,74,121
1,0,11,38,0,2,53,16,1,57,49,49,65,73,122
1,0,11,35,0,5,58,14,1,65,46,46,60,79,125
1,0,15,32,1,3,57,14,1,62,47,48,61,76,124
0,0,14,34,0,3,55,14,1,59,48,48,62,73,121
1,0,15,32,1,4,55,14,0,60,47,48,61,74,122
0,0,13,33,0,3,61,10,1,65,46,46,56,75,121
1,0,12,40,0,4,52,13,0,57,52,52,65,70,122
1,0,14,39,0,2,48,16,0,51,53,53,69,67,120
1,0,17,36,0,3,52,11,0,56,53,53,64,67,120
1,0,14,34,0,4,55,12,1,61,48,48,60,73,121
1,0,12,35,0,4,53,16,1,59,47,47,63,75,122
2,0,12,41,1,3,53,11,1,59,53,54,64,70,124
1,0,13,36,1,4,58,11,1,64,49,50,60,75,125
1,0,18,30,0,3,55,13,0,59,48,48,61,72,120
0,0,13,37,0,4,55,13,0,59,50,50,63,72,122
0,0,16,33,1,3,55,13,0,58,49,50,62,71,121
1,0,13,36,1,4,55,14,1,61,49,50,63,75,125
1,0,13,31,1,4,59,13,1,65,44,45,57,78,123
2,0,10,35,0,3,61,10,0,66,45,45,55,76,121
1,0,14,39,0,5,53,12,1,60,53,53,65,72,125
3,0,11,37,1,4,54,13,1,62,48,49,61,75,124
1,0,10,40,0,3,58,11,1,63,50,50,61,74,124
1,0,12,36,1,2,59,10,0,62,48,49,58,72,121
1,0,13,36,0,4,54,15,0,59,49,49,64,74,123
1,0,11,34,0,5,60,12,1,67,45,45,57,79,124
0,0,17,34,1,2,55,12,0,57,51,52,63,69,121
1,0,14,31,0,4,61,11,0,66,45,45,56,77,122
1,0,11,38,1,2,54,14,1,58,49,50,63,72,122
1,0,17,37,0,2,52,12,0,55,54,54,66,67,121
0,0,14,34,1,2,56,15,1,59,48,49,63,74,123
0,0,16,33,0,3,56,14,1,60,49,49,63,74,123
1,0,20,29,1,5,54,15,1,61,49,50,64,76,126
1,0,14,35,1,3,52,16,1,57,49,50,65,73,123
0,0,12,33,0,4,60,12,0,64,45,45,57,76,121
1,0,13,38,1,4,53,14,0,58,51,52,65,72,124
1,0,14,37,0,5,52,14,1,59,51,51,65,73,124
1,0,14,34,1,4,59,11,1,65,48,49,59,76,125
1,0,13,35,1,4,58,11,1,64,48,49,59,75,124
1,0,13,36,1,3,54,14,0,58,49,50,63,72,122
1,0,15,34,1,5,55,12,1,62,49,50,61,74,124
1,0,14,34,0,2,58,10,1,62,48,48,58,72,120
1,0,15,36,1,3,53,13,0,57,51,52,64,70,122
0,0,14,35,1,4,57,12,0,61,49,50,61,73,123
1,0,16,35,0,4,51,14,1,57,51,51,65,71,122
1,0,12,34,0,4,59,11,0,64,46,46,57,75,121
1,0,14,34,0,3,58,11,1,63,48,48,59,74,122
1,0,13,36,1,4,58,10,0,63,49,50,59,73,123
1,0,13,33,0,4,55,14,1,61,46,46,60,75,121
1,0,16,30,0,4,53,16,1,59,46,46,62,75,121
0,0,14,31,1,4,55,17,1,60,45,46,62,77,123
0,0,14,36,0,3,54,13,0,57,50,50,63,70,120
0,0,14,36,0,3,56,11,1,60,50,50,61,71,121
1,0,14,35,1,4,56,11,1,62,49,50,60,73,123
1,0,14,35,0,3,55,12,1,60,49,49,61,72,121
1,0,16,34,1,3,55,13,0,59,50,51,63,72,123
1,0,14,37,1,1,54,14,1,57,51,52,65,71,123
1,0,14,38,1,2,47,18,1,51,52,53,70,69,122
2,0,15,36,1,3,52,13,0,57,51,52,64,70,122
4,0,16,31,0,4,55,10,0,63,47,47,57,73,120
1,0,14,34,1,2,58,12,1,62,48,49,60,74,123
1,0,17,35,0,4,49,15,1,55,52,52,67,70,122
0,0,14,37,1,3,56,12,0,59,51,52,63,71,123
1,0,16,36,1,3,53,13,1,58,52,53,65,71,124
7,0,10,29,1,4,53,17,0,64,39,40,56,81,121
1,0,15,39,1,1,50,15,1,53,54,55,69,68,123
1,0,16,32,1,3,57,13,0,61,48,49,61,74,123
1,0,17,32,0,2,55,14,0,58,49,49,63,72,121
2,0,14,30,1,3,60,12,0,65,44,45,56,77,122
1,0,13,39,1,4,51,14,1,57,52,53,66,71,124
1,0,13,38,1,3,56,11,0,60,51,52,62,71,123
1,0,13,33,1,3,56,14,1,61,46,47,60,75,122
1,0,16,32,0,3,54,15,1,59,48,48,63,74,122
0,0,12,35,1,2,54,17,1,57,47,48,64,74,122
0,0,13,41,1,3,53,11,1,57,54,55,65,68,123
1,0,17,34,1,2,55,13,0,58,51,52,64,71,123
1,0,16,34,0,5,54,14,0,60,50,50,64,74,124
1,0,20,33,1,3,53,13,1,58,53,54,66,71,125
0,0,13,34,0,5,51,20,0,56,47,47,67,76,123
0,0,14,32,0,0,57,17,1,58,46,46,63,75,121
1,0,15,34,1,2,54,14,1,58,49,50,63,72,122
1,0,15,36,1,4,53,14,0,58,51,52,65,72,124
1,0,14,37,0,3,52,16,0,56,51,51,67,72,123
1,0,16,36,0,3,51,13,1,56,52,52,65,69,121
1,0,12,34,0,3,56,14,0,60,46,46,60,74,120
0,0,12,42,1,3,54,10,0,57,54,55,64,67,122
2,0,14,35,0,4,55,12,1,62,49,49,61,74,123
1,0,13,38,1,4,50,15,0,55,51,52,66,70,122
1,0,16,32,1,1,60,10,0,62,48,49,58,72,121
1,0,11,31,1,4,60,15,1,66,42,43,57,81,124
1,0,13,35,0,2,56,13,0,59,48,48,61,72,120
1,0,13,35,1,2,56,13,1,60,48,49,61,73,122
1,0,14,33,0,3,56,14,1,61,47,47,61,75,122
1,0,17,33,1,2,53,16,1,57,50,51,66,73,124
1,0,15,31,0,2,59,13,1,63,46,46,59,76,122
1,0,13,36,1,1,56,13,1,59,49,50,62,72,122
2,0,16,31,1,2,56,13,0,60,47,48,60,73,121
1,0,16,33,1,2,53,15,0,56,49,50,64,71,121
1,0,12,34,0,3,60,12,0,64,46,46,58,76,122
1,0,13,36,0,0,54,16,1,56,49,49,65,72,121
1,0,15,31,1,3,59,13,1,64,46,47,59,77,124
0,0,18,31,1,2,56,13,1,59,49,50,62,72,122
1,0,16,35,0,3,51,15,0,55,51,51,66,70,121
0,0,15,37,1,5,51,16,1,57,52,53,68,73,126
1,0,14,35,0,4,57,11,0,62,49,49,60,73,122
2,0,13,35,1,4,53,13,0,59,48,49,61,72,121
2,0,13,37,1,3,50,15,1,56,50,51,65,71,122
1,0,10,37,1,4,56,14,1,62,47,48,61,76,124
0,0,14,34,0,2,54,17,1,57,48,48,65,74,122
1,0,16,34,0,3,55,12,0,59,50,50,62,71,121
1,0,12,39,0,2,55,13,0,58,51,51,64,71,122
1,0,12,35,1,1,59,13,1,62,47,48,60,75,123
0,0,17,34,0,3,52,13,1,56,51,51,64,69,120
3,0,12,34,0,5,55,14,1,64,46,46,60,78,124
0,0,16,35,1,4,51,16,0,55,51,52,67,71,123
0,0,16,36,1,2,54,12,1,57,52,53,64,69,122
1,0,12,39,1,1,53,14,1,56,51,52,65,70,122
2,0,14,33,1,3,56,13,0,61,47,48,60,74,122
1,0,14,35,1,4,49,16,1,55,49,50,65,71,121
1,0,12,36,0,5,54,15,0,60,48,48,63,75,123
1,0,12,37,0,3,54,13,0,58,49,49,62,71,120
1,0,13,35,1,5,57,13,0,63,48,49,61,76,125
1,0,14,35,1,4,56,11,1,62,49,50,60,73,123
0,0,12,35,1,3,54,16,1,58,47,48,63,74,122
0,0,13,34,0,3,54,17,1,58,47,47,64,75,122
4,0,13,35,0,4,55,12,1,64,48,48,60,76,124
1,0,14,35,0,3,55,12,0,59,49,49,61,71,120
1,0,14,35,1,2,54,13,1,58,49,50,62,71,121
1,0,13,35,0,1,57,14,0,59,48,48,62,73,121
1,0,14,39,0,3,53,12,0,57,53,53,65,69,122
1,0,14,37,0,4,55,12,1,61,51,51,63,73,124
1,0,14,34,1,2,56,13,1,60,48,49,61,73,122
0,0,15,36,0,1,57,11,1,59,51,51,62,70,121
1,0,16,37,0,1,49,16,0,51,53,53,69,67,120
1,0,12,35,0,4,56,14,1,62,47,47,61,76,123
1,0,13,33,0,4,58,13,1,64,46,46,59,77,123
1,0,18,32,1,5,50,18,0,56,50,51,68,74,125
1,0,13,32,1,3,54,17,0,58,45,46,62,75,121
0,0,15,33,1,5,58,13,1,64,48,49,61,77,126
0,0,11,34,1,3,59,14,0,62,45,46,59,76,122
1,0,13,36,1,6,56,13,1,64,49,50,62,77,127
1,0,17,37,0,3,52,11,1,57,54,54,65,68,122
1,0,12,40,1,3,53,12,1,58,52,53,64,70,123
1,0,14,35,0,3,50,18,1,55,49,49,67,73,122
1,0,10,35,0,4,58,14,0,63,45,45,59,77,122
0,0,14,36,1,6,50,14,1,57,50,51,64,71,122
1,0,13,34,1,4,57,11,1,63,47,48,58,74,122
1,0,15,30,0,3,58,13,1,63,45,45,58,76,121
3,0,13,34,0,4,60,9,0,67,47,47,56,76,123
1,0,13,36,1,2,58,10,1,62,49,50,59,72,122
1,0,11,36,1,4,55,16,0,60,47,48,63,76,124
0,0,11,37,1,3,58,11,1,62,48,49,59,73,122
1,0,13,34,0,3,57,12,1,62,47,47,59,74,121
2,0,15,36,0,4,51,12,0,57,51,51,63,69,120
1,0,12,34,1,4,60,9,1,66,46,47,55,75,122
1,0,13,38,0,5,55,13,1,62,51,51,64,75,126
0,0,14,35,0,5,57,12,1,63,49,49,61,75,124
1,0,15,31,1,3,58,14,0,62,46,47,60,76,123
2,0,13,37,1,5,52,14,1,60,50,51,64,74,125
1,0,12,35,1,2,56,14,1,60,47,48,61,74,122
1,0,17,32,0,4,53,16,1,59,49,49,65,75,124
1,0,12,36,1,2,58,12,0,61,48,49,60,73,122
1,0,15,42,0,3,49,13,1,54,57,57,70,67,124
0,0,18,34,0,5,54,12,1,60,52,52,64,72,124
1,0,13,36,0,5,53,17,0,59,49,49,66,76,125
1,0,16,34,1,4,54,14,1,60,50,51,64,74,125
1,0,13,34,1,2,59,11,1,63,47,48,58,74,122
1,0,13,36,0,3,57,12,0,61,49,49,61,73,122
1,0,14,35,1,4,57,12,0,62,49,50,61,74,124
1,0,12,40,1,3,54,12,0,58,52,53,64,70,123
1,0,13,34,0,3,56,15,0,60,47,47,62,75,122
1,0,16,34,1,3,54,12,1,59,50,51,62,71,122
0,0,12,38,0,2,56,12,0,58,50,50,62,70,120
1,0,14,33,0,3,56,13,1,61,47,47,60,74,121
3,0,12,35,1,3,55,13,1,62,47,48,60,75,123
0,0,14,33,1,4,59,10,1,64,47,48,57,74,122
1,0,12,33,1,4,57,15,0,62,45,46,60,77,123
1,0,11,36,0,2,57,14,1,61,47,47,61,75,122
1,0,14,34,1,2,57,13,0,60,48,49,61,73,122
1,0,11,33,1,3,60,12,1,65,44,45,56,77,122
1,0,13,35,1,3,55,15,1,60,48,49,63,75,124
1,0,13,35,0,4,60,10,1,66,48,48,58,76,124
1,0,11,38,0,3,53,17,1,58,49,49,66,75,124
1,0,14,37,1,4,52,15,0,57,51,52,66,72,124
1,0,14,36,1,3,51,16,1,56,50,51,66,72,123
1,0,13,37,1,4,55,11,1,61,50,51,61,72,123
1,0,11,36,0,2,57,14,1,61,47,47,61,75,122
1,0,13,38,0,4,56,10,1,62,51,51,61,72,123
4,0,11,35,0,2,55,13,1,62,46,46,59,75,121
1,0,12,36,0,2,54,16,1,58,48,48,64,74,122
1,0,11,38,1,3,55,14,1,60,49,50,63,74,124
1,0,11,32,1,6,60,10,1,68,43,44,53,78,122
0,0,15,34,1,2,57,11,0,59,49,50,60,70,120
0,0,15,32,1,3,55,15,1,59,47,48,62,74,122
1,0,13,35,1,2,54,15,0,57,48,49,63,72,121
1,0,15,35,0,2,56,12,0,59,50,50,62,71,121
0,0,15,37,0,3,53,12,1,57,52,52,64,69,121
2,0,10,36,0,3,60,9,0,65,46,46,55,74,120
1,0,13,35,1,2,58,13,1,62,48,49,61,75,124
1,0,17,36,1,6,52,13,0,59,53,54,66,72,126
1,0,14,35,1,4,54,14,0,59,49,50,63,73,123
1,0,12,35,1,3,58,11,0,62,47,48,58,73,121
1,0,13,34,0,6,53,17,1,61,47,47,64,78,125
0,0,15,34,1,3,59,11,1,63,49,50,60,74,124
1,0,17,34,0,2,51,17,0,54,51,51,68,71,122
0,0,12,39,0,3,58,9,1,62,51,51,60,71,122
1,0,12,39,0,6,54,13,0,61,51,51,64,74,125
0,0,13,39,0,4,53,13,1,58,52,52,65,71,123
1,0,13,37,1,3,56,13,1,61,50,51,63,74,125
1,0,12,36,1,3,55,15,0,59,48,49,63,74,123
1,0,14,33,1,4,57,14,1,63,47,48,61,77,125
0,0,15,34,0,4,56,11,1,61,49,49,60,72,121
1,0,13,34,0,3,54,15,0,58,47,47,62,73,120
1,0,15,34,1,3,57,11,0,61,49,50,60,72,122
1,0,13,38,1,4,51,15,1,57,51,52,66,72,124
2,0,15,33,1,3,55,13,1,61,48,49,61,74,123
0,0,17,37,0,3,52,11,1,56,54,54,65,67,121
0,0,13,33,1,5,55,15,1,61,46,47,61,76,123
0,0,15,37,1,4,52,12,0,56,52,53,64,68,121
1,0,13,35,0,3,55,13,1,60,48,48,61,73,121
1,0,14,34,0,2,58,12,1,62,48,48,60,74,122
1,0,13,37,1,3,54,13,1,59,50,51,63,72,123
5,0,12,34,1,3,57,11,0,65,46,47,57,76,123
1,0,15,34,1,2,53,15,1,57,49,50,64,72,122
1,0,11,38,0,3,57,11,1,62,49,49,60,73,122
1,0,12,36,0,2,58,13,0,61,48,48,61,74,122
1,0,12,39,1,3,50,17,0,54,51,52,68,71,123
1,0,16,32,1,3,55,13,0,59,48,49,61,72,121
1,0,16,33,0,2,54,14,1,58,49,49,63,72,121
1,0,17,38,1,2,51,11,1,55,55,56,66,66,122
1,0,10,39,0,6,57,12,1,65,49,49,61,77,126
1,0,13,34,1,4,57,13,0,62,47,48,60,75,123
1,0,14,37,0,4,53,13,1,59,51,51,64,72,123
1,0,13,36,0,3,52,16,0,56,49,49,65,72,121
1,0,17,37,1,4,50,12,1,56,54,55,66,68,123
1,0,21,30,1,2,53,13,1,57,51,52,64,70,122
1,0,12,34,1,5,56,12,0,62,46,47,58,74,121
1,0,18,31,0,3,55,12,1,60,49,49,61,72,121
0,0,15,37,1,4,57,10,1,62,52,53,62,72,125
1,0,14,32,1,3,58,13,0,62,46,47,59,75,122
2,0,13,34,1,2,55,14,0,59,47,48,61,73,121
0,0,9,35,1,3,63,10,1,67,44,45,54,77,122
1,0,13,35,1,5,54,13,0,60,48,49,61,73,122
3,0,12,35,1,2,56,12,1,62,47,48,59,74,122
1,0,15,34,1,3,55,12,1,60,49,50,61,72,122
1,0,14,35,1,3,57,12,0,61,49,50,61,73,123
0,0,15,35,0,0,56,14,1,57,50,50,64,71,121
1,0,14,39,1,3,52,13,1,57,53,54,66,70,124
1,0,14,34,0,4,54,16,0,59,48,48,64,75,123
1,0,14,35,0,4,56,11,1,62,49,49,60,73,122
1,0,14,32,1,3,57,13,0,61,46,47,59,74,121
1,0,12,35,0,4,59,13,1,65,47,47,60,78,125
0,0,14,37,0,5,54,12,1,60,51,51,63,72,123
1,0,12,36,1,3,61,9,0,65,48,49,57,74,123
1,0,14,35,0,4,53,16,0,58,49,49,65,74,123
1,0,13,38,1,4,51,15,0,56,51,52,66,71,123
3,0,11,34,1,3,60,9,0,66,45,46,54,75,121
1,0,15,37,0,5,50,14,1,57,52,52,66,71,123
1,0,17,35,1,6,51,15,1,59,52,53,67,74,127
1,0,12,35,0,2,55,15,1,59,47,47,62,74,121
1,0,15,37,3,4,51,12,1,57,52,55,64,69,124
1,0,12,37,1,2,55,13,0,58,49,50,62,71,121
1,0,14,35,0,5,53,13,2,61,49,49,62,74,123
1,0,11,33,0,2,61,13,1,65,44,44,57,78,122
0,0,11,39,1,3,55,12,1,59,50,51,62,71,122
3,0,13,34,0,6,56,12,1,66,47,47,59,78,125
1,0,16,36,0,4,53,11,0,58,52,52,63,69,121
1,0,16,37,1,2,53,12,1,57,53,54,65,69,123
1,0,15,38,0,4,48,16,1,54,53,53,69,70,123
1,0,15,35,1,2,56,12,0,59,50,51,62,71,122
1,0,15,36,0,0,57,12,0,58,51,51,63,70,121
0,0,15,36,0,3,53,13,1,57,51,51,64,70,121
0,0,15,36,1,2,51,16,1,54,51,52,67,70,122
1,0,14,38,1,3,54,11,1,59,52,53,63,70,123
1,0,14,34,1,4,51,18,1,57,48,49,66,75,124
4,0,13,35,0,2,54,12,0,60,48,48,60,72,120
1,0,12,34,0,5,59,12,1,66,46,46,58,78,124
1,0,15,32,1,2,59,13,0,62,47,48,60,75,123
0,0,13,32,1,3,60,13,0,63,45,46,58,76,122
1,0,15,32,1,3,58,12,0,62,47,48,59,74,122
1,0,13,38,0,3,52,16,1,57,51,51,67,73,124
1,0,17,34,0,2,56,11,1,60,51,51,62,71,122
1,0,14,34,0,4,55,15,1,61,48,48,63,76,124
1,0,14,32,0,2,59,14,1,63,46,46,60,77,123
1,0,15,35,1,3,55,13,0,59,50,51,63,72,123
1,0,14,35,1,5,53,15,0,59,49,50,64,74,124
0,0,11,35,0,2,57,15,1,60,46,46,61,75,121
0,0,15,37,1,3,52,14,1,56,52,53,66,70,123
1,0,12,35,1,5,55,15,1,62,47,48,62,77,125
1,0,12,37,0,2,58,11,1,62,49,49,60,73,122
1,0,15,33,1,4,55,15,1,61,48,49,63,76,125
1,0,14,35,1,4,52,17,1,58,49,50,66,75,125
1,0,16,36,0,3,54,11,0,58,52,52,63,69,121
0,0,15,37,0,1,55,12,1,57,52,52,64,69,121
2,0,14,33,0,3,56,12,0,61,47,47,59,73,120
0,0,17,32,0,4,55,12,1,60,49,49,61,72,121
1,0,15,36,1,5,53,13,1,60,51,52,64,73,125
1,0,13,36,0,1,54,15,1,57,49,49,64,72,121
1,0,13,37,0,3,55,14,1,60,50,50,64,74,124
1,0,12,38,0,2,56,12,0,59,50,50,62,71,121
1,0,10,37,0,3,56,14,1,61,47,47,61,75,122
1,0,11,37,1,2,54,16,0,57,48,49,64,73,122
2,0,14,34,1,3,52,15,1,58,48,49,63,73,122
1,0,13,38,0,4,56,11,1,62,51,51,62,73,124
1,0,11,39,0,5,53,14,0,59,50,50,64,73,123
1,0,19,36,1,3,51,12,0,55,55,56,67,67,123
0,0,21,35,1,2,50,12,1,53,56,57,68,65,122
1,0,17,33,0,2,53,15,0,56,50,50,65,71,121
1,0,14,32,0,0,59,13,2,62,46,46,59,75,121
1,0,14,36,0,2,54,15,1,58,50,50,65,73,123
0,0,15,36,1,2,54,13,1,57,51,52,64,70,122
1,0,15,38,0,2,52,13,0,55,53,53,66,68,121
1,0,12,42,0,1,54,11,1,57,54,54,65,68,122
1,0,14,35,0,3,57,11,0,61,49,49,60,72,121
1,0,13,38,0,3,54,14,0,58,51,51,65,72,123
1,0,14,35,0,3,57,12,0,61,49,49,61,73,122
2,0,12,36,0,2,55,13,0,59,48,48,61,72,120
1,0,16,33,0,2,54,14,1,58,49,49,63,72,121
1,0,15,37,1,4,53,13,1,59,52,53,65,72,125
0,0,14,34,0,1,57,14,1,59,48,48,62,73,121
1,0,11,37,0,3,56,13,1,61,48,48,61,74,122
1,0,13,35,1,4,52,18,1,58,48,49,66,76,125
1,0,13,38,1,4,53,11,1,59,51,52,62,70,122
1,0,14,31,0,5,56,13,0,62,45,45,58,75,120
1,0,14,34,0,0,58,13,1,60,48,48,61,73,121
1,0,14,37,1,3,50,18,0,54,51,52,69,72,124
1,0,15,36,1,2,48,18,1,52,51,52,69,70,122
1,0,12,34,1,3,60,11,1,65,46,47,57,76,123
1,0,11,39,1,4,56,12,1,62,50,51,62,74,125
1,0,13,33,0,2,60,12,1,64,46,46,58,76,122
1,0,13,34,0,3,55,15,1,60,47,47,62,75,122
1,0,15,33,0,1,56,14,1,59,48,48,62,73,121
1,0,12,36,1,4,55,14,0,60,48,49,62,74,123
1,0,12,37,0,3,51,16,0,55,49,49,65,71,120
1,0,16,32,1,5,54,12,0,60,48,49,60,72,121
2,0,14,36,1,2,54,11,1,59,50,51,61,70,121
1,0,12,37,0,2,57,12,1,61,49,49,61,73,122
1,0,17,33,0,2,57,12,1,61,50,50,62,73,123
1,0,16,34,1,4,53,14,1,59,50,51,64,73,124
1,0,15,36,1,4,50,16,1,56,51,52,67,72,124
1,0,14,33,0,4,59,13,1,65,47,47,60,78,125
2,0,15,35,0,4,52,12,1,59,50,50,62,71,121
1,0,20,29,1,3,54,16,0,58,49,50,65,74,124
0,0,13,35,1,3,58,11,0,61,48,49,59,72,121
1,0,14,34,0,5,55,13,1,62,48,48,61,75,123
1,0,14,34,0,4,55,14,0,60,48,48,62,74,122
1,0,14,32,0,4,54,15,1,60,46,46,61,75,121
1,0,13,39,1,2,52,13,0,55,52,53,65,68,121
1,0,13,34,0,3,59,12,1,64,47,47,59,76,123
3,0,14,31,0,4,57,14,1,65,45,45,59,79,124
1,0,15,34,1,4,51,16,1,57,49,50,65,73,123
1,0,14,35,1,2,55,14,0,58,49,50,63,72,122
1,0,16,35,1,2,52,14,1,56,51,52,65,70,122
2,0,17,34,1,3,54,12,1,60,51,52,63,72,124
0,0,11,38,1,5,54,15,1,60,49,50,64,75,125
1,0,13,38,0,3,56,12,1,61,51,51,63,73,124
2,0,14,32,0,5,52,14,1,60,46,46,60,74,120
1,0,14,35,0,2,56,12,0,59,49,49,61,71,120
1,0,14,32,0,4,54,16,0,59,46,46,62,75,121
1,0,15,36,0,2,54,12,1,58,51,51,63,70,121
4,0,12,34,1,3,54,15,1,62,46,47,61,77,124
1,0,12,39,0,2,53,14,0,56,51,51,65,70,121
0,0,13,38,1,2,49,18,0,51,51,52,69,69,121
1,0,13,33,0,6,56,17,1,64,46,46,63,81,127
1,0,15,33,0,5,57,13,0,63,48,48,61,76,124
1,0,12,36,1,2,55,15,1,59,48,49,63,74,123
1,0,15,34,0,2,55,14,1,59,49,49,63,73,122
1,0,12,35,1,3,57,13,1,62,47,48,60,75,123
1,0,15,32,0,3,57,15,0,61,47,47,62,76,123
0,0,14,35,1,1,54,14,1,56,49,50,63,70,120
1,0,16,34,1,5,52,12,1,59,50,51,62,71,122
1,0,12,38,0,3,56,11,0,60,50,50,61,71,121
0,0,15,34,0,2,56,13,1,59,49,49,62,72,121
1,0,13,36,1,5,53,16,0,59,49,50,65,75,125
1,0,15,33,1,3,57,12,0,61,48,49,60,73,122
1,0,11,38,0,2,56,14,0,59,49,49,63,73,122
2,0,15,34,1,3,51,17,0,56,49,50,66,73,123
1,0,15,38,0,2,55,10,0,58,53,53,63,68,121
0,0,10,33,0,3,58,16,1,62,43,43,59,78,121
1,0,12,35,1,1,58,13,1,61,47,48,60,74,122
0,0,13,37,0,2,53,15,1,56,50,50,65,71,121
1,0,14,34,1,3,56,13,0,60,48,49,61,73,122
1,0,14,34,0,3,58,12,1,63,48,48,60,75,123
0,0,16,34,1,2,53,14,1,56,50,51,64,70,121
1,0,13,32,1,2,60,13,0,63,45,46,58,76,122
1,0,15,36,1,4,58,9,1,64,51,52,60,73,125
0,0,14,36,0,4,53,13,0,57,50,50,63,70,120
1,0,13,37,0,5,53,13,1,60,50,50,63,73,123
0,0,16,38,0,4,53,11,0,57,54,54,65,68,122
0,0,13,32,1,5,55,14,1,61,45,46,59,75,121
2,0,13,34,1,4,55,14,1,62,47,48,61,76,124
1,0,12,37,1,4,55,13,1,61,49,50,62,74,124
1,0,12,43,0,5,51,9,0,57,55,55,64,66,121
3,0,18,30,1,4,53,12,1,61,48,49,60,73,122
1,0,17,30,1,4,55,13,0,60,47,48,60,73,121
0,0,15,35,0,4,56,12,1,61,50,50,62,73,123
0,0,12,36,1,4,57,13,1,62,48,49,61,75,124
1,0,14,34,1,3,52,18,1,57,48,49,66,75,124
1,0,16,35,1,5,53,13,0,59,51,52,64,72,124
1,0,15,37,1,3,48,16,0,52,52,53,68,68,121
1,0,16,35,0,4,52,14,1,58,51,51,65,72,123
1,0,18,34,0,4,51,14,1,57,52,52,66,71,123
1,0,14,33,0,4,51,19,1,57,47,47,66,76,123
1,0,15,35,0,2,51,18,1,55,50,50,68,73,123
1,0,10,32,1,3,61,15,0,65,42,43,57,80,123
1,0,15,39,1,3,52,12,1,57,54,55,66,69,124
2,0,11,32,1,3,58,13,1,64,43,44,56,77,121
1,0,17,36,0,3,54,10,0,58,53,53,63,68,121
1,0,15,36,0,4,53,11,2,60,51,51,62,71,122
2,0,12,38,1,3,54,10,1,60,50,51,60,70,121
1,0,14,34,1,4,54,13,0,59,48,49,61,72,121
1,0,20,32,0,3,50,15,1,55,52,52,67,70,122
1,0,17,36,1,3,49,14,1,54,53,54,67,68,122
0,0,14,33,0,2,59,12,0,61,47,47,59,73,120
1,0,11,34,1,4,58,15,1,64,45,46,60,79,125
1,0,16,35,0,3,56,12,1,61,51,51,63,73,124
1,0,14,38,1,4,52,10,1,58,52,53,62,68,121
1,0,13,35,0,5,54,13,1,61,48,48,61,74,122
1,0,19,32,1,3,55,10,1,60,51,52,61,70,122
1,0,12,38,1,3,51,16,1,56,50,51,66,72,123
1,0,13,36,0,4,54,14,1,60,49,49,63,74,123
1,0,15,34,0,3,51,18,1,56,49,49,67,74,123
1,0,18,35,0,3,53,11,1,58,53,53,64,69,122
0,0,15,39,0,2,46,18,1,49,54,54,72,67,121
1,0,16,31,0,4,55,16,0,60,47,47,63,76,123
1,0,12,36,0,5,56,13,1,63,48,48,61,76,124
1,0,11,38,1,5,55,15,1,62,49,50,64,77,127
1,0,11,37,0,3,56,14,1,61,48,48,62,75,123
1,0,14,34,0,4,58,11,0,63,48,48,59,74,122
1,0,17,34,0,3,53,13,0,57,51,51,64,70,121
2,0,15,33,0,3,54,13,1,60,48,48,61,73,121
1,0,13,38,1,2,53,14,0,56,51,52,65,70,122
1,0,15,37,0,5,52,13,1,59,52,52,65,72,124
1,0,15,37,1,3,53,13,0,57,52,53,65,70,123
1,0,13,35,0,3,56,13,0,60,48,48,61,73,121
1,0,11,35,0,3,61,11,0,65,46,46,57,76,122
1,0,17,35,1,5,51,12,2,59,52,53,64,71,124
1,0,14,36,1,2,55,14,1,59,50,51,64,73,124
1,0,13,33,1,4,53,16,1,59,46,47,62,75,122
1,0,13,36,0,4,53,14,1,59,49,49,63,73,122
7,0,13,34,0,2,52,13,1,62,47,47,60,75,122
1,0,14,35,0,5,58,11,1,65,49,49,60,76,125
1,0,17,36,0,2,48,16,0,51,53,53,69,67,120
1,0,17,36,0,2,50,13,1,54,53,53,66,67,120
1,0,14,33,1,2,57,13,0,60,47,48,60,73,121
1,0,14,39,1,4,47,15,0,52,53,54,68,67,121
0,0,18,36,1,5,52,12,0,57,54,55,66,69,124
1,0,14,34,0,4,54,15,0,59,48,48,63,74,122
2,0,15,33,0,2,53,15,1,58,48,48,63,73,121
0,0,14,36,1,3,54,13,0,57,50,51,63,70,121
0,0,14,35,1,4,54,14,1,59,49,50,63,73,123
1,0,11,34,0,1,59,14,1,62,45,45,59,76,121
1,0,14,35,1,4,57,10,1,63,49,50,59,73,123
3,0,11,33,1,5,60,11,0,68,44,45,55,79,124
1,0,14,34,0,4,56,14,0,61,48,48,62,75,123
1,0,14,39,0,3,50,15,1,55,53,53,68,70,123
1,0,13,32,0,3,63,9,0,67,45,45,54,76,121
1,0,13,37,1,4,54,13,1,60,50,51,63,73,124
1,0,13,31,0,3,55,18,0,59,44,44,62,77,121
1,0,16,36,0,3,52,13,0,56,52,52,65,69,121
0,0,13,34,1,2,59,13,1,62,47,48,60,75,123
1,0,13,36,1,4,53,13,1,59,49,50,62,72,122
1,0,15,35,0,3,56,12,0,60,50,50,62,72,122
0,0,15,36,0,2,53,15,1,56,51,51,66,71,122
0,0,15,36,1,4,57,11,0,61,51,52,62,72,124
1,0,16,34,1,3,53,14,0,57,50,51,64,71,122
1,0,14,36,1,3,55,13,0,59,50,51,63,72,123
1,0,15,33,0,5,52,14,1,59,48,48,62,73,121
1,0,13,34,0,2,61,11,0,64,47,47,58,75,122
2,0,13,35,1,2,54,14,1,59,48,49,62,73,122
2,0,11,34,0,2,54,17,0,58,45,45,62,75,120
1,0,14,37,1,3,54,11,1,59,51,52,62,70,122
1,0,14,34,1,4,52,17,0,57,48,49,65,74,123
1,0,15,37,0,2,52,13,1,56,52,52,65,69,121
1,0,15,38,1,3,54,11,0,58,53,54,64,69,123
0,0,16,37,1,4,55,8,0,59,53,54,61,67,121
2,0,13,35,0,4,57,12,0,63,48,48,60,75,123
1,0,12,34,0,1,57,16,0,59,46,46,62,75,121
6,0,15,34,0,0,53,12,1,60,49,49,61,72,121
0,0,10,38,0,2,56,15,1,59,48,48,63,74,122
0,0,14,35,1,4,54,13,1,59,49,50,62,72,122
1,0,13,37,1,3,51,17,1,56,50,51,67,73,124
1,0,18,34,0,3,53,12,1,58,52,52,64,70,122
0,0,15,34,1,3,55,13,1,59,49,50,62,72,122
1,0,12,34,1,2,58,13,0,61,46,47,59,74,121
1,0,13,36,1,3,55,13,1,60,49,50,62,73,123
1,0,15,34,0,5,58,8,0,64,49,49,57,72,121
0,0,12,41,0,2,51,14,0,53,53,53,67,67,120
1,0,14,35,1,3,52,15,0,56,49,50,64,71,121
0,0,15,34,0,3,52,16,1,56,49,49,65,72,121
1,0,14,37,1,3,54,13,1,59,51,52,64,72,124
4,0,14,32,1,4,56,12,1,65,46,47,58,77,124
1,0,13,39,0,3,51,14,1,56,52,52,66,70,122
0,0,14,37,0,2,53,14,1,56,51,51,65,70,121
1,0,14,39,1,5,51,14,0,57,53,54,67,71,125
0,0,18,33,0,5,54,13,0,59,51,51,64,72,123
0,0,13,34,0,3,60,10,0,63,47,47,57,73,120
1,0,14,34,1,4,55,14,0,60,48,49,62,74,123
0,0,16,32,1,2,56,14,0,58,48,49,62,72,121
1,0,15,33,0,4,56,12,1,62,48,48,60,74,122
1,0,15,36,1,1,50,16,1,53,51,52,67,69,121
1,0,14,35,1,4,53,13,1,59,49,50,62,72,122
1,0,12,38,0,3,60,8,0,64,50,50,58,72,122
1,0,12,32,0,3,60,13,1,65,44,44,57,78,122
1,0,11,38,1,4,56,14,1,62,49,50,63,76,126
1,0,15,36,1,3,52,13,1,57,51,52,64,70,122
0,0,14,34,1,4,55,14,1,60,48,49,62,74,123
1,0,11,37,0,4,54,15,0,59,48,48,63,74,122
1,0,13,32,1,2,62,11,1,66,45,46,56,77,123
2,0,14,37,0,4,52,13,0,58,51,51,64,71,122
1,0,13,37,1,4,53,13,1,59,50,51,63,72,123
1,0,15,32,1,3,57,13,0,61,47,48,60,74,122
1,0,13,34,0,3,55,15,1,60,47,47,62,75,122
1,0,12,40,0,2,54,12,1,58,52,52,64,70,122
1,0,13,34,1,4,56,14,0,61,47,48,61,75,123
1,0,12,34,0,4,61,10,1,67,46,46,56,77,123
1,0,15,33,0,3,55,15,1,60,48,48,63,75,123
1,0,13,34,1,4,58,10,0,63,47,48,57,73,121
1,0,10,36,1,2,58,15,0,61,46,47,61,76,123
2,0,15,33,0,2,54,14,0,58,48,48,62,72,120
1,0,11,37,0,4,58,12,1,64,48,48,60,76,124
1,0,13,38,1,4,54,13,1,60,51,52,64,73,125
2,0,15,29,0,3,58,14,1,64,44,44,58,78,122
1,0,12,31,1,3,61,13,1,66,43,44,56,79,123
0,0,12,33,1,4,61,12,0,65,45,46,57,77,123
1,0,14,37,0,4,50,15,0,55,51,51,66,70,121
2,0,13,35,1,3,54,12,1,60,48,49,60,72,121
0,0,13,36,1,4,58,12,1,63,49,50,61,75,125
2,0,17,34,1,4,52,11,1,59,51,52,62,70,122
0,0,12,37,0,4,54,13,1,59,49,49,62,72,121
0,0,13,37,1,5,55,13,0,60,50,51,63,73,124
1,0,13,40,1,4,50,12,1,56,53,54,65,68,122
1,0,16,35,1,3,50,15,1,55,51,52,66,70,122
0,0,13,36,1,3,56,13,1,60,49,50,62,73,123
4,0,13,32,0,5,57,11,0,66,45,45,56,77,122
1,0,13,37,1,5,53,16,0,59,50,51,66,75,126
1,0,13,29,0,4,60,14,0,65,42,42,56,79,121
1,0,12,38,1,2,57,10,0,60,50,51,60,70,121
0,0,17,34,1,4,54,14,1,59,51,52,65,73,125
1,0,14,32,1,3,60,11,1,65,46,47,57,76,123
0,0,14,32,1,3,59,13,1,63,46,47,59,76,123
1,0,15,39,1,3,55,10,1,60,54,55,64,70,125
0,0,16,34,1,2,52,17,1,55,50,51,67,72,123
0,0,14,40,0,3,51,14,0,54,54,54,68,68,122
1,0,15,35,1,1,57,11,0,59,50,51,61,70,121
1,0,11,43,1,3,52,11,1,57,54,55,65,68,123
1,0,12,33,0,2,58,14,1,62,45,45,59,76,121
1,0,15,34,0,4,55,14,1,61,49,49,63,75,124
1,0,13,40,1,3,54,11,1,59,53,54,64,70,124
0,0,11,40,1,6,50,13,1,57,51,52,64,70,122
1,0,11,38,0,3,56,12,1,61,49,49,61,73,122
1,0,13,36,0,2,56,14,0,59,49,49,63,73,122
1,0,13,36,0,4,52,15,1,58,49,49,64,73,122
1,0,11,35,1,2,61,12,1,65,46,47,58,77,124
0,0,14,36,0,3,54,14,0,57,50,50,64,71,121
0,0,15,31,0,3,61,12,1,65,46,46,58,77,123
0,0,15,39,1,1,45,20,0,46,54,55,74,66,121
1,0,13,39,1,4,51,12,1,57,52,53,64,69,122
1,0,16,32,0,3,54,15,0,58,48,48,63,73,121
1,0,15,34,1,3,53,14,0,57,49,50,63,71,121
0,0,16,33,1,3,55,13,1,59,49,50,62,72,122
1,0,12,31,0,3,59,15,1,64,43,43,58,79,122
1,0,14,36,0,3,50,18,1,55,50,50,68,73,123
0,0,13,31,1,3,63,10,1,67,44,45,54,77,122
1,0,12,35,1,2,55,14,1,59,47,48,61,73,121
1,0,16,31,0,4,60,9,0,65,47,47,56,74,121
1,0,14,35,1,4,53,15,1,59,49,50,64,74,124
0,0,13,35,1,3,57,13,0,60,48,49,61,73,122
1,0,18,34,0,4,52,14,1,58,52,52,66,72,124
1,0,13,33,1,3,53,18,1,58,46,47,64,76,123
4,0,13,36,1,1,56,10,1,62,49,50,59,72,122
1,0,15,33,1,3,54,14,1,59,48,49,62,73,122
0,0,12,36,0,4,56,13,1,61,48,48,61,74,122
1,0,15,31,1,5,58,11,1,65,46,47,57,76,123
1,0,13,33,0,3,58,14,0,62,46,46,60,76,122
1,0,14,33,1,4,56,12,1,62,47,48,59,74,122
1,0,14,34,0,2,58,12,0,61,48,48,60,73,121
1,0,13,35,0,5,59,12,1,66,48,48,60,78,126
1,0,15,38,0,0,53,14,1,55,53,53,67,69,122
0,0,13,37,1,2,56,12,0,58,50,51,62,70,121
2,0,15,33,0,4,57,12,1,64,48,48,60,76,124
1,0,12,33,0,3,58,13,1,63,45,45,58,76,121
1,0,14,35,1,4,55,14,1,61,49,50,63,75,125
0,0,11,38,1,4,55,12,0,59,49,50,61,71,121
0,0,16,37,1,4,53,13,0,57,53,54,66,70,124
1,0,11,30,2,3,59,16,1,64,41,43,57,80,123
1,0,14,40,0,3,53,11,1,58,54,54,65,69,123
2,0,14,35,0,3,56,11,1,62,49,49,60,73,122
1,0,14,34,1,4,54,14,1,60,48,49,62,74,123
1,0,10,37,1,6,58,9,1,66,47,48,56,75,123
1,0,15,34,1,3,55,15,1,60,49,50,64,75,125
7,0,14,30,1,5,54,11,1,67,44,45,55,78,123
1,0,13,35,1,3,55,16,1,60,48,49,64,76,125
1,0,12,34,0,4,63,9,0,68,46,46,55,77,123
1,0,11,33,0,5,57,16,0,63,44,44,60,79,123
1,0,11,36,0,4,57,14,1,63,47,47,61,77,124
2,0,15,33,0,2,50,18,1,55,48,48,66,73,121
1,0,14,37,1,4,55,11,0,60,51,52,62,71,123
0,0,17,34,0,5,53,15,0,58,51,51,66,73,124
1,0,14,32,0,4,56,16,1,62,46,46,62,78,124
1,0,16,33,0,3,56,12,1,61,49,49,61,73,122
1,0,20,33,0,3,53,11,1,58,53,53,64,69,122
1,0,11,36,0,5,58,12,0,64,47,47,59,76,123
1,0,16,34,1,2,51,16,1,55,50,51,66,71,122
1,0,14,35,1,3,54,14,1,59,49,50,63,73,123
0,0,16,31,0,3,54,16,1,58,47,47,63,74,121
4,0,11,38,0,3,55,11,0,62,49,49,60,73,122
1,0,12,41,0,3,55,10,0,59,53,53,63,69,122
1,0,13,34,0,3,57,13,1,62,47,47,60,75,122
1,0,13,37,0,3,55,13,1,60,50,50,63,73,123
1,0,12,40,1,2,53,13,0,56,52,53,65,69,122
2,0,13,33,0,3,58,12,1,64,46,46,58,76,122
3,0,16,33,1,4,56,10,1,64,49,50,59,74,124
1,0,14,33,0,5,58,13,0,64,47,47,60,77,124
1,0,14,38,0,3,50,16,1,55,52,52,68,71,123
1,0,15,35,1,3,55,11,0,59,50,51,61,70,121
1,0,16,38,0,3,47,15,0,51,54,54,69,66,120
1,0,14,35,0,2,56,13,1,60,49,49,62,73,122
1,0,17,31,0,3,57,12,1,62,48,48,60,74,122
1,0,14,34,1,2,52,18,1,56,48,49,66,74,123
0,0,14,32,1,4,63,11,0,67,46,47,57,78,125
1,0,14,38,1,4,57,9,0,62,52,53,61,71,124
1,0,15,41,1,2,49,13,0,52,56,57,69,65,122
1,0,17,35,0,2,53,12,0,56,52,52,64,68,120
0,0,15,31,1,6,56,12,0,62,46,47,58,74,121
1,0,14,36,0,4,53,13,0,58,50,50,63,71,121
1,0,12,35,1,5,57,10,0,63,47,48,57,73,121
1,0,15,32,0,4,56,12,1,62,47,47,59,74,121
1,0,13,37,0,4,56,11,0,61,50,50,61,72,122
1,0,15,35,0,2,58,10,1,62,50,50,60,72,122
3,0,14,34,0,3,54,14,0,60,48,48,62,74,122
2,0,16,31,0,3,60,9,1,66,47,47,56,75,122
3,0,13,31,1,3,60,11,1,67,44,45,55,78,123
1,0,14,34,1,5,55,14,1,62,48,49,62,76,125
0,0,14,34,1,3,54,16,1,58,48,49,64,74,123
1,0,14,35,0,3,53,15,1,58,49,49,64,73,122
0,0,10,36,1,3,59,14,1,63,46,47,60,77,124
1,0,12,35,1,4,57,13,1,63,47,48,60,76,124
0,0,14,34,1,3,57,13,1,61,48,49,61,74,123
1,0,12,33,0,4,59,13,0,64,45,45,58,77,122
1,0,14,34,1,2,57,13,0,60,48,49,61,73,122
1,0,13,36,0,3,58,10,0,62,49,49,59,72,121
1,0,13,36,1,0,55,16,1,57,49,50,65,73,123
1,0,14,34,0,5,58,11,0,64,48,48,59,75,123
0,0,16,35,1,4,53,14,0,57,51,52,65,71,123
1,0,16,34,0,4,53,16,0,58,50,50,66,74,124
2,0,12,32,1,3,60,11,1,66,44,45,55,77,122
0,0,13,35,0,2,59,11,1,62,48,48,59,73,121
1,0,17,35,1,3,55,10,0,59,52,53,62,69,122
1,0,16,40,1,5,50,12,0,56,56,57,68,68,125
0,0,14,35,0,2,54,15,1,57,49,49,64,72,121
1,0,17,32,1,4,57,12,1,63,49,50,61,75,125
1,0,15,33,2,3,55,14,1,60,48,50,62,74,124
1,0,13,31,1,5,57,16,1,64,44,45,60,80,125
1,0,15,34,1,3,58,10,1,63,49,50,59,73,123
0,0,13,34,1,0,58,15,1,59,47,48,62,74,122
1,0,14,36,0,3,53,14,0,57,50,50,64,71,121
1,0,13,35,0,4,55,14,1,61,48,48,62,75,123
0,0,16,40,1,2,52,11,1,55,56,57,67,66,123
0,0,12,32,1,4,61,14,1,66,44,45,58,80,125
1,0,14,31,1,2,60,12,1,64,45,46,57,76,122
1,0,13,36,0,3,56,12,1,61,49,49,61,73,122
1,0,15,36,1,5,53,15,1,60,51,52,66,75,127
5,0,13,34,0,3,56,10,1,65,47,47,57,75,122
1,0,14,34,1,3,53,16,0,57,48,49,64,73,122
0,0,15,33,0,2,54,16,0,56,48,48,64,72,120
1,0,15,34,1,3,56,11,1,61,49,50,60,72,122
1,0,17,33,0,2,55,12,0,58,50,50,62,70,120
0,0,12,34,1,0,63,10,1,64,46,47,56,74,121
1,0,14,38,1,3,52,14,0,56,52,53,66,70,123
1,0,12,36,1,3,57,13,1,62,48,49,61,75,124
1,0,15,36,0,4,50,14,1,56,51,51,65,70,121
1,0,15,32,0,3,60,8,1,65,47,47,55,73,120
1,0,15,39,0,3,51,13,0,55,54,54,67,68,122
1,0,13,39,1,4,48,16,1,54,52,53,68,70,123
1,0,12,36,1,3,56,15,1,61,48,49,63,76,125
5,0,15,32,0,2,56,10,0,63,47,47,57,73,120
0,0,12,35,1,2,58,13,0,60,47,48,60,73,121
1,0,16,35,1,5,53,14,1,60,51,52,65,74,126
0,0,12,36,0,2,58,12,1,61,48,48,60,73,121
1,0,14,35,1,3,56,14,1,61,49,50,63,75,125
1,0,15,35,1,4,56,12,1,62,50,51,62,74,125
0,0,13,37,1,3,51,17,1,55,50,51,67,72,123
1,0,16,34,1,3,53,14,0,57,50,51,64,71,122
2,0,18,33,1,4,51,14,1,58,51,52,65,72,124
1,0,13,36,0,4,53,13,1,59,49,49,62,72,121
1,0,14,34,1,3,54,15,1,59,48,49,63,74,123
1,0,15,36,0,2,54,12,1,58,51,51,63,70,121
1,0,13,37,1,3,51,17,0,55,50,51,67,72,123
1,0,14,34,0,3,57,13,0,61,48,48,61,74,122
2,0,14,30,0,3,55,16,1,61,44,44,60,77,121
1,0,14,37,1,3,55,11,1,60,51,52,62,71,123
1,0,12,38,1,3,54,13,1,59,50,51,63,72,123
1,0,12,38,0,4,52,16,1,58,50,50,66,74,124
0,0,13,37,1,3,52,16,0,55,50,51,66,71,122
1,0,11,35,1,4,57,14,1,63,46,47,60,77,124
2,0,16,36,0,3,49,15,1,55,52,52,67,70,122
0,0,13,35,1,3,58,12,1,62,48,49,60,74,123
1,0,16,33,0,3,51,17,1,56,49,49,66,73,122
1,0,15,32,0,3,56,14,1,61,47,47,61,75,122
1,0,12,36,1,2,53,18,1,57,48,49,66,75,124
1,0,12,35,0,3,55,14,1,60,47,47,61,74,121
1,0,15,33,0,3,58,12,1,63,48,48,60,75,123
1,0,13,36,0,2,55,14,0,58,49,49,63,72,121
3,0,13,36,1,4,52,12,0,59,49,50,61,71,121
1,0,11,33,0,4,54,19,1,60,44,44,63,79,123
1,0,19,36,1,3,48,15,0,52,55,56,70,67,123
0,0,13,38,0,5,55,12,0,60,51,51,63,72,123
1,0,12,39,1,2,51,16,0,54,51,52,67,70,122
1,0,15,33,0,4,55,15,1,61,48,48,63,76,124
1,0,15,36,1,3,54,14,1,59,51,52,65,73,125
1,0,14,39,0,5,53,12,0,59,53,53,65,71,124
1,0,14,34,0,2,54,15,0,57,48,48,63,72,120
2,0,13,34,0,4,57,11,1,64,47,47,58,75,122
1,0,11,33,0,2,63,10,1,67,44,44,54,77,121
4,0,13,35,1,3,57,8,1,65,48,49,56,73,122
1,0,14,35,0,2,53,16,1,57,49,49,65,73,122
1,0,14,37,0,4,52,13,1,58,51,51,64,71,122
1,0,15,32,1,3,55,17,0,59,47,48,64,76,124
1,0,13,33,0,5,58,12,1,65,46,46,58,77,123
0,0,10,41,0,3,54,14,0,57,51,51,65,71,122
1,0,13,33,1,4,57,12,0,62,46,47,58,74,121
0,0,12,34,0,5,61,8,1,67,46,46,54,75,121
1,0,15,36,0,3,56,10,1,61,51,51,61,71,122
0,0,14,33,0,3,61,11,1,65,47,47,58,76,123
1,0,14,38,1,3,51,15,1,56,52,53,67,71,124
2,0,14,35,0,4,52,14,1,59,49,49,63,73,122
1,0,16,32,0,2,55,15,0,58,48,48,63,73,121
0,0,11,36,1,4,59,12,0,63,47,48,59,75,123
1,0,16,40,1,3,47,16,1,52,56,57,72,68,125
1,0,14,35,0,4,54,13,1,60,49,49,62,73,122
2,0,16,35,1,3,53,13,1,59,51,52,64,72,124
1,0,17,33,0,3,52,14,1,57,50,50,64,71,121
1,0,12,35,0,2,60,12,1,64,47,47,59,76,123
1,0,14,36,1,5,49,17,1,56,50,51,67,73,124
1,0,16,35,1,3,53,13,1,58,51,52,64,71,123
1,0,11,34,0,3,58,14,1,63,45,45,59,77,122
1,0,14,33,0,2,57,14,0,60,47,47,61,74,121
1,0,11,35,0,3,58,12,0,62,46,46,58,74,120
0,0,13,34,0,2,57,14,1,60,47,47,61,74,121
0,0,18,34,1,3,53,13,1,57,52,53,65,70,123
1,0,13,36,0,4,57,10,0,62,49,49,59,72,121
1,0,11,37,1,4,60,10,1,66,48,49,58,76,125
0,0,13,36,0,4,55,15,0,59,49,49,64,74,123
2,0,15,35,1,3,52,13,1,58,50,51,63,71,122
0,0,12,37,1,4,51,17,0,55,49,50,66,72,122
1,0,13,37,1,2,50,17,1,54,50,51,67,71,122
1,0,13,35,1,3,54,16,0,58,48,49,64,74,123
1,0,16,34,0,3,51,15,0,55,50,50,65,70,120
1,0,15,36,0,3,53,12,0,57,51,51,63,69,120
1,0,13,35,0,3,57,13,1,62,48,48,61,75,123
1,0,18,31,1,4,57,12,0,62,49,50,61,74,124
1,0,16,37,0,4,54,10,0,59,53,53,63,69,122
1,0,10,35,1,4,59,12,1,65,45,46,57,77,123
1,0,16,32,0,2,55,15,1,59,48,48,63,74,122
0,0,12,34,1,4,60,12,0,64,46,47,58,76,123
1,0,13,36,1,4,55,15,1,61,49,50,64,76,126
1,0,14,36,0,4,54,15,1,60,50,50,65,75,125
1,0,13,35,0,3,56,12,1,61,48,48,60,73,121
0,0,13,36,1,4,52,18,1,57,49,50,67,75,125
3,0,12,35,1,4,55,13,1,63,47,48,60,76,124
1,0,16,34,1,4,53,15,1,59,50,51,65,74,125
1,0,9,38,1,1,54,17,1,57,47,48,64,74,122
0,0,15,37,1,3,51,16,0,54,52,53,68,70,123
3,0,13,38,0,2,52,12,0,57,51,51,63,69,120
1,0,10,36,0,5,54,15,0,60,46,46,61,75,121
1,0,12,32,0,2,59,14,0,62,44,44,58,76,120
0,0,17,34,1,4,56,12,1,61,51,52,63,73,125
1,0,15,32,0,5,57,10,0,63,47,47,57,73,120
1,0,12,35,1,3,58,12,0,62,47,48,59,74,122
0,0,17,33,1,4,53,14,0,57,50,51,64,71,122
1,0,12,33,1,2,57,15,1,61,45,46,60,76,122
3,0,14,37,0,4,52,11,0,59,51,51,62,70,121
1,0,16,35,0,4,53,14,1,59,51,51,65,73,124
0,0,14,34,0,1,57,14,0,58,48,48,62,72,120
1,0,13,36,1,5,55,14,1,62,49,50,63,76,126
2,0,13,35,0,2,57,11,1,62,48,48,59,73,121
1,0,14,29,1,3,61,12,0,65,43,44,55,77,121
0,0,12,38,0,3,53,15,0,56,50,50,65,71,121
1,0,15,38,0,3,51,11,1,56,53,53,64,67,120
3,0,15,36,1,2,48,16,0,53,51,52,67,69,121
0,0,14,37,0,4,54,13,0,58,51,51,64,71,122
1,0,12,37,0,3,58,11,0,62,49,49,60,73,122
0,0,12,33,0,4,61,11,0,65,45,45,56,76,121
1,0,14,36,1,3,55,12,0,59,50,51,62,71,122
1,0,16,33,1,2,53,15,1,57,49,50,64,72,122
1,0,11,38,1,4,54,15,0,59,49,50,64,74,124
0,0,18,35,0,3,48,16,1,52,53,53,69,68,121
1,0,15,37,1,4,53,11,1,59,52,53,63,70,123
2,0,15,30,0,4,55,12,2,63,45,45,57,75,120
0,0,13,33,0,4,60,13,0,64,46,46,59,77,123
0,0,16,32,0,3,56,15,0,59,48,48,63,74,122
1,0,12,40,0,2,53,12,0,56,52,52,64,68,120
1,0,13,36,0,5,54,13,0,60,49,49,62,73,122
1,0,13,36,1,2,54,15,0,57,49,50,64,72,122
1,0,12,39,0,1,57,11,1,60,51,51,62,71,122
1,0,12,31,0,5,61,14,0,67,43,43,57,81,124
1,0,14,38,0,4,54,11,0,59,52,52,63,70,122
1,0,12,39,1,3,53,14,0,57,51,52,65,71,123
1,0,17,36,1,2,50,14,1,54,53,54,67,68,122
0,0,19,35,0,4,49,13,0,53,54,54,67,66,120
1,0,11,36,0,3,58,12,1,63,47,47,59,75,122
0,0,13,39,0,4,54,13,0,58,52,52,65,71,123
0,0,13,30,1,2,62,13,0,64,43,44,56,77,121
1,0,15,32,0,3,54,16,1,59,47,47,63,75,122
3,0,14,32,1,2,59,10,0,64,46,47,56,74,121
0,0,16,33,0,3,56,12,0,59,49,49,61,71,120
1,0,13,32,0,3,62,10,1,67,45,45,55,77,122
1,0,14,33,1,4,56,14,0,61,47,48,61,75,123
0,0,15,33,0,2,56,14,1,59,48,48,62,73,121
1,0,15,32,1,4,51,20,1,57,47,48,67,77,125
1,0,11,34,1,2,63,10,1,67,45,46,55,77,123
0,0,15,36,0,3,52,15,1,56,51,51,66,71,122
0,0,15,34,1,5,57,11,0,62,49,50,60,73,123
1,0,16,35,1,3,56,11,0,60,51,52,62,71,123
1,0,15,38,0,5,51,12,1,58,53,53,65,70,123
0,0,12,36,1,1,56,15,1,58,48,49,63,73,122
1,0,15,34,0,2,54,15,1,58,49,49,64,73,122
1,0,13,39,1,1,51,16,0,53,52,53,68,69,122
1,0,12,34,1,2,59,13,1,63,46,47,59,76,123
1,0,13,33,1,2,60,11,1,64,46,47,57,75,122
1,0,13,36,1,2,56,13,0,59,49,50,62,72,122
1,0,17,32,0,6,54,14,1,62,49,49,63,76,125
1,0,14,31,0,3,56,16,1,61,45,45,61,77,122
3,0,13,32,0,3,56,14,1,63,45,45,59,77,122
1,0,13,34,0,3,59,11,0,63,47,47,58,74,121
0,0,13,35,1,3,56,15,0,59,48,49,63,74,123
3,0,14,34,1,2,55,12,1,61,48,49,60,73,122
1,0,15,33,1,4,57,11,0,62,48,49,59,73,122
1,0,13,36,0,5,49,20,1,56,49,49,69,76,125
0,0,16,37,1,4,53,12,1,58,53,54,65,70,124
0,0,13,39,0,3,56,10,1,60,52,52,62,70,122
1,0,15,34,1,5,51,15,1,58,49,50,64,73,123
1,0,12,40,1,5,50,14,1,57,52,53,66,71,124
1,0,13,41,1,3,51,12,1,56,54,55,66,68,123
1,0,14,33,0,3,54,17,1,59,47,47,64,76,123
1,0,12,37,0,3,60,9,0,64,49,49,58,73,122
1,0,17,34,1,3,53,13,1,58,51,52,64,71,123
1,0,14,37,0,3,48,19,1,53,51,51,70,72,123
1,0,16,32,0,3,49,20,1,54,48,48,68,74,122
1,0,12,39,1,3,55,11,1,60,51,52,62,71,123
1,0,15,34,1,2,54,15,0,57,49,50,64,72,122
1,0,14,33,0,2,58,12,0,61,47,47,59,73,120
2,0,13,33,1,3,59,11,0,64,46,47,57,75,122
1,0,15,38,0,5,51,12,0,57,53,53,65,69,122
1,0,14,34,1,3,57,11,0,61,48,49,59,72,121
1,0,15,34,1,3,58,11,1,63,49,50,60,74,124
1,0,14,36,0,1,55,13,1,58,50,50,63,71,121
1,0,13,33,1,2,60,12,0,63,46,47,58,75,122
0,0,15,35,1,4,51,17,0,55,50,51,67,72,123
1,0,15,36,0,4,50,17,1,56,51,51,68,73,124
1,0,16,39,0,4,48,13,1,54,55,55,68,67,122
1,0,13,34,0,3,52,18,0,56,47,47,65,74,121
1,0,15,33,1,3,56,13,0,60,48,49,61,73,122
1,0,12,35,1,2,56,14,0,59,47,48,61,73,121
1,0,12,36,0,0,56,15,1,58,48,48,63,73,121
1,0,14,38,1,5,53,11,1,60,52,53,63,71,124
1,0,13,35,1,2,54,16,0,57,48,49,64,73,122
2,0,13,31,1,2,62,10,1,67,44,45,54,77,122
1,0,13,38,1,3,56,10,1,61,51,52,61,71,123
0,0,12,34,1,2,51,20,1,54,46,47,66,74,121
1,0,15,36,1,2,52,14,0,55,51,52,65,69,121
1,0,17,36,0,3,51,14,1,56,53,53,67,70,123
1,0,16,30,1,1,56,16,0,58,46,47,62,74,121
0,0,14,34,0,3,51,19,0,54,48,48,67,73,121
1,0,12,38,1,4,58,10,1,64,50,51,60,74,125
1,0,16,32,0,3,53,15,1,58,48,48,63,73,121
1,0,13,33,0,3,56,16,1,61,46,46,62,77,123
1,0,13,36,0,4,56,12,1,62,49,49,61,74,123
1,0,17,33,1,0,59,10,1,61,50,51,60,71,122
1,0,15,36,0,3,51,16,1,56,51,51,67,72,123
1,0,14,37,0,3,54,13,1,59,51,51,64,72,123
4,0,10,33,1,4,60,12,1,69,43,44,55,81,125
1,0,15,36,1,4,53,13,0,58,51,52,64,71,123
1,0,14,35,0,3,56,13,1,61,49,49,62,74,123
0,0,13,36,0,5,52,15,0,57,49,49,64,72,121
1,0,14,37,1,4,52,15,1,58,51,52,66,73,125
1,0,14,37,0,4,52,16,1,58,51,51,67,74,125
1,0,16,34,1,3,53,13,0,57,50,51,63,70,121
1,0,13,36,0,2,56,12,0,59,49,49,61,71,120
1,0,14,34,0,3,59,10,1,64,48,48,58,74,122
1,0,15,37,1,5,57,8,1,64,52,53,60,72,125
1,0,13,34,1,2,58,13,1,62,47,48,60,75,123
1,0,13,36,0,4,55,14,1,61,49,49,63,75,124
0,0,14,36,0,5,57,12,0,62,50,50,62,74,124
0,0,12,38,0,2,56,13,0,58,50,50,63,71,121
1,0,14,36,0,4,55,11,1,61,50,50,61,72,122
1,0,10,39,0,4,55,12,1,61,49,49,61,73,122
0,0,17,35,1,3,51,14,1,55,52,53,66,69,122
2,0,16,36,1,3,51,12,1,57,52,53,64,69,122
1,0,12,37,0,3,57,11,1,62,49,49,60,73,122
1,0,16,39,1,4,44,17,1,50,55,56,72,67,123
1,0,14,34,0,3,57,12,0,61,48,48,60,73,121
0,0,15,38,1,4,54,12,0,58,53,54,65,70,124
1,0,17,30,0,4,55,14,1,61,47,47,61,75,122
5,0,12,34,1,2,53,15,0,60,46,47,61,75,122
1,0,13,39,0,3,53,13,1,58,52,52,65,71,123
1,0,12,37,1,3,56,12,1,61,49,50,61,73,123
1,0,12,39,1,2,51,16,0,54,51,52,67,70,122
1,0,16,32,0,3,55,14,1,60,48,48,62,74,122
1,0,13,36,1,5,51,17,1,58,49,50,66,75,125
1,0,11,41,0,2,55,12,0,58,52,52,64,70,122
1,0,13,35,0,4,54,14,1,60,48,48,62,74,122
1,0,9,37,0,3,59,14,1,64,46,46,60,78,124
1,0,17,34,1,3,55,12,1,60,51,52,63,72,124
1,0,13,37,0,6,51,16,0,58,50,50,66,74,124
1,0,13,31,0,3,56,16,0,60,44,44,60,76,120
0,0,13,36,1,3,54,13,1,58,49,50,62,71,121
1,0,14,38,1,3,52,13,1,57,52,53,65,70,123
1,0,14,35,0,3,56,13,0,60,49,49,62,73,122
1,0,12,40,0,3,52,13,0,56,52,52,65,69,121
1,0,12,35,1,5,58,12,0,64,47,48,59,76,124
1,0,11,38,1,3,57,10,1,62,49,50,59,72,122
0,0,14,37,0,2,55,12,1,58,51,51,63,70,121
4,0,10,35,1,3,57,12,0,64,45,46,57,76,122
1,0,15,34,1,3,56,11,1,61,49,50,60,72,122
2,0,14,34,1,3,56,11,0,61,48,49,59,72,121
1,0,13,31,0,0,58,18,1,60,44,44,62,78,122
1,0,18,35,1,3,52,12,1,57,53,54,65,69,123
1,0,14,38,1,4,54,12,0,59,52,53,64,71,124
1,0,16,35,1,2,54,12,0,57,51,52,63,69,121
0,0,13,32,0,3,59,14,0,62,45,45,59,76,121
1,0,15,33,1,2,55,15,0,58,48,49,63,73,122
1,0,13,34,0,4,60,11,0,65,47,47,58,76,123
3,0,14,35,1,4,54,11,1,62,49,50,60,73,123
1,0,11,36,0,3,54,16,1,59,47,47,63,75,122
1,0,14,34,1,5,58,12,1,65,48,49,60,77,126
1,0,15,37,1,4,52,14,0,57,52,53,66,71,124
1,0,12,34,0,3,56,15,1,61,46,46,61,76,122
1,0,11,42,1,0,50,16,1,52,53,54,69,68,122
0,0,15,34,0,2,51,18,1,54,49,49,67,72,121
1,0,13,33,0,2,59,12,1,63,46,46,58,75,121
1,0,13,39,0,4,52,14,1,58,52,52,66,72,124
0,0,16,30,1,1,62,11,1,64,46,47,57,75,122
1,0,15,34,0,3,55,13,1,60,49,49,62,73,122
1,0,15,32,0,4,57,15,0,62,47,47,62,77,124
1,0,17,37,1,2,52,11,1,56,54,55,65,67,122
0,0,16,34,1,3,56,13,0,59,50,51,63,72,123
2,0,12,35,1,2,57,13,1,62,47,48,60,75,123
1,0,12,38,1,2,52,15,1,56,50,51,65,71,122
1,0,13,35,0,3,57,11,0,61,48,48,59,72,120
1,0,14,34,1,4,58,12,1,64,48,49,60,76,125
0,0,11,37,0,3,59,10,1,63,48,48,58,73,121
3,0,10,38,1,2,54,14,1,60,48,49,62,74,123
0,0,13,32,1,5,59,13,1,65,45,46,58,78,124
0,0,18,38,0,4,49,13,0,53,56,56,69,66,122
1,0,11,37,0,2,57,12,0,60,48,48,60,72,120
1,0,16,30,1,5,60,11,1,67,46,47,57,78,125
1,0,19,32,0,0,53,14,2,56,51,51,65,70,121
1,0,13,37,0,2,56,12,1,60,50,50,62,72,122
1,0,14,34,0,4,57,13,0,62,48,48,61,75,123
1,0,13,35,1,3,56,14,1,61,48,49,62,75,124
1,0,12,33,0,2,58,14,0,61,45,45,59,75,120
1,0,16,34,1,2,53,15,1,57,50,51,65,72,123
0,0,12,39,1,3,54,14,0,57,51,52,65,71,123
1,0,12,37,0,4,55,11,1,61,49,49,60,72,121
1,0,13,38,1,3,50,16,0,54,51,52,67,70,122
1,0,12,36,1,5,54,16,0,60,48,49,64,76,125
1,0,17,34,1,3,56,9,1,61,51,52,60,70,122
0,0,15,33,1,2,53,17,1,56,48,49,65,73,122
2,0,14,33,0,4,54,13,1,61,47,47,60,74,121
1,0,14,38,1,3,55,10,1,60,52,53,62,70,123
3,0,13,39,0,2,53,10,1,59,52,52,62,69,121
1,0,15,33,1,4,56,12,1,62,48,49,60,74,123
1,0,13,35,0,3,52,17,0,56,48,48,65,73,121
1,0,13,36,0,4,56,13,1,62,49,49,62,75,124
1,0,14,34,1,3,55,16,0,59,48,49,64,75,124
1,0,16,33,1,2,54,15,0,57,49,50,64,72,122
1,0,18,35,1,2,51,13,0,54,53,54,66,67,121
1,0,15,36,1,1,52,16,1,55,51,52,67,71,123
2,0,15,37,1,3,48,15,1,54,52,53,67,69,122
1,0,16,35,1,5,51,12,1,58,51,52,63,70,122
1,0,14,37,0,2,58,10,1,62,51,51,61,72,123
1,0,13,39,0,4,54,12,0,59,52,52,64,71,123
1,0,12,35,0,3,56,14,1,61,47,47,61,75,122
5,0,12,37,1,4,55,9,1,65,49,50,58,74,124
1,0,15,37,0,4,54,13,1,60,52,52,65,73,125
1,0,15,35,1,3,54,13,1,59,50,51,63,72,123
1,0,15,36,1,5,51,17,1,58,51,52,68,75,127
1,0,14,40,0,2,45,19,0,48,54,54,73,67,121
2,0,14,33,0,4,58,12,0,64,47,47,59,76,123
1,0,13,36,1,2,55,13,0,58,49,50,62,71,121
1,0,12,40,0,4,48,18,1,54,52,52,70,72,124
1,0,13,32,0,2,59,14,1,63,45,45,59,77,122
0,0,16,33,0,3,59,11,0,62,49,49,60,73,122
1,0,11,34,1,3,60,13,1,65,45,46,58,78,124
1,0,16,36,0,3,57,9,1,62,52,52,61,71,123
1,0,16,34,1,3,53,15,1,58,50,51,65,73,124
1,0,18,31,0,3,54,14,0,58,49,49,63,72,121
1,0,14,35,1,5,59,9,0,65,49,50,58,74,124
3,0,13,33,0,3,55,14,1,62,46,46,60,76,122
1,0,14,36,0,3,56,12,0,60,50,50,62,72,122
1,0,14,41,1,5,47,12,0,53,55,56,67,65,121
1,0,15,33,0,2,57,13,1,61,48,48,61,74,122
0,0,14,41,1,3,51,11,0,54,55,56,66,65,121
2,0,14,30,1,5,56,13,1,64,44,45,57,77,122
1,0,12,38,0,4,54,14,1,60,50,50,64,74,124
0,0,12,37,0,4,55,14,1,60,49,49,63,74,123
1,0,15,37,1,3,52,13,1,57,52,53,65,70,123
0,0,17,34,0,3,54,12,1,58,51,51,63,70,121
2,0,12,35,0,4,53,15,1,60,47,47,62,75,122
0,0,16,35,1,5,53,12,1,59,51,52,63,71,123
0,0,17,37,0,3,50,13,1,54,54,54,67,67,121
1,0,14,36,0,1,57,12,1,60,50,50,62,72,122
1,0,12,40,1,2,53,12,1,57,52,53,64,69,122
0,0,15,36,0,4,55,10,1,60,51,51,61,70,121
1,0,12,33,0,2,58,15,0,61,45,45,60,76,121
1,0,14,32,0,3,58,12,0,62,46,46,58,74,120
1,0,15,37,0,2,52,13,1,56,52,52,65,69,121
1,0,14,37,0,3,55,13,0,59,51,51,64,72,123
1,0,12,36,1,3,58,11,1,63,48,49,59,74,123
1,0,17,35,1,4,53,12,1,59,52,53,64,71,124
1,0,14,36,1,3,58,10,0,62,50,51,60,72,123
1,0,14,31,0,5,60,9,0,66,45,45,54,75,120
1,0,13,31,1,2,58,15,1,62,44,45,59,77,122
3,0,18,33,1,5,50,14,1,59,51,52,65,73,125
0,0,10,38,0,2,59,12,1,62,48,48,60,74,122
0,0,15,33,1,3,56,13,1,60,48,49,61,73,122
0,0,15,36,1,3,56,12,1,60,51,52,63,72,124
1,0,15,32,0,2,55,16,0,58,47,47,63,74,121
0,0,13,39,1,6,53,12,1,60,52,53,64,72,125
1,0,16,36,1,4,52,13,1,58,52,53,65,71,124
1,0,13,37,1,3,52,17,0,56,50,51,67,73,124
1,0,11,40,1,6,54,13,1,62,51,52,64,75,127
0,0,13,39,0,4,53,14,0,57,52,52,66,71,123
1,0,13,38,1,2,51,16,0,54,51,52,67,70,122
1,0,11,38,0,2,57,13,1,61,49,49,62,74,123
1,0,13,35,1,4,56,11,0,61,48,49,59,72,121
1,0,17,34,1,4,55,11,1,61,51,52,62,72,124
1,0,15,32,0,5,57,10,1,64,47,47,57,74,121
0,0,18,32,0,4,53,15,1,58,50,50,65,73,123
0,0,12,35,1,4,57,15,1,62,47,48,62,77,125
1,0,14,33,0,3,56,14,1,61,47,47,61,75,122
1,0,10,35,0,3,58,14,1,63,45,45,59,77,122
2,0,13,34,0,4,56,14,0,62,47,47,61,76,123
1,0,16,32,1,4,55,12,1,61,48,49,60,73,122
0,0,16,34,0,4,52,16,0,56,50,50,66,72,122
1,0,15,38,0,4,51,12,0,56,53,53,65,68,121
1,0,18,35,1,2,53,10,1,57,53,54,63,67,121
0,0,12,35,1,2,58,13,1,61,47,48,60,74,122
0,0,14,34,1,3,59,11,1,63,48,49,59,74,123
1,0,13,35,0,5,53,16,0,59,48,48,64,75,123
1,0,12,36,0,3,57,12,0,61,48,48,60,73,121
1,0,15,36,0,3,56,12,1,61,51,51,63,73,124
1,0,12,37,1,2,61,8,1,65,49,50,57,73,123
1,0,13,40,0,2,51,14,0,54,53,53,67,68,121
1,0,14,39,0,3,53,12,1,58,53,53,65,70,123
1,0,12,36,0,5,55,12,0,61,48,48,60,73,121
2,0,15,35,1,3,54,13,1,60,50,51,63,73,124
1,0,15,33,1,4,53,16,1,59,48,49,64,75,124
1,0,14,37,1,4,58,9,1,64,51,52,60,73,125
1,0,13,33,1,4,52,17,1,58,46,47,63,75,122
1,0,13,36,0,1,54,15,1,57,49,49,64,72,121
1,0,15,31,1,1,59,12,0,61,46,47,58,73,120
0,0,15,32,0,5,57,12,0,62,47,47,59,74,121
1,0,14,35,1,4,50,17,1,56,49,50,66,73,123
1,0,11,39,1,3,56,10,1,61,50,51,60,71,122
5,0,11,34,1,3,56,11,0,64,45,46,56,75,121
1,0,12,36,1,4,59,11,1,65,48,49,59,76,125
1,0,13,37,1,3,53,13,1,58,50,51,63,71,122
1,0,14,37,1,5,54,11,1,61,51,52,62,72,124
1,0,15,38,0,2,52,13,1,56,53,53,66,69,122
1,0,19,35,0,2,49,14,1,53,54,54,68,67,121
1,0,13,37,1,3,53,15,0,57,50,51,65,72,123
1,0,14,34,0,4,52,17,1,58,48,48,65,75,123
1,0,13,37,0,4,53,15,1,59,50,50,65,74,124
1,0,14,37,0,1,57,11,1,60,51,51,62,71,122
1,0,14,35,1,3,56,12,1,61,49,50,61,73,123
1,0,14,36,0,3,53,13,1,58,50,50,63,71,121
1,0,11,34,0,5,54,15,0,60,45,45,60,75,120
1,0,13,33,0,3,58,13,0,62,46,46,59,75,121
1,0,16,38,1,3,51,12,0,55,54,55,66,67,122
1,0,18,35,0,2,50,16,0,53,53,53,69,69,122
0,0,16,34,0,4,55,13,1,60,50,50,63,73,123
0,0,16,34,0,4,53,15,1,58,50,50,65,73,123
1,0,13,34,0,2,59,12,1,63,47,47,59,75,122
1,0,16,35,0,3,52,13,1,57,51,51,64,70,121
1,0,13,36,0,3,54,13,0,58,49,49,62,71,120
1,0,13,39,1,4,51,15,0,56,52,53,67,71,124
2,0,13,35,1,4,55,12,1,62,48,49,60,74,123
1,0,14,38,1,5,52,14,1,59,52,53,66,73,126
2,0,13,33,0,4,59,12,1,66,46,46,58,78,124
1,0,13,36,0,4,57,11,1,63,49,49,60,74,123
2,0,13,34,0,3,58,10,0,63,47,47,57,73,120
1,0,11,35,0,2,59,12,1,63,46,46,58,75,121
1,0,11,38,1,3,49,20,1,54,49,50,69,74,124
1,0,16,34,0,4,55,10,1,61,50,50,60,71,121
1,0,14,32,0,1,57,15,0,59,46,46,61,74,120
1,0,13,33,0,4,59,11,1,65,46,46,57,76,122
1,0,12,37,1,4,53,13,0,58,49,50,62,71,121
1,0,17,35,1,3,49,16,0,53,52,53,68,69,122
0,0,15,37,1,4,54,12,1,59,52,53,64,71,124
1,0,15,33,1,3,58,10,0,62,48,49,58,72,121
0,0,14,38,0,2,53,13,1,56,52,52,65,69,121
1,0,15,38,1,4,48,15,1,54,53,54,68,69,123
1,0,12,34,1,3,58,14,0,62,46,47,60,76,123
0,0,13,36,1,4,56,14,1,61,49,50,63,75,125
1,0,18,35,0,2,49,16,0,52,53,53,69,68,121
1,0,10,34,0,2,59,14,1,63,44,44,58,77,121
1,0,15,33,0,4,58,11,1,64,48,48,59,75,123
0,0,14,36,1,2,56,13,1,59,50,51,63,72,123
1,0,11,37,1,3,57,11,0,61,48,49,59,72,121
1,0,12,36,0,3,60,10,1,65,48,48,58,75,123
2,0,15,33,0,4,57,10,0,63,48,48,58,73,121
1,0,14,31,0,5,59,13,0,65,45,45,58,78,123
1,0,15,37,1,3,54,12,1,59,52,53,64,71,124
0,0,16,37,1,4,53,13,1,58,53,54,66,71,125
1,0,11,33,0,2,59,14,0,62,44,44,58,76,120
0,0,14,36,1,3,57,12,1,61,50,51,62,73,124
1,0,15,35,0,4,53,13,1,59,50,50,63,72,122
1,0,15,36,0,4,51,13,1,57,51,51,64,70,121
0,0,14,39,0,3,52,14,1,56,53,53,67,70,123
0,0,12,32,0,4,63,12,1,68,44,44,56,80,124
1,0,16,35,0,3,52,14,0,56,51,51,65,70,121
1,0,15,36,0,4,52,15,1,58,51,51,66,73,124
0,0,15,37,1,3,54,11,0,57,52,53,63,68,121
1,0,15,32,0,3,55,15,0,59,47,47,62,74,121
1,0,15,32,1,4,58,12,0,63,47,48,59,75,123
1,0,15,35,1,4,51,15,1,57,50,51,65,72,123
1,0,21,32,0,2,46,19,1,50,53,53,72,69,122
1,0,12,36,1,4,58,12,0,63,48,49,60,75,124
1,0,12,36,0,4,54,16,0,59,48,48,64,75,123
1,0,14,36,0,2,54,14,1,58,50,50,64,72,122
1,0,10,35,1,2,60,13,1,64,45,46,58,77,123
1,0,16,37,1,4,50,14,1,56,53,54,67,70,124
1,0,13,40,1,2,52,12,1,56,53,54,65,68,122
1,0,14,34,0,3,57,13,0,61,48,48,61,74,122
1,0,11,42,0,3,48,17,1,53,53,53,70,70,123
1,0,11,35,0,1,60,12,1,63,46,46,58,75,121
0,0,13,33,1,3,56,16,0,59,46,47,62,75,122
1,0,15,34,0,4,53,13,1,59,49,49,62,72,121
0,0,15,34,0,5,53,11,2,60,49,49,60,71,120
0,0,15,31,0,2,60,12,0,62,46,46,58,74,120
1,0,12,33,1,4,57,16,1,63,45,46,61,79,125
1,0,14,40,0,3,52,13,0,56,54,54,67,69,123
2,0,13,36,1,2,53,14,0,57,49,50,63,71,121
1,0,17,31,1,3,54,15,1,59,48,49,63,74,123
1,0,17,33,1,2,51,15,1,55,50,51,65,70,121
0,0,12,33,1,3,62,11,1,66,45,46,56,77,123
0,0,16,32,0,3,56,13,1,60,48,48,61,73,121
1,0,16,29,1,3,58,14,0,62,45,46,59,76,122
1,0,12,37,1,4,52,17,0,57,49,50,66,74,124
1,0,15,35,1,2,55,12,0,58,50,51,62,70,121
1,0,13,37,1,3,50,18,0,54,50,51,68,72,123
1,0,15,37,0,2,54,12,0,57,52,52,64,69,121
1,0,14,34,1,4,59,12,0,64,48,49,60,76,125
3,0,16,33,1,3,53,12,1,60,49,50,61,72,122
1,0,12,35,1,3,58,11,1,63,47,48,58,74,122
1,0,11,39,1,0,58,11,1,60,50,51,61,71,122
1,0,12,36,1,3,56,14,1,61,48,49,62,75,124
0,0,15,34,1,3,56,12,0,59,49,50,61,71,121
2,0,13,34,1,3,55,13,1,61,47,48,60,74,122
0,0,17,34,1,3,55,12,0,58,51,52,63,70,122
0,0,15,35,2,4,51,16,0,55,50,52,66,71,123
1,0,12,37,0,3,55,12,0,59,49,49,61,71,120
1,0,13,37,1,4,56,11,1,62,50,51,61,73,124
1,0,16,37,1,3,52,13,1,57,53,54,66,70,124
1,0,14,36,1,3,55,12,1,60,50,51,62,72,123
1,0,17,35,0,3,53,11,1,58,52,52,63,69,121
1,0,14,36,0,3,57,12,1,62,50,50,62,74,124
2,0,14,34,0,3,53,13,1,59,48,48,61,72,120
0,0,14,39,1,4,51,15,0,55,53,54,68,70,124
1,0,15,36,0,3,56,11,0,60,51,51,62,71,122
0,0,13,36,1,2,54,15,1,57,49,50,64,72,122
1,0,13,34,1,3,56,13,0,60,47,48,60,73,121
0,0,12,39,0,2,52,14,1,55,51,51,65,69,120
0,0,14,32,1,4,57,13,1,62,46,47,59,75,122
1,0,11,35,1,4,58,13,1,64,46,47,59,77,124
0,0,12,32,0,2,60,14,1,63,44,44,58,77,121
1,0,15,34,0,4,57,12,1,63,49,49,61,75,124
0,0,19,33,0,2,48,18,1,51,52,52,70,69,121
1,0,12,33,2,5,56,15,1,63,45,47,60,78,125
0,0,13,33,0,4,56,17,0,60,46,46,63,77,123
1,0,14,37,1,3,54,12,1,59,51,52,63,71,123
1,0,14,35,0,4,56,12,0,61,49,49,61,73,122
1,0,14,32,0,3,58,12,0,62,46,46,58,74,120
1,0,15,37,0,2,56,10,0,59,52,52,62,69,121
0,0,15,37,1,3,53,14,1,57,52,53,66,71,124
1,0,13,35,0,3,56,12,0,60,48,48,60,72,120
0,0,14,34,0,4,58,12,1,63,48,48,60,75,123
0,0,15,37,0,3,50,16,1,54,52,52,68,70,122
1,0,13,35,0,3,56,14,1,61,48,48,62,75,123
1,0,10,36,0,2,59,13,0,62,46,46,59,75,121
1,0,13,34,0,3,55,14,0,59,47,47,61,73,120
1,0,17,35,1,3,51,15,1,56,52,53,67,71,124
1,0,15,35,0,3,57,12,1,62,50,50,62,74,124
2,0,12,32,0,3,60,12,1,66,44,44,56,78,122
0,0,14,37,0,3,49,17,1,53,51,51,68,70,121
1,0,11,43,1,3,51,12,0,55,54,55,66,67,122
1,0,14,36,0,3,50,18,1,55,50,50,68,73,123
1,0,12,35,0,2,57,15,1,61,47,47,62,76,123
1,0,15,35,1,3,54,14,1,59,50,51,64,73,124
1,0,13,41,0,3,51,13,0,55,54,54,67,68,122
1,0,11,35,0,3,52,19,0,56,46,46,65,75,121
1,0,13,36,1,3,56,13,1,61,49,50,62,74,124
1,0,15,37,1,3,55,9,1,60,52,53,61,69,122
2,0,12,34,0,4,56,15,0,62,46,46,61,77,123
1,0,16,33,0,4,52,14,1,58,49,49,63,72,121
1,0,11,35,0,3,57,13,0,61,46,46,59,74,120
0,0,15,31,0,3,56,16,1,60,46,46,62,76,122
3,0,12,36,1,3,55,12,0,61,48,49,60,73,122
1,0,13,36,1,2,55,14,1,59,49,50,63,73,123
1,0,15,33,0,4,56,14,1,62,48,48,62,76,124
1,0,15,39,0,3,55,9,0,59,54,54,63,68,122
1,0,16,36,0,4,50,17,0,55,52,52,69,72,124
1,0,14,33,1,2,59,11,1,63,47,48,58,74,122
1,0,13,37,1,2,55,12,1,59,50,51,62,71,122
1,0,15,33,0,3,57,11,1,62,48,48,59,73,121
1,0,13,36,0,3,55,14,1,60,49,49,63,74,123
1,0,14,29,0,2,56,19,1,60,43,43,62,79,122
0,0,16,33,1,4,54,13,1,59,49,50,62,72,122
1,0,15,35,0,3,52,15,1,57,50,50,65,72,122
1,0,14,36,1,4,53,14,0,58,50,51,64,72,123
1,0,11,41,0,2,55,12,0,58,52,52,64,70,122
1,0,12,35,0,4,54,14,0,59,47,47,61,73,120
1,0,13,34,0,5,59,12,0,65,47,47,59,77,124
1,0,12,34,0,2,61,11,0,64,46,46,57,75,121
0,0,11,39,0,3,56,13,1,60,50,50,63,73,123
1,0,16,37,1,0,53,14,1,55,53,54,67,69,123
1,0,13,35,0,4,52,17,1,58,48,48,65,75,123
0,0,15,38,0,2,53,13,1,56,53,53,66,69,122
1,0,16,29,1,5,58,12,0,64,45,46,57,76,122
1,0,14,34,0,4,56,13,0,61,48,48,61,74,122
1,0,17,35,0,4,53,13,1,59,52,52,65,72,124
0,0,16,33,1,4,54,16,1,59,49,50,65,75,125
1,0,17,32,0,5,53,16,1,60,49,49,65,76,125
1,0,12,35,0,4,59,11,0,64,47,47,58,75,122
1,0,17,33,0,4,51,17,0,56,50,50,67,73,123
1,0,19,34,0,3,48,16,1,53,53,53,69,69,122
3,0,13,33,0,3,56,12,1,63,46,46,58,75,121
1,0,15,35,0,5,54,15,0,60,50,50,65,75,125
1,0,11,41,1,2,51,15,0,54,52,53,67,69,122
0,0,12,38,0,3,57,10,0,60,50,50,60,70,120
1,0,14,31,1,4,61,13,1,67,45,46,58,80,126
1,0,15,31,1,3,58,14,0,62,46,47,60,76,123
1,0,12,38,0,3,58,11,0,62,50,50,61,73,123
0,0,14,35,1,2,59,9,1,62,49,50,58,71,121
2,0,15,30,0,3,58,13,0,63,45,45,58,76,121
0,0,15,35,1,5,51,13,1,57,50,51,63,70,121
1,0,16,35,1,3,54,13,1,59,51,52,64,72,124
1,0,13,37,0,2,58,11,1,62,50,50,61,73,123
1,0,11,38,1,5,57,12,0,63,49,50,61,75,125
1,0,14,39,0,2,49,16,0,52,53,53,69,68,121
2,0,15,33,1,4,55,11,1,62,48,49,59,73,122
1,0,16,31,0,2,57,14,1,61,47,47,61,75,122
1,0,14,35,1,2,60,8,0,63,49,50,57,71,121
0,0,16,36,1,3,55,11,0,58,52,53,63,69,122
1,0,11,38,0,2,58,11,1,62,49,49,60,73,122
1,0,17,33,0,4,53,14,1,59,50,50,64,73,123
2,0,14,36,1,3,53,12,1,59,50,51,62,71,122
2,0,14,35,0,2,53,14,1,58,49,49,63,72,121
4,0,13,38,1,2,55,9,1,62,51,52,60,71,123
0,0,19,35,0,0,53,13,1,54,54,54,67,67,121
0,0,17,34,0,3,52,14,1,56,51,51,65,70,121
0,0,15,41,1,2,48,14,1,51,56,57,70,65,122
1,0,11,35,1,2,59,13,1,63,46,47,59,76,123
1,0,16,34,1,2,57,10,1,61,50,51,60,71,122
1,0,13,38,1,3,53,13,0,57,51,52,64,70,122
1,0,14,39,0,2,54,12,0,57,53,53,65,69,122
0,0,13,36,0,2,59,10,1,62,49,49,59,72,121
0,0,14,35,0,3,51,17,1,55,49,49,66,72,121
0,0,11,37,0,3,51,20,1,55,48,48,68,75,123
1,0,12,34,1,2,59,13,1,63,46,47,59,76,123
1,0,11,38,0,2,58,10,1,62,49,49,59,72,121
1,0,16,34,0,2,57,10,0,60,50,50,60,70,120
1,0,16,35,1,2,52,15,1,56,51,52,66,71,123
1,0,12,30,1,3,58,17,1,63,42,43,59,80,123
1,0,12,40,0,4,52,15,0,57,52,52,67,72,124
1,0,15,33,0,3,60,10,0,64,48,48,58,74,122
0,0,15,36,1,3,52,15,1,56,51,52,66,71,123
1,0,19,29,1,3,56,11,1,61,48,49,59,72,121
0,0,15,36,0,4,53,15,1,58,51,51,66,73,124
1,0,14,35,1,3,53,14,0,57,49,50,63,71,121
1,0,19,33,0,4,54,12,0,59,52,52,64,71,123
1,0,13,36,0,4,52,17,0,57,49,49,66,74,123
0,0,12,35,1,4,56,14,1,61,47,48,61,75,123
2,0,13,34,0,3,58,12,0,63,47,47,59,75,122
0,0,15,36,1,4,50,15,1,55,51,52,66,70,122
2,0,14,38,0,5,52,13,1,60,52,52,65,73,125
0,0,14,37,0,2,52,15,1,55,51,51,66,70,121
1,0,12,34,1,5,60,13,0,66,46,47,59,79,126
1,0,16,36,0,3,52,13,1,57,52,52,65,70,122
1,0,13,34,0,3,58,13,1,63,47,47,60,76,123
0,0,16,34,0,5,52,13,0,57,50,50,63,70,120
1,0,14,35,0,4,57,9,1,63,49,49,58,72,121
0,0,11,35,0,1,59,14,0,60,46,46,60,74,120
1,0,18,35,1,3,53,11,0,57,53,54,64,68,122
3,0,11,36,1,2,55,13,1,61,47,48,60,74,122
1,0,14,38,0,3,51,14,1,56,52,52,66,70,122
1,0,14,38,0,1,56,11,1,59,52,52,63,70,122
1,0,12,36,0,4,58,13,0,63,48,48,61,76,124
1,0,13,35,0,2,53,17,1,57,48,48,65,74,122
1,0,15,38,0,3,55,10,0,59,53,53,63,69,122
1,0,14,33,1,3,57,13,1,62,47,48,60,75,123
1,0,15,34,0,3,51,18,1,56,49,49,67,74,123
1,0,13,35,0,2,56,14,0,59,48,48,62,73,121
1,0,13,36,0,4,53,14,1,59,49,49,63,73,122
1,0,15,35,1,3,54,14,0,58,50,51,64,72,123
1,0,13,33,1,5,61,11,0,67,46,47,57,78,125
1,0,15,38,0,5,50,14,0,56,53,53,67,70,123
2,0,14,35,1,5,55,12,1,63,49,50,61,75,125
2,0,16,30,1,6,56,13,0,64,46,47,59,77,124
1,0,15,36,0,4,50,14,1,56,51,51,65,70,121
0,0,18,31,0,3,56,12,1,60,49,49,61,72,121
1,0,13,35,0,2,52,19,1,56,48,48,67,75,123
0,0,14,37,0,3,54,12,1,58,51,51,63,70,121
1,0,14,35,1,2,57,12,0,60,49,50,61,72,122
1,0,14,34,1,3,58,10,1,63,48,49,58,73,122
1,0,15,37,1,2,49,17,0,52,52,53,69,69,122
0,0,11,33,0,4,59,13,0,63,44,44,57,76,120
1,0,15,34,0,3,53,14,0,57,49,49,63,71,120
1,0,14,34,0,2,57,12,1,61,48,48,60,73,121
1,0,11,37,1,4,59,10,1,65,48,49,58,75,124
0,0,15,35,0,2,56,12,0,58,50,50,62,70,120
1,0,14,33,1,3,58,11,0,62,47,48,58,73,121
1,0,15,37,0,2,55,12,1,59,52,52,64,71,123
1,0,14,31,0,2,58,14,1,62,45,45,59,76,121
3,0,11,34,1,6,54,12,1,64,45,46,57,76,122
3,0,11,39,0,4,55,10,0,62,50,50,60,72,122
0,0,13,35,0,3,55,15,1,59,48,48,63,74,122
1,0,12,35,0,3,56,14,0,60,47,47,61,74,121
2,0,13,33,1,4,57,11,0,63,46,47,57,74,121
1,0,12,37,1,2,56,13,0,59,49,50,62,72,122
1,0,15,40,0,3,50,12,1,55,55,55,67,67,122
2,0,12,37,1,2,56,11,0,60,49,50,60,71,121
1,0,14,37,1,1,55,13,0,57,51,52,64,70,122
1,0,14,36,1,2,50,17,0,53,50,51,67,70,121
1,0,16,36,0,4,48,17,1,54,52,52,69,71,123
1,0,16,33,1,4,55,13,1,61,49,50,62,74,124
1,0,12,40,0,5,50,16,0,56,52,52,68,72,124
0,0,12,36,1,2,58,11,0,60,48,49,59,71,120
0,0,15,35,0,3,55,14,1,59,50,50,64,73,123
1,0,13,38,1,4,56,11,0,61,51,52,62,72,124
1,0,13,35,0,3,55,15,1,60,48,48,63,75,123
1,0,13,37,1,4,58,11,0,63,50,51,61,74,125
0,0,15,34,1,4,54,15,0,58,49,50,64,73,123
1,0,15,32,1,3,52,19,1,57,47,48,66,76,124
1,0,15,33,0,2,56,14,1,60,48,48,62,74,122
2,0,15,37,0,6,52,13,0,60,52,52,65,73,125
1,0,16,34,0,2,53,14,1,57,50,50,64,71,121
1,0,12,35,0,5,53,17,1,60,47,47,64,77,124
1,0,15,35,0,2,57,10,1,61,50,50,60,71,121
1,0,16,35,1,3,48,19,0,52,51,52,70,71,123
1,0,13,40,1,3,52,11,1,57,53,54,64,68,122
1,0,14,34,0,4,59,10,0,64,48,48,58,74,122
0,0,15,30,0,5,60,11,1,66,45,45,56,77,122
1,0,16,33,1,3,51,16,1,56,49,50,65,72,122
1,0,11,34,0,4,58,15,0,63,45,45,60,78,123
2,0,15,35,0,2,53,13,0,57,50,50,63,70,120
1,0,9,39,0,1,57,13,0,59,48,48,61,72,120
2,0,14,35,1,2,55,12,1,60,49,50,61,72,122
0,0,12,33,0,2,61,11,1,64,45,45,56,75,120
1,0,16,36,0,4,54,11,0,59,52,52,63,70,122
0,0,11,38,0,3,53,15,1,57,49,49,64,72,121
2,0,13,36,0,3,53,12,1,59,49,49,61,71,120
1,0,11,38,0,1,57,11,1,60,49,49,60,71,120
1,0,13,35,0,2,59,11,0,62,48,48,59,73,121
1,0,11,40,1,4,53,14,0,58,51,52,65,72,124
1,0,13,37,1,5,55,9,0,61,50,51,59,70,121
1,0,11,38,0,3,55,14,1,60,49,49,63,74,123
1,0,14,33,0,4,52,16,0,57,47,47,63,73,120
1,0,14,34,0,3,57,12,1,62,48,48,60,74,122
0,0,14,43,0,4,47,14,0,51,57,57,71,65,122
1,0,14,35,1,1,55,14,1,58,49,50,63,72,122
1,0,12,38,0,2,53,15,1,57,50,50,65,72,122
1,0,14,35,1,4,55,14,0,60,49,50,63,74,124
1,0,14,36,1,3,55,12,0,59,50,51,62,71,122
1,0,14,34,0,4,61,9,0,66,48,48,57,75,123
1,0,13,32,0,5,54,19,1,61,45,45,64,80,125
1,0,10,39,0,2,56,13,1,60,49,49,62,73,122
0,0,14,37,0,4,52,15,1,57,51,51,66,72,123
1,0,11,35,1,4,52,17,0,57,46,47,63,74,121
1,0,15,41,0,4,48,14,1,54,56,56,70,68,124
2,0,14,32,0,2,57,14,1,62,46,46,60,76,122
1,0,13,38,1,3,53,14,1,58,51,52,65,72,124
1,0,15,36,1,3,55,12,0,59,51,52,63,71,123
1,0,15,38,0,4,53,12,1,59,53,53,65,71,124
1,0,14,35,0,4,54,14,1,60,49,49,63,74,123
1,0,15,33,1,3,56,13,0,60,48,49,61,73,122
0,0,12,36,0,2,55,15,0,57,48,48,63,72,120
1,0,16,36,1,2,52,13,1,56,52,53,65,69,122
1,0,13,37,1,4,54,15,1,60,50,51,65,75,126
1,0,11,39,1,5,55,12,1,62,50,51,62,74,125
0,0,17,32,0,3,56,11,1,60,49,49,60,71,120
1,0,12,40,0,1,56,11,1,59,52,52,63,70,122
1,0,16,33,4,3,49,16,1,54,49,53,65,70,123
2,0,15,31,1,5,57,13,1,65,46,47,59,78,125
0,0,16,34,0,3,56,11,0,59,50,50,61,70,120
1,0,14,32,1,4,59,12,0,64,46,47,58,76,123
0,0,11,38,1,2,56,13,0,58,49,50,62,71,121
0,0,13,38,1,3,55,13,1,59,51,52,64,72,124
2,0,13,34,1,2,54,15,0,58,47,48,62,73,121
0,0,17,33,1,2,56,12,0,58,50,51,62,70,121
0,0,13,35,0,4,59,11,1,64,48,48,59,75,123
0,0,12,37,1,3,56,13,1,60,49,50,62,73,123
1,0,12,38,0,3,52,15,0,56,50,50,65,71,121
1,0,11,36,0,3,58,12,1,63,47,47,59,75,122
0,0,12,36,1,3,57,13,0,60,48,49,61,73,122
0,0,16,33,0,5,56,13,1,62,49,49,62,75,124
1,0,15,32,1,3,56,13,1,61,47,48,60,74,122
0,0,15,36,1,3,56,11,1,60,51,52,62,71,123
1,0,12,37,0,2,57,11,0,60,49,49,60,71,120
1,0,12,34,0,3,58,15,1,63,46,46,61,78,124
2,0,15,32,1,2,61,9,1,66,47,48,56,75,123
1,0,13,36,1,6,56,13,0,63,49,50,62,76,126
4,0,12,35,1,4,55,12,0,63,47,48,59,75,123
1,0,14,36,0,2,53,15,1,57,50,50,65,72,122
1,0,15,35,0,3,54,12,0,58,50,50,62,70,120
1,0,11,36,0,3,57,14,0,61,47,47,61,75,122
0,0,13,37,1,3,54,13,1,58,50,51,63,71,122
1,0,17,31,1,4,58,13,1,64,48,49,61,77,126
1,0,16,33,0,4,52,15,1,58,49,49,64,73,122
1,0,14,32,0,6,57,15,1,65,46,46,61,80,126
1,0,16,32,1,3,55,13,0,59,48,49,61,72,121
0,0,15,37,0,4,49,17,1,54,52,52,69,71,123
1,0,10,37,1,3,59,13,1,64,47,48,60,77,125
0,0,16,33,1,3,55,13,1,59,49,50,62,72,122
1,0,13,37,1,5,52,16,1,59,50,51,66,75,126
1,0,14,31,2,4,58,13,0,63,45,47,58,76,123
1,0,16,38,0,3,49,13,1,54,54,54,67,67,121
0,0,12,38,0,4,56,11,1,61,50,50,61,72,122
1,0,15,33,1,2,58,12,0,61,48,49,60,73,122
1,0,13,36,0,5,55,11,1,62,49,49,60,73,122
1,0,12,36,1,2,55,13,1,59,48,49,61,72,121
1,0,11,36,1,4,58,14,0,63,47,48,61,77,125
1,0,17,39,1,2,50,12,1,54,56,57,68,66,123
1,0,14,35,1,4,56,11,1,62,49,50,60,73,123
3,0,14,40,1,6,48,13,0,57,54,55,67,70,125
1,0,13,35,0,3,55,16,0,59,48,48,64,75,123
1,0,12,36,1,3,54,14,1,59,48,49,62,73,122
1,0,14,35,0,2,51,17,1,55,49,49,66,72,121
1,0,13,33,0,2,60,13,0,63,46,46,59,76,122
1,0,16,35,0,2,53,14,0,56,51,51,65,70,121
1,0,15,35,0,2,57,11,0,60,50,50,61,71,121
1,0,14,35,1,0,57,13,1,59,49,50,62,72,122
1,0,13,37,1,5,54,12,0,60,50,51,62,72,123
4,0,14,36,1,2,54,10,1,61,50,51,60,71,122
1,0,16,33,0,2,59,9,1,63,49,49,58,72,121
1,0,11,37,0,4,57,13,0,62,48,48,61,75,123
2,0,13,34,0,5,56,13,1,64,47,47,60,77,124
1,0,15,32,0,3,58,13,1,63,47,47,60,76,123
1,0,14,35,1,3,56,11,1,61,49,50,60,72,122
0,0,14,35,0,3,57,13,0,60,49,49,62,73,122
0,0,13,37,1,5,56,12,1,62,50,51,62,74,125
0,0,16,37,1,3,50,15,1,54,53,54,68,69,123
1,0,11,40,1,4,55,12,1,61,51,52,63,73,125
1,0,11,39,1,4,54,11,1,60,50,51,61,71,122
1,0,13,35,0,4,53,14,0,58,48,48,62,72,120
1,0,14,37,0,4,55,11,0,60,51,51,62,71,122
1,0,14,36,0,5,52,15,0,58,50,50,65,73,123
0,0,14,37,1,2,52,16,1,55,51,52,67,71,123
1,0,12,31,1,2,61,13,1,65,43,44,56,78,122
1,0,16,32,0,2,54,16,1,58,48,48,64,74,122
1,0,15,34,0,4,56,13,0,61,49,49,62,74,123
0,0,13,37,0,4,52,16,0,56,50,50,66,72,122
0,0,14,34,0,4,57,11,0,61,48,48,59,72,120
1,0,14,35,0,2,55,14,0,58,49,49,63,72,121
0,0,13,36,0,3,57,10,1,61,49,49,59,71,120
1,0,12,36,0,3,57,13,1,62,48,48,61,75,123
1,0,12,37,0,6,54,10,1,62,49,49,59,72,121
1,0,13,37,1,3,52,15,1,57,50,51,65,72,123
0,0,13,36,0,3,55,14,1,59,49,49,63,73,122
0,0,11,39,0,2,50,18,0,52,50,50,68,70,120
1,0,13,41,0,4,49,15,1,55,54,54,69,70,124
0,0,15,35,3,2,52,13,1,55,50,53,63,68,121
1,0,14,35,0,3,56,9,3,63,49,49,58,72,121
1,0,18,33,0,3,48,17,0,52,51,51,68,69,120
0,0,15,32,1,3,57,15,0,60,47,48,62,75,123
0,0,14,33,0,2,52,19,0,54,47,47,66,73,120
1,0,16,36,1,4,53,12,1,59,52,53,64,71,124
1,0,12,38,1,3,55,12,1,60,50,51,62,72,123
1,0,14,39,1,3,52,12,0,56,53,54,65,68,122
1,0,14,36,0,4,52,14,0,57,50,50,64,71,121
1,0,14,35,1,3,54,13,1,59,49,50,62,72,122
0,0,13,33,0,2,54,18,1,57,46,46,64,75,121
0,0,14,35,0,2,53,16,1,56,49,49,65,72,121
1,0,13,36,1,4,56,11,0,61,49,50,60,72,122
1,0,12,40,0,3,54,11,0,58,52,52,63,69,121
2,0,13,35,0,3,55,12,1,61,48,48,60,73,121
1,0,14,36,0,4,52,16,0,57,50,50,66,73,123
1,0,11,38,0,2,54,16,0,57,49,49,65,73,122
1,0,14,34,0,4,55,14,1,61,48,48,62,75,123
1,0,16,35,0,2,53,13,1,57,51,51,64,70,121
1,0,13,36,0,4,55,14,1,61,49,49,63,75,124
1,0,13,31,0,5,63,12,1,70,44,44,56,82,126
0,0,12,34,0,2,59,13,1,62,46,46,59,75,121
1,0,13,42,1,5,54,9,1,61,55,56,64,70,126
2,0,14,34,0,2,54,14,1,59,48,48,62,73,121
1,0,18,32,1,3,56,11,0,60,50,51,61,71,122
1,0,13,36,1,3,54,13,0,58,49,50,62,71,121
1,0,15,32,1,3,56,12,0,60,47,48,59,72,120
1,0,15,36,0,4,51,16,0,56,51,51,67,72,123
0,0,18,32,1,5,56,12,0,61,50,51,62,73,124
1,0,8,39,1,3,60,11,1,65,47,48,58,76,124
2,0,15,38,0,3,51,11,1,57,53,53,64,68,121
0,0,17,33,0,4,54,14,1,59,50,50,64,73,123
2,0,12,34,1,4,60,11,1,67,46,47,57,78,125
2,0,11,38,0,4,51,17,1,58,49,49,66,75,124
0,0,15,35,0,2,56,12,0,58,50,50,62,70,120
1,0,14,33,1,4,55,16,0,60,47,48,63,76,124
1,0,12,35,1,3,55,14,1,60,47,48,61,74,122
1,0,17,31,0,5,54,13,0,60,48,48,61,73,121
2,0,15,34,0,4,53,14,1,60,49,49,63,74,123
0,0,12,36,1,3,60,10,1,64,48,49,58,74,123
2,0,14,35,1,3,54,11,1,60,49,50,60,71,121
1,0,16,32,1,4,59,12,1,65,48,49,60,77,126
2,0,17,34,0,3,50,15,0,55,51,51,66,70,121
1,0,12,35,0,4,58,12,0,63,47,47,59,75,122
1,0,12,34,0,3,56,17,1,61,46,46,63,78,124
1,0,12,37,0,3,59,9,1,64,49,49,58,73,122
2,0,12,38,0,4,55,11,0,61,50,50,61,72,122
1,0,16,31,0,4,56,12,1,62,47,47,59,74,121
1,0,11,40,0,1,54,14,1,57,51,51,65,71,122
0,0,20,34,1,5,54,11,0,59,54,55,65,70,125
1,0,12,32,0,3,61,12,0,65,44,44,56,77,121
1,0,15,31,0,5,57,15,1,64,46,46,61,79,125
0,0,13,36,0,2,49,20,1,52,49,49,69,72,121
1,0,15,38,1,2,49,16,1,53,53,54,69,69,123
0,0,18,32,1,3,52,15,1,56,50,51,65,71,122
2,0,15,33,1,5,57,12,0,64,48,49,60,76,125
1,0,10,39,1,2,55,13,0,58,49,50,62,71,121
0,0,12,34,1,3,58,14,1,62,46,47,60,76,123
1,0,15,33,1,3,55,13,1,60,48,49,61,73,122
1,0,15,35,0,4,53,13,1,59,50,50,63,72,122
1,0,17,34,0,3,52,14,0,56,51,51,65,70,121
1,0,11,32,1,2,61,13,1,65,43,44,56,78,122
1,0,17,39,0,4,48,13,1,54,56,56,69,67,123
0,0,14,36,0,3,51,16,1,55,50,50,66,71,121
1,0,13,35,1,0,57,15,0,58,48,49,63,73,122
1,0,15,35,1,2,55,12,1,59,50,51,62,71,122
1,0,15,32,1,4,57,11,1,63,47,48,58,74,122
1,0,12,37,0,4,52,15,1,58,49,49,64,73,122
1,0,14,37,1,3,49,17,0,53,51,52,68,70,122
1,0,11,35,0,3,60,13,0,64,46,46,59,77,123
0,0,14,33,1,3,58,13,0,61,47,48,60,74,122
1,0,13,35,1,3,55,14,1,60,48,49,62,74,123
0,0,15,35,1,3,53,16,1,57,50,51,66,73,124
1,0,13,34,1,3,56,15,0,60,47,48,62,75,123
1,0,17,38,1,3,49,12,1,54,55,56,67,66,122
1,0,12,35,1,3,59,12,1,64,47,48,59,76,124
1,0,16,33,0,3,52,16,1,57,49,49,65,73,122
1,0,13,37,0,2,58,9,1,62,50,50,59,71,121
1,0,13,34,1,3,60,9,1,65,47,48,56,74,122
0,0,14,39,0,5,55,11,0,60,53,53,64,71,124
1,0,13,33,1,2,59,13,1,63,46,47,59,76,123
2,0,15,34,1,4,52,14,0,58,49,50,63,72,122
1,0,16,36,1,4,54,13,0,59,52,53,65,72,125
2,0,14,39,0,4,52,11,0,58,53,53,64,69,122
0,0,12,34,0,2,61,11,0,63,46,46,57,74,120
0,0,17,36,1,2,52,13,1,55,53,54,66,68,122
2,0,12,37,0,1,56,12,1,60,49,49,61,72,121
1,0,13,35,1,2,55,14,1,59,48,49,62,73,122
1,0,17,35,0,3,46,19,1,51,52,52,71,70,122
1,0,12,32,1,4,59,15,1,65,44,45,59,80,125
1,0,13,38,1,4,51,15,0,56,51,52,66,71,123
0,0,20,32,1,2,53,12,1,56,52,53,64,68,121
0,0,14,35,0,3,53,15,1,57,49,49,64,72,121
1,0,10,40,1,4,56,12,1,62,50,51,62,74,125
1,0,13,41,1,5,51,12,0,57,54,55,66,69,124
3,0,15,36,0,4,51,11,1,59,51,51,62,70,121
1,0,13,33,0,4,56,14,1,62,46,46,60,76,122
1,0,14,38,1,5,51,11,1,58,52,53,63,69,122
1,0,15,36,1,3,53,14,1,58,51,52,65,72,124
2,0,14,35,0,3,52,11,3,60,49,49,60,71,120
1,0,16,36,2,2,52,12,1,56,52,54,64,68,122
0,0,14,34,1,3,55,16,1,59,48,49,64,75,124
1,0,16,33,0,4,52,15,0,57,49,49,64,72,121
1,0,14,31,0,3,54,18,1,59,45,45,63,77,122
1,0,14,33,1,4,58,11,1,64,47,48,58,75,123
1,0,12,37,1,1,55,14,0,57,49,50,63,71,121
1,0,13,32,1,2,55,18,1,59,45,46,63,77,123
0,0,14,37,0,4,52,15,1,57,51,51,66,72,123
1,0,13,36,1,4,54,14,0,59,49,50,63,73,123
0,0,21,35,1,5,52,10,1,58,56,57,66,68,125
2,0,15,32,1,3,56,11,1,62,47,48,58,73,121
1,0,17,33,0,3,53,16,1,58,50,50,66,74,124
0,0,14,35,1,4,55,13,1,60,49,50,62,73,123
1,0,15,35,1,3,56,11,1,61,50,51,61,72,123
1,0,12,36,0,4,58,13,0,63,48,48,61,76,124
1,0,16,34,0,3,58,9,1,63,50,50,59,72,122
1,0,16,36,0,2,56,10,1,60,52,52,62,70,122
1,0,12,34,1,3,60,12,0,64,46,47,58,76,123
0,0,14,37,0,4,50,15,1,55,51,51,66,70,121
1,0,15,36,0,3,52,15,0,56,51,51,66,71,122
1,0,13,33,0,4,57,15,0,62,46,46,61,77,123
1,0,14,34,0,5,56,13,0,62,48,48,61,75,123
1,0,14,37,1,3,53,13,1,58,51,52,64,71,123
1,0,13,34,0,3,55,14,1,60,47,47,61,74,121
1,0,14,34,1,4,57,13,0,62,48,49,61,75,124
1,0,19,35,1,4,51,10,1,57,54,55,64,67,122
0,0,15,36,0,2,57,10,1,60,51,51,61,70,121
1,0,14,35,0,3,55,13,1,60,49,49,62,73,122
1,0,14,38,0,2,51,15,0,54,52,52,67,69,121
1,0,13,34,1,3,53,16,1,58,47,48,63,74,122
2,0,15,29,1,3,59,11,1,65,44,45,55,76,121
0,0,12,39,0,2,58,10,1,61,51,51,61,71,122
2,0,20,31,0,5,52,12,1,60,51,51,63,72,123
2,0,13,38,0,2,49,16,1,54,51,51,67,70,121
1,0,13,30,1,2,57,17,0,60,43,44,60,77,121
1,0,12,36,1,3,51,18,0,55,48,49,66,73,122
1,0,12,41,1,3,56,10,1,61,53,54,63,71,125
1,0,14,33,0,4,56,16,1,62,47,47,63,78,125
0,0,13,34,1,4,59,12,1,64,47,48,59,76,124
1,0,16,35,0,0,56,12,1,58,51,51,63,70,121
1,0,15,37,1,3,53,13,0,57,52,53,65,70,123
1,0,16,34,0,3,55,13,1,60,50,50,63,73,123
1,0,13,34,0,3,60,12,0,64,47,47,59,76,123
1,0,13,37,0,3,52,14,0,56,50,50,64,70,120
0,0,15,32,1,4,61,11,1,66,47,48,58,77,125
1,0,14,37,1,5,53,13,1,60,51,52,64,73,125
1,0,14,34,1,0,61,11,0,62,48,49,59,73,122
0,0,12,39,1,4,55,13,0,59,51,52,64,72,124
1,0,11,35,1,4,56,16,1,62,46,47,62,78,125
1,0,15,41,0,3,51,11,0,55,56,56,67,66,122
2,0,14,34,1,3,55,14,1,61,48,49,62,75,124
1,7,17,30,1,3,52,13,1,64,47,48,60,77,125
1,0,14,33,1,9,51,12,1,62,47,48,59,74,122
0,0,11,40,0,2,57,10,0,59,51,51,61,69,120
1,0,13,34,0,5,58,13,1,65,47,47,60,78,125
1,0,13,41,1,4,54,10,0,59,54,55,64,69,124
0,0,16,34,1,3,54,12,1,58,50,51,62,70,121
1,0,15,34,0,2,57,12,0,60,49,49,61,72,121
1,0,14,35,1,4,57,10,1,63,49,50,59,73,123
2,0,13,33,1,2,57,13,0,61,46,47,59,74,121
1,0,12,36,1,4,55,15,1,61,48,49,63,76,125
0,0,13,39,1,4,54,12,0,58,52,53,64,70,123
1,0,14,31,0,4,61,9,0,66,45,45,54,75,120
1,0,13,37,0,4,52,15,1,58,50,50,65,73,123
2,0,12,37,0,2,58,9,0,62,49,49,58,71,120
1,0,17,34,1,5,57,10,1,64,51,52,61,74,126
0,0,15,37,1,4,55,11,1,60,52,53,63,71,124
1,0,16,31,0,4,57,14,1,63,47,47,61,77,124
2,0,13,29,1,2,63,11,1,68,42,43,53,79,122
1,0,14,33,1,5,59,10,0,65,47,48,57,75,123
1,0,12,36,1,3,56,14,1,61,48,49,62,75,124
0,0,14,37,1,3,57,10,1,61,51,52,61,71,123
0,0,13,38,1,2,50,17,1,53,51,52,68,70,122
2,0,16,38,0,3,49,13,1,55,54,54,67,68,122
1,0,15,34,1,3,55,12,0,59,49,50,61,71,121
0,0,15,35,1,2,54,14,0,56,50,51,64,70,121
1,0,15,36,0,4,53,12,1,59,51,51,63,71,122
1,0,13,36,1,1,55,15,1,58,49,50,64,73,123
1,0,15,40,0,2,51,12,1,55,55,55,67,67,122
1,0,15,34,1,4,53,15,1,59,49,50,64,74,124
1,0,13,32,0,5,56,14,1,63,45,45,59,77,122
1,0,12,34,1,3,60,11,1,65,46,47,57,76,123
1,0,17,36,1,4,53,13,1,59,53,54,66,72,126
1,0,13,36,0,2,56,12,1,60,49,49,61,72,121
1,0,12,34,1,5,59,12,1,66,46,47,58,78,125
2,0,15,35,0,2,50,16,1,55,50,50,66,71,121
1,0,13,38,1,0,57,11,1,59,51,52,62,70,122
1,0,11,33,1,6,59,15,1,67,44,45,59,82,127
1,0,12,35,1,3,55,15,0,59,47,48,62,74,122
1,0,15,35,1,4,52,15,1,58,50,51,65,73,124
1,0,13,37,1,3,54,14,1,59,50,51,64,73,124
0,0,17,32,0,2,55,14,1,58,49,49,63,72,121
0,0,14,32,1,2,61,11,0,63,46,47,57,74,121
0,0,13,35,0,4,55,14,1,60,48,48,62,74,122
1,0,19,32,1,3,55,11,1,60,51,52,62,71,123
0,0,12,33,1,3,61,13,0,64,45,46,58,77,123
1,0,12,35,1,2,59,11,1,63,47,48,58,74,122
1,0,14,40,0,4,50,12,0,55,54,54,66,67,121
0,0,12,31,1,4,56,17,1,61,43,44,60,78,122
0,0,13,37,1,3,51,16,1,55,50,51,66,71,122
1,0,13,37,0,2,55,11,1,59,50,50,61,70,120
0,0,12,39,0,3,53,14,1,57,51,51,65,71,122
1,0,12,38,1,3,53,15,1,58,50,51,65,73,124
0,0,12,38,1,3,56,13,1,60,50,51,63,73,124
0,0,13,37,1,5,58,9,1,64,50,51,59,73,124
1,0,11,35,1,3,59,12,1,64,46,47,58,76,123
5,0,12,32,1,4,55,14,1,65,44,45,58,79,124
1,0,13,36,1,2,55,14,1,59,49,50,63,73,123
1,0,15,35,1,2,51,16,0,54,50,51,66,70,121
1,0,13,35,1,3,53,16,1,58,48,49,64,74,123
0,0,13,37,0,6,54,13,1,61,50,50,63,74,124
0,0,11,38,1,3,58,12,0,61,49,50,61,73,123
1,0,13,37,0,2,50,17,1,54,50,50,67,71,121
1,0,15,33,0,4,55,14,1,61,48,48,62,75,123
1,0,12,36,1,3,59,11,1,64,48,49,59,75,124
1,0,14,36,0,3,51,16,1,56,50,50,66,72,122
1,0,13,39,1,4,52,12,0,57,52,53,64,69,122
1,0,15,36,1,4,51,16,0,56,51,52,67,72,124
0,0,14,33,1,3,55,16,1,59,47,48,63,75,123
1,0,16,35,1,3,51,14,1,56,51,52,65,70,122
1,0,16,35,0,3,52,13,1,57,51,51,64,70,121
0,0,20,33,0,3,53,11,1,57,53,53,64,68,121
1,0,16,36,0,4,50,15,1,56,52,52,67,71,123
0,0,13,35,0,2,58,13,0,60,48,48,61,73,121
1,0,11,39,1,3,52,14,1,57,50,51,64,71,122
0,0,15,33,0,2,58,12,1,61,48,48,60,73,121
1,0,14,33,1,3,58,12,1,63,47,48,59,75,123
0,0,16,36,1,4,50,14,1,55,52,53,66,69,122
2,0,13,34,1,2,54,15,1,59,47,48,62,74,122
1,0,12,39,0,3,55,11,0,59,51,51,62,70,121
1,0,11,34,1,5,53,20,1,60,45,46,65,80,126
0,0,13,34,1,3,58,13,1,62,47,48,60,75,123
3,0,13,33,1,3,58,12,0,64,46,47,58,76,123
1,0,9,39,1,5,54,16,1,61,48,49,64,77,126
1,0,17,36,1,4,54,11,0,59,53,54,64,70,124
1,0,13,37,0,4,54,12,1,60,50,50,62,72,122
1,0,13,37,1,3,52,16,0,56,50,51,66,72,123
1,0,16,34,1,4,55,12,0,60,50,51,62,72,123
1,0,16,33,1,2,55,15,0,58,49,50,64,73,123
1,0,13,32,0,4,58,12,1,64,45,45,57,76,121
2,0,12,40,0,5,56,9,1,64,52,52,61,73,125
1,0,13,33,0,3,59,11,1,64,46,46,57,75,121
1,0,15,32,0,2,57,15,0,60,47,47,62,75,122
1,0,13,40,1,5,49,17,1,56,53,54,70,73,127
1,0,14,37,0,4,55,11,1,61,51,51,62,72,123
1,0,12,36,1,2,53,17,1,57,48,49,65,74,123
1,0,14,35,0,2,56,11,1,60,49,49,60,71,120
1,0,12,38,1,2,56,11,0,59,50,51,61,70,121
0,0,14,37,0,3,55,12,1,59,51,51,63,71,122
0,0,13,35,0,3,56,15,1,60,48,48,63,75,123
1,0,15,35,0,3,53,14,1,58,50,50,64,72,122
2,0,10,39,0,3,56,11,1,62,49,49,60,73,122
1,0,14,32,0,5,53,18,1,60,46,46,64,78,124
1,0,12,39,0,2,55,12,1,59,51,51,63,71,122
1,0,18,36,1,4,49,14,0,54,54,55,68,68,123
1,0,11,36,1,4,61,11,1,67,47,48,58,78,126
1,0,14,35,1,4,52,16,1,58,49,50,65,74,124
0,0,17,34,0,3,54,13,0,57,51,51,64,70,121
1,0,15,36,1,4,53,12,1,59,51,52,63,71,123
1,0,14,38,0,2,54,11,1,58,52,52,63,69,121
1,0,16,37,1,4,55,10,1,61,53,54,63,71,125
0,0,15,38,0,2,51,15,0,53,53,53,68,68,121
1,0,12,35,0,3,57,14,0,61,47,47,61,75,122
1,0,12,34,0,3,61,11,0,65,46,46,57,76,122
1,0,14,37,1,1,52,15,0,54,51,52,66,69,121
1,0,13,38,1,3,52,14,0,56,51,52,65,70,122
1,0,14,33,0,2,58,14,0,61,47,47,61,75,122
1,0,16,32,0,5,59,10,0,65,48,48,58,75,123
1,0,11,39,1,2,55,12,0,58,50,51,62,70,121
1,0,15,31,1,2,57,14,1,61,46,47,60,75,122
1,0,15,32,0,4,54,18,0,59,47,47,65,77,124
2,0,14,36,1,1,55,11,0,58,50,51,61,69,120
5,0,15,32,0,6,55,12,0,66,47,47,59,78,125
1,0,15,33,0,2,56,14,0,59,48,48,62,73,121
2,0,15,37,1,4,50,13,1,57,52,53,65,70,123
1,0,12,35,7,5,50,11,1,57,47,54,58,68,122
1,0,14,34,0,0,55,17,1,57,48,48,65,74,122
2,0,14,33,1,4,57,13,0,63,47,48,60,76,124
0,0,13,35,1,4,60,11,1,65,48,49,59,76,125
1,0,14,36,1,5,52,14,1,59,50,51,64,73,124
1,0,15,35,1,3,52,14,1,57,50,51,64,71,122
1,0,14,31,1,4,60,10,1,66,45,46,55,76,122
0,0,14,32,1,3,57,13,1,61,46,47,59,74,121
1,0,16,34,0,3,50,19,0,54,50,50,69,73,123
1,0,13,32,0,4,56,13,1,62,45,45,58,75,120
1,0,14,37,1,3,52,15,1,57,51,52,66,72,124
1,0,12,34,1,4,57,15,1,63,46,47,61,78,125
1,0,14,33,1,3,54,16,1,59,47,48,63,75,123
1,0,13,38,1,2,46,20,1,50,51,52,71,70,122
2,0,14,32,0,4,57,12,0,63,46,46,58,75,121
1,0,11,32,1,4,61,13,1,67,43,44,56,80,124
2,0,16,32,1,4,49,19,1,56,48,49,67,75,124
2,0,14,29,0,3,57,15,0,62,43,43,58,77,120
1,0,12,34,0,4,53,19,0,58,46,46,65,77,123
1,0,13,38,1,1,53,14,1,56,51,52,65,70,122
1,0,14,36,0,3,52,15,1,57,50,50,65,72,122
2,0,13,35,0,3,55,13,1,61,48,48,61,74,122
1,0,13,38,1,3,54,13,1,59,51,52,64,72,124
0,0,17,38,0,0,50,15,0,50,55,55,70,65,120
1,0,14,36,0,2,55,13,0,58,50,50,63,71,121
1,0,11,33,2,4,56,15,1,62,44,46,59,77,123
0,0,14,38,1,0,48,19,1,49,52,53,71,68,121
1,0,17,37,1,1,50,14,1,53,54,55,68,67,122
2,0,12,35,0,0,59,12,0,61,47,47,59,73,120
2,0,13,40,0,4,52,12,1,59,53,53,65,71,124
0,0,14,33,0,4,59,13,1,64,47,47,60,77,124
1,0,12,36,0,4,57,13,1,63,48,48,61,76,124
1,0,14,31,1,4,58,14,1,64,45,46,59,78,124
0,0,15,37,1,1,59,8,0,60,52,53,60,68,121
1,0,17,36,1,3,51,13,0,55,53,54,66,68,122
1,0,13,31,0,4,59,14,0,64,44,44,58,78,122
2,0,11,36,0,2,58,11,0,62,47,47,58,73,120
1,0,14,35,1,2,53,16,1,57,49,50,65,73,123
1,0,14,36,0,2,57,11,1,61,50,50,61,72,122
3,0,12,34,0,4,55,14,1,63,46,46,60,77,123
1,0,15,39,1,4,51,12,1,57,54,55,66,69,124
2,0,15,33,1,4,56,12,0,62,48,49,60,74,123
0,0,13,34,0,3,58,12,0,61,47,47,59,73,120
1,0,13,35,0,5,56,12,1,63,48,48,60,75,123
1,0,12,34,0,3,60,11,0,64,46,46,57,75,121
1,0,13,40,0,4,53,12,1,59,53,53,65,71,124
1,0,18,36,0,2,48,15,1,52,54,54,69,67,121
2,0,15,35,0,3,48,18,0,53,50,50,68,71,121
0,0,12,35,0,4,56,13,1,61,47,47,60,74,121
1,0,16,35,0,3,55,12,1,60,51,51,63,72,123
1,0,13,37,0,1,57,12,1,60,50,50,62,72,122
1,0,14,30,1,3,60,12,1,65,44,45,56,77,122
1,0,12,40,1,3,51,14,0,55,52,53,66,69,122
2,0,17,35,1,4,50,14,1,57,52,53,66,71,124
0,0,15,34,1,2,56,13,1,59,49,50,62,72,122
1,0,15,33,1,3,56,12,1,61,48,49,60,73,122
1,0,15,30,1,3,58,11,2,64,45,46,56,75,121
1,0,14,39,1,3,52,13,1,57,53,54,66,70,124
1,0,16,33,1,5,51,15,1,58,49,50,64,73,123
1,0,13,35,0,4,52,17,0,57,48,48,65,74,122
1,0,16,34,1,5,56,11,1,63,50,51,61,74,125
1,0,14,37,0,3,54,12,0,58,51,51,63,70,121
1,0,18,37,1,2,50,13,0,53,55,56,68,66,122
0,0,14,36,0,4,54,12,0,58,50,50,62,70,120
1,0,15,34,0,3,54,15,0,58,49,49,64,73,122
1,0,15,37,1,5,53,13,0,59,52,53,65,72,125
1,0,13,33,0,4,58,14,0,63,46,46,60,77,123
0,0,15,34,1,2,57,12,0,59,49,50,61,71,121
0,0,15,35,1,4,57,10,1,62,50,51,60,72,123
1,0,14,31,1,2,60,13,1,64,45,46,58,77,123
0,0,13,40,1,3,52,12,1,56,53,54,65,68,122
1,0,15,34,1,3,56,13,1,61,49,50,62,74,124
1,0,14,32,0,4,56,15,0,61,46,46,61,76,122
1,0,13,34,1,3,61,9,0,65,47,48,56,74,122
0,0,13,36,0,2,57,12,0,59,49,49,61,71,120
0,0,13,38,0,3,53,14,1,57,51,51,65,71,122
0,0,11,36,1,2,58,13,1,61,47,48,60,74,122
0,0,13,38,1,5,53,14,0,58,51,52,65,72,124
1,0,12,34,0,2,58,14,1,62,46,46,60,76,122
0,0,14,39,1,2,49,16,1,52,53,54,69,68,122
1,0,12,35,0,3,61,10,1,66,47,47,57,76,123
1,0,10,36,1,3,54,18,1,59,46,47,64,77,124
1,0,15,34,0,2,57,11,1,61,49,49,60,72,121
1,0,14,33,1,3,52,17,0,56,47,48,64,73,121
1,0,17,37,1,3,50,12,1,55,54,55,66,67,122
0,0,16,32,1,4,54,17,1,59,48,49,65,76,125
1,0,15,35,0,3,55,14,1,60,50,50,64,74,124
1,0,13,36,1,2,51,19,1,55,49,50,68,74,124
1,0,12,35,0,2,56,15,1,60,47,47,62,75,122
1,0,12,31,2,3,61,11,1,66,43,45,54,77,122
2,0,13,34,1,3,58,11,1,64,47,48,58,75,123
1,0,16,35,0,2,53,15,1,57,51,51,66,72,123
0,0,14,38,0,4,53,13,1,58,52,52,65,71,123
1,0,13,35,1,3,56,13,1,61,48,49,61,74,123
0,0,13,34,1,5,55,16,0,60,47,48,63,76,124
3,0,13,36,0,3,54,11,1,61,49,49,60,72,121
1,0,11,38,0,2,58,10,0,61,49,49,59,71,120
0,0,13,37,1,3,55,12,1,59,50,51,62,71,122
1,0,14,35,0,3,58,9,1,63,49,49,58,72,121
1,0,13,36,0,5,56,13,1,63,49,49,62,76,125
1,0,15,37,0,3,53,13,1,58,52,52,65,71,123
0,0,13,33,1,3,58,14,0,61,46,47,60,75,122
1,0,10,39,1,2,57,13,1,61,49,50,62,74,124
1,0,13,36,0,4,54,16,0,59,49,49,65,75,124
1,0,10,40,1,3,50,17,1,55,50,51,67,72,123
0,0,17,35,0,5,53,13,1,59,52,52,65,72,124
0,0,13,41,0,3,55,10,0,58,54,54,64,68,122
2,0,18,33,1,3,53,10,1,59,51,52,61,69,121
1,0,14,36,0,4,58,10,0,63,50,50,60,73,123
1,0,13,32,0,2,57,16,1,61,45,45,61,77,122
1,0,13,35,1,4,57,11,1,63,48,49,59,74,123
1,0,10,35,1,3,60,13,0,64,45,46,58,77,123
1,0,12,37,0,3,49,20,1,54,49,49,69,74,123
0,0,14,38,1,2,54,13,0,56,52,53,65,69,122
9,0,14,27,1,2,55,13,0,66,41,42,54,79,121
0,0,12,36,0,3,56,13,0,59,48,48,61,72,120
1,0,13,32,1,2,60,12,1,64,45,46,57,76,122
1,0,16,36,0,3,52,13,1,57,52,52,65,70,122
1,0,12,34,1,4,55,14,1,61,46,47,60,75,122
1,0,13,39,0,5,52,15,1,59,52,52,67,74,126
1,0,13,35,1,4,58,13,1,64,48,49,61,77,126
1,0,16,35,0,4,51,15,1,57,51,51,66,72,123
1,0,16,37,1,1,50,16,0,52,53,54,69,68,122
0,0,18,35,1,4,52,12,1,57,53,54,65,69,123
1,0,12,37,0,5,57,11,1,64,49,49,60,75,124
0,0,13,37,0,5,53,13,1,59,50,50,63,72,122
1,0,12,35,1,2,60,12,1,64,47,48,59,76,124
1,0,16,32,1,4,55,13,1,61,48,49,61,74,123
2,0,17,32,1,4,56,11,0,62,49,50,60,73,123
1,0,13,32,1,4,58,12,0,63,45,46,57,75,121
1,0,15,37,0,2,56,10,0,59,52,52,62,69,121
1,0,12,35,1,2,60,11,1,64,47,48,58,75,123
2,0,16,31,0,4,50,19,1,57,47,47,66,76,123
1,0,12,36,1,3,58,10,0,62,48,49,58,72,121
1,0,17,36,0,4,50,15,0,55,53,53,68,70,123
1,0,14,33,0,3,57,13,1,62,47,47,60,75,122
2,0,14,33,1,4,57,13,1,64,47,48,60,77,125
1,0,17,31,1,2,57,13,1,61,48,49,61,74,123
1,0,12,36,1,5,58,11,0,64,48,49,59,75,124
0,0,15,36,1,4,53,14,1,58,51,52,65,72,124
2,0,10,37,1,4,56,13,1,63,47,48,60,76,124
1,0,16,33,1,4,56,14,0,61,49,50,63,75,125
1,0,18,34,1,2,52,14,1,56,52,53,66,70,123
1,0,14,35,1,3,53,15,1,58,49,50,64,73,123
1,0,13,36,0,2,55,14,1,59,49,49,63,73,122
1,0,15,35,1,3,54,13,1,59,50,51,63,72,123
1,0,16,35,0,5,55,12,0,61,51,51,63,73,124
1,0,15,36,0,4,49,17,0,54,51,51,68,71,122
1,0,13,35,0,3,55,14,0,59,48,48,62,73,121
2,0,14,34,0,3,57,10,1,63,48,48,58,73,121
1,0,14,38,0,4,51,13,1,57,52,52,65,70,122
1,0,17,36,0,3,50,16,1,55,53,53,69,71,124
0,0,13,35,0,4,55,13,0,59,48,48,61,72,120
1,0,13,39,0,2,49,16,0,52,52,52,68,68,120
1,0,16,38,0,3,50,14,1,55,54,54,68,69,123
2,0,13,35,1,2,53,14,0,57,48,49,62,71,120
0,0,17,38,0,2,47,17,0,49,55,55,72,66,121
2,0,14,37,0,2,51,14,0,55,51,51,65,69,120
1,0,14,34,1,3,57,12,1,62,48,49,60,74,123
1,0,13,35,0,3,56,14,0,60,48,48,62,74,122
1,0,12,35,0,4,58,13,0,63,47,47,60,76,123
1,0,14,34,1,5,55,13,0,61,48,49,61,74,123
1,0,13,38,1,2,54,13,1,58,51,52,64,71,123
1,0,15,32,0,3,57,12,1,62,47,47,59,74,121
0,0,14,33,0,3,56,14,1,60,47,47,61,74,121
2,0,17,33,0,4,55,12,0,61,50,50,62,73,123
1,0,13,35,0,4,56,14,1,62,48,48,62,76,124
1,0,12,36,0,4,54,15,0,59,48,48,63,74,122
1,0,18,33,1,4,54,10,1,60,51,52,61,70,122
1,0,14,42,0,4,51,12,1,57,56,56,68,69,125
1,0,13,36,0,4,53,13,1,59,49,49,62,72,121
0,0,15,38,0,2,49,17,1,52,53,53,70,69,122
0,0,14,35,0,5,51,18,0,56,49,49,67,74,123
1,0,11,37,0,3,58,10,0,62,48,48,58,72,120
1,0,14,34,1,2,59,10,1,63,48,49,58,73,122
1,0,14,38,0,5,52,15,1,59,52,52,67,74,126
1,0,12,37,1,3,53,14,1,58,49,50,63,72,122
1,0,12,38,0,4,55,12,0,60,50,50,62,72,122
1,0,13,36,1,4,57,10,1,63,49,50,59,73,123
1,0,13,32,0,3,60,13,1,65,45,45,58,78,123
1,0,15,32,0,3,55,14,0,59,47,47,61,73,120
1,0,12,34,0,3,61,11,0,65,46,46,57,76,122
1,0,11,37,1,3,57,13,1,62,48,49,61,75,124
1,0,13,37,1,2,53,14,1,57,50,51,64,71,122
0,0,15,36,0,4,52,13,0,56,51,51,64,69,120
1,0,11,38,0,2,56,12,1,60,49,49,61,72,121
1,0,13,34,1,3,56,14,1,61,47,48,61,75,123
1,0,10,34,0,3,64,9,1,69,44,44,53,78,122
0,0,16,34,0,2,54,13,1,57,50,50,63,70,120
1,0,12,36,0,5,54,14,0,60,48,48,62,74,122
1,0,12,35,0,2,56,14,1,60,47,47,61,74,121
2,0,11,35,0,2,59,12,1,64,46,46,58,76,122
1,0,15,31,1,5,54,17,1,61,46,47,63,78,125
0,0,14,33,1,3,58,13,1,62,47,48,60,75,123
1,0,14,41,0,0,50,15,0,51,55,55,70,66,121
1,0,15,33,1,3,57,12,0,61,48,49,60,73,122
1,0,10,38,0,5,57,14,1,64,48,48,62,78,126
1,0,14,36,1,3,53,15,1,58,50,51,65,73,124
0,0,15,37,1,5,50,16,0,55,52,53,68,71,124
1,0,14,40,1,2,53,12,1,57,54,55,66,69,124
1,0,16,34,1,3,56,11,1,61,50,51,61,72,123
1,0,15,33,1,2,54,16,0,57,48,49,64,73,122
2,0,13,31,0,3,61,11,0,66,44,44,55,77,121
1,0,12,36,1,2,57,14,0,60,48,49,62,74,123
1,0,14,35,1,5,55,12,0,61,49,50,61,73,123
1,0,14,40,1,2,51,13,1,55,54,55,67,68,123
1,0,15,34,1,2,56,13,1,60,49,50,62,73,123
1,0,12,39,1,6,55,10,0,62,51,52,61,72,124
1,0,17,37,0,3,51,14,1,56,54,54,68,70,124
0,0,13,37,0,3,53,14,1,57,50,50,64,71,121
1,0,14,33,0,3,60,9,0,64,47,47,56,73,120
1,0,15,40,0,3,50,13,1,55,55,55,68,68,123
2,0,12,33,1,3,59,12,1,65,45,46,57,77,123
1,0,19,36,1,4,50,11,1,56,55,56,66,67,123
1,0,16,38,1,5,48,16,1,55,54,55,70,71,126
1,0,16,35,0,6,54,13,0,61,51,51,64,74,125
0,0,12,39,1,4,55,11,1,60,51,52,62,71,123
1,0,12,36,1,3,59,10,0,63,48,49,58,73,122
1,0,13,37,0,3,52,14,1,57,50,50,64,71,121
1,0,15,35,0,2,54,14,0,57,50,50,64,71,121
1,0,15,34,0,4,58,11,1,64,49,49,60,75,124
1,0,14,37,0,3,53,12,1,58,51,51,63,70,121
1,0,12,32,0,4,58,16,1,64,44,44,60,80,124
0,0,15,34,0,4,56,14,0,60,49,49,63,74,123
1,0,16,36,0,3,53,12,0,57,52,52,64,69,121
1,0,13,38,1,2,52,14,1,56,51,52,65,70,122
1,0,13,39,1,3,50,15,0,54,52,53,67,69,122
1,0,16,30,1,2,55,16,1,59,46,47,62,75,122
0,0,15,31,0,4,60,12,1,65,46,46,58,77,123
1,0,15,37,0,5,52,14,0,58,52,52,66,72,124
1,0,9,35,0,4,61,13,1,67,44,44,57,80,124
1,0,14,36,0,4,54,15,0,59,50,50,65,74,124
1,0,13,35,0,2,56,13,0,59,48,48,61,72,120
0,0,16,34,0,5,56,12,1,62,50,50,62,74,124
1,0,14,34,1,2,55,15,0,58,48,49,63,73,122
1,0,11,37,0,4,58,12,0,63,48,48,60,75,123
1,0,13,35,0,1,59,11,1,62,48,48,59,73,121
1,0,11,39,0,4,51,16,0,56,50,50,66,72,122
1,0,17,33,1,2,53,14,1,57,50,51,64,71,122
1,0,14,38,0,1,50,16,0,52,52,52,68,68,120
1,0,12,34,1,3,56,15,0,60,46,47,61,75,122
1,0,13,33,1,2,58,14,0,61,46,47,60,75,122
1,0,15,35,1,0,56,14,0,57,50,51,64,71,122
0,0,13,36,0,4,55,14,0,59,49,49,63,73,122
1,0,14,36,0,5,56,11,1,63,50,50,61,74,124
1,0,16,33,1,4,54,13,0,59,49,50,62,72,122
1,0,13,38,0,4,49,18,1,55,51,51,69,73,124
1,0,12,38,1,2,58,9,0,61,50,51,59,70,121
1,0,21,35,1,2,48,13,1,52,56,57,69,65,122
2,0,14,35,1,4,48,19,0,54,49,50,68,73,123
0,0,11,38,0,4,56,11,1,61,49,49,60,72,121
1,0,11,36,0,3,54,15,1,59,47,47,62,74,121
1,0,15,30,0,5,57,15,1,64,45,45,60,79,124
1,0,12,38,0,4,55,10,0,60,50,50,60,70,120
1,0,15,37,1,4,52,14,0,57,52,53,66,71,124
1,0,15,36,0,0,59,10,0,60,51,51,61,70,121
4,0,15,33,0,5,53,13,0,62,48,48,61,75,123
0,0,14,36,0,4,50,16,1,55,50,50,66,71,121
1,0,13,37,0,3,55,13,0,59,50,50,63,72,122
0,0,13,32,0,4,60,14,1,65,45,45,59,79,124
1,0,13,37,0,3,55,14,0,59,50,50,64,73,123
1,0,16,35,1,2,54,13,1,58,51,52,64,71,123
1,0,17,32,1,5,54,13,0,60,49,50,62,73,123
1,0,16,39,1,4,53,10,1,59,55,56,65,69,125
1,0,13,37,0,3,58,10,1,63,50,50,60,73,123
1,0,14,37,0,2,54,13,0,57,51,51,64,70,121
1,0,17,35,0,2,54,10,2,59,52,52,62,69,121
1,0,17,32,0,2,55,13,1,59,49,49,62,72,121
0,0,17,35,0,2,54,12,1,57,52,52,64,69,121
0,0,14,33,0,4,58,13,1,63,47,47,60,76,123
1,0,14,33,0,3,55,17,1,60,47,47,64,77,124
1,0,13,32,1,6,62,11,1,70,45,46,56,81,127
1,0,13,34,0,2,51,19,1,55,47,47,66,74,121
1,0,12,42,1,3,52,10,0,56,54,55,64,66,121
1,0,15,37,0,3,53,11,1,58,52,52,63,69,121
1,0,13,32,1,3,56,16,0,60,45,46,61,76,122
1,0,13,34,1,4,56,14,0,61,47,48,61,75,123
1,0,12,36,0,2,58,11,1,62,48,48,59,73,121
1,0,15,37,0,1,55,11,0,57,52,52,63,68,120
1,0,15,37,1,5,53,12,0,59,52,53,64,71,124
1,0,12,37,1,3,54,13,1,59,49,50,62,72,122
1,0,14,31,1,2,60,10,3,66,45,46,55,76,122
1,0,12,35,1,5,58,13,0,64,47,48,60,77,125
0,0,15,30,0,4,62,11,1,67,45,45,56,78,123
1,0,13,37,0,4,54,12,1,60,50,50,62,72,122
1,0,12,36,1,5,54,15,1,61,48,49,63,76,125
0,0,12,37,0,5,54,14,1,60,49,49,63,74,123
0,0,16,35,0,3,55,13,0,58,51,51,64,71,122
1,0,14,36,0,2,55,12,1,59,50,50,62,71,121
1,0,13,34,1,4,56,12,1,62,47,48,59,74,122
0,0,12,35,1,2,56,15,1,59,47,48,62,74,122
1,0,12,40,0,4,49,16,1,55,52,52,68,71,123
1,0,14,33,1,2,57,14,1,61,47,48,61,75,123
1,0,16,35,1,4,49,17,1,55,51,52,68,72,124
1,0,13,40,0,4,50,15,1,56,53,53,68,71,124
1,0,18,39,0,3,46,14,1,51,57,57,71,65,122
0,0,13,36,1,3,55,15,0,58,49,50,64,73,123
1,0,15,34,0,3,55,13,0,59,49,49,62,72,121
1,0,15,33,0,3,56,14,1,61,48,48,62,75,123
1,0,14,35,1,4,53,14,1,59,49,50,63,73,123
1,0,17,34,0,5,52,13,1,59,51,51,64,72,123
1,0,14,36,0,3,57,12,1,62,50,50,62,74,124
1,0,15,37,0,3,55,11,1,60,52,52,63,71,123
0,0,12,34,0,6,58,10,1,65,46,46,56,75,121
1,0,12,41,1,2,51,14,1,55,53,54,67,69,123
1,0,20,36,0,3,47,15,0,51,56,56,71,66,122
0,0,15,36,0,3,52,14,1,56,51,51,65,70,121
0,0,10,38,0,2,56,14,1,59,48,48,62,73,121
1,0,11,35,1,5,56,17,1,63,46,47,63,80,127
1,0,12,40,0,2,53,14,1,57,52,52,66,71,123
0,0,19,33,1,2,52,13,1,55,52,53,65,68,121
1,0,13,32,1,4,59,13,0,64,45,46,58,77,123
0,0,16,36,0,3,52,14,1,56,52,52,66,70,122
1,0,13,40,1,3,50,14,1,55,53,54,67,69,123
1,0,16,35,0,3,52,14,1,57,51,51,65,71,122
1,0,14,33,1,3,53,17,1,58,47,48,64,75,123
2,0,12,33,1,2,58,13,1,63,45,46,58,76,122
1,0,12,36,0,4,54,16,0,59,48,48,64,75,123
0,0,17,40,1,3,49,13,0,52,57,58,70,65,123
1,0,16,34,0,4,53,14,0,58,50,50,64,72,122
1,0,13,34,0,1,56,15,1,59,47,47,62,74,121
1,0,16,32,0,4,57,10,1,63,48,48,58,73,121
1,0,16,36,0,3,53,13,1,58,52,52,65,71,123
1,0,12,39,1,4,53,12,0,58,51,52,63,70,122
1,0,10,39,0,4,52,16,1,58,49,49,65,74,123
0,0,13,35,1,4,56,14,0,60,48,49,62,74,123
2,0,12,31,1,4,57,14,1,64,43,44,57,78,122
8,0,18,29,1,3,51,12,0,62,47,48,59,74,122
1,0,13,34,1,2,59,12,1,63,47,48,59,75,123
1,0,14,37,1,3,52,15,1,57,51,52,66,72,124
1,0,13,38,0,3,52,13,0,56,51,51,64,69,120
1,0,11,36,1,4,58,11,1,64,47,48,58,75,123
1,0,9,37,1,5,59,11,1,66,46,47,57,77,124
1,0,13,36,0,4,57,12,1,63,49,49,61,75,124
0,0,15,33,0,0,61,11,0,61,48,48,59,72,120
6,0,13,37,0,2,54,8,1,63,50,50,58,71,121
1,0,13,35,1,3,55,14,1,60,48,49,62,74,123
1,0,14,34,1,4,53,17,0,58,48,49,65,75,124
1,0,21,33,0,5,51,13,0,57,54,54,67,70,124
2,0,14,35,0,3,51,16,1,57,49,49,65,73,122
1,0,14,38,0,2,54,12,1,58,52,52,64,70,122
1,0,15,35,1,3,57,9,1,62,50,51,59,71,122
2,0,13,37,1,4,52,14,0,58,50,51,64,72,123
1,0,13,39,1,2,54,12,1,58,52,53,64,70,123
0,0,15,37,1,3,51,13,1,55,52,53,65,68,121
1,0,13,35,0,6,52,13,1,60,48,48,61,73,121
1,0,13,37,1,5,57,10,1,64,50,51,60,74,125
1,0,13,35,0,2,54,15,1,58,48,48,63,73,121
2,0,13,33,0,2,60,10,1,65,46,46,56,75,121
1,0,11,37,0,4,57,12,1,63,48,48,60,75,123
1,0,14,37,0,5,51,15,1,58,51,51,66,73,124
0,0,12,39,0,3,53,15,0,56,51,51,66,71,122
0,0,15,32,0,4,58,13,0,62,47,47,60,75,122
2,0,14,33,0,4,54,16,0,60,47,47,63,76,123
1,0,11,39,1,3,58,10,1,63,50,51,60,73,124
2,0,10,32,0,2,61,13,1,66,42,42,55,79,121
1,0,15,38,1,3,51,13,0,55,53,54,66,68,122
1,0,15,37,1,4,53,13,1,59,52,53,65,72,125
1,0,15,34,1,3,52,16,1,57,49,50,65,73,123
0,0,14,34,1,4,58,11,1,63,48,49,59,74,123
2,0,14,39,1,0,51,14,1,54,53,54,67,68,122
1,0,14,37,1,5,50,14,1,57,51,52,65,71,123
1,0,17,31,0,3,56,13,1,61,48,48,61,74,122
0,0,15,35,0,3,56,13,1,60,50,50,63,73,123
1,0,16,32,1,3,56,14,0,60,48,49,62,74,123
0,0,11,36,1,4,52,19,1,57,47,48,66,76,124
1,0,15,40,0,3,49,13,1,54,55,55,68,67,122
1,0,20,30,1,4,52,15,1,58,50,51,65,73,124
1,0,10,36,1,3,57,15,1,62,46,47,61,77,124
1,0,15,34,0,3,57,12,0,61,49,49,61,73,122
1,0,13,37,0,3,55,12,0,59,50,50,62,71,121
0,0,13,34,0,3,56,15,1,60,47,47,62,75,122
2,0,15,36,1,4,49,15,0,55,51,52,66,70,122
1,0,17,32,0,3,54,14,0,58,49,49,63,72,121
1,0,11,32,0,3,58,15,0,62,43,43,58,77,120
1,0,17,33,1,3,55,12,1,60,50,51,62,72,123
0,0,11,34,0,3,53,20,0,56,45,45,65,76,121
1,0,16,36,1,3,53,12,0,57,52,53,64,69,122
1,0,12,39,0,2,53,14,1,57,51,51,65,71,122
1,0,13,39,0,3,51,15,1,56,52,52,67,71,123
1,0,18,35,1,2,49,15,1,53,53,54,68,68,122
2,0,11,39,0,2,50,16,1,55,50,50,66,71,121
0,0,16,28,0,3,61,12,1,65,44,44,56,77,121
1,0,13,36,0,2,57,13,1,61,49,49,62,74,123
1,0,16,38,1,4,50,14,0,55,54,55,68,69,124
1,0,13,37,0,3,52,16,0,56,50,50,66,72,122
1,0,12,34,1,2,57,16,1,61,46,47,62,77,124
1,0,13,37,0,4,51,16,1,57,50,50,66,73,123
1,0,15,32,0,3,58,12,1,63,47,47,59,75,122
1,0,14,41,0,3,51,12,0,55,55,55,67,67,122
0,0,13,36,0,1,59,11,0,60,49,49,60,71,120
1,0,16,33,1,3,57,13,0,61,49,50,62,74,124
1,0,12,35,1,2,55,15,0,58,47,48,62,73,121
1,0,13,37,0,4,56,11,1,62,50,50,61,73,123
1,0,11,39,0,1,54,14,1,57,50,50,64,71,121
0,0,12,34,1,2,57,14,1,60,46,47,60,74,121
1,0,14,38,1,4,53,14,0,58,52,53,66,72,125
1,0,12,38,1,2,56,12,0,59,50,51,62,71,122
1,0,15,40,1,4,51,12,1,57,55,56,67,69,125
1,0,15,33,0,3,57,13,0,61,48,48,61,74,122
1,0,16,34,1,4,54,11,1,60,50,51,61,71,122
0,0,12,35,1,3,58,14,1,62,47,48,61,76,124
1,0,14,37,0,4,51,12,2,58,51,51,63,70,121
1,0,16,35,0,4,51,17,1,57,51,51,68,74,125
0,0,11,37,0,3,61,10,1,65,48,48,58,75,123
1,0,14,34,0,1,53,17,0,55,48,48,65,72,120
1,0,11,38,0,2,57,12,1,61,49,49,61,73,122
1,0,10,36,0,5,56,14,0,62,46,46,60,76,122
0,0,19,33,1,3,54,12,1,58,52,53,64,70,123
1,0,13,33,0,0,61,12,1,63,46,46,58,75,121
1,0,12,37,0,2,57,11,1,61,49,49,60,72,121
0,0,15,36,0,2,54,12,1,57,51,51,63,69,120
1,0,11,33,0,2,58,15,1,62,44,44,59,77,121
1,0,14,36,0,4,53,15,1,59,50,50,65,74,124
2,0,17,32,2,4,50,14,0,56,49,51,63,70,121
0,0,15,37,1,4,49,16,1,54,52,53,68,70,123
2,0,14,34,0,4,53,13,0,59,48,48,61,72,120
2,0,17,30,0,4,55,14,1,62,47,47,61,76,123
1,0,11,40,0,3,52,16,1,57,51,51,67,73,124
1,0,15,36,1,4,52,14,1,58,51,52,65,72,124
1,0,14,32,1,6,55,16,1,63,46,47,62,79,126
1,0,13,39,0,5,48,18,1,55,52,52,70,73,125
1,0,13,36,1,5,57,12,1,64,49,50,61,76,126
1,0,14,32,1,2,60,11,0,63,46,47,57,74,121
1,0,14,35,0,3,57,11,0,61,49,49,60,72,121
1,0,12,34,1,3,59,11,1,64,46,47,57,75,122
0,6,15,33,1,3,52,11,1,62,48,49,59,73,122
1,0,12,36,1,4,57,12,1,63,48,49,60,75,124
0,0,12,36,1,3,55,15,0,58,48,49,63,73,122
1,0,13,37,1,6,57,11,0,64,50,51,61,75,126
1,0,17,38,0,3,49,13,0,53,55,55,68,66,121
0,0,15,33,0,3,56,15,1,60,48,48,63,75,123
1,0,13,37,1,2,55,13,0,58,50,51,63,71,122
1,0,17,37,0,3,52,10,0,56,54,54,64,66,120
1,0,13,32,1,3,54,16,1,59,45,46,61,75,121
1,0,11,36,0,2,58,13,1,62,47,47,60,75,122
1,0,15,31,1,3,55,16,1,60,46,47,62,76,123
1,0,15,34,1,4,54,14,0,59,49,50,63,73,123
1,0,12,34,1,4,52,20,1,58,46,47,66,78,125
1,0,18,38,0,3,47,15,1,52,56,56,71,67,123
1,0,16,34,0,3,56,10,1,61,50,50,60,71,121
0,0,15,36,1,3,55,12,1,59,51,52,63,71,123
0,0,21,34,1,3,50,12,1,54,55,56,67,66,122
1,0,18,35,1,1,50,13,1,53,53,54,66,66,120
1,0,14,32,1,4,56,15,0,61,46,47,61,76,123
1,0,16,33,0,3,55,14,0,59,49,49,63,73,122
0,0,17,35,0,5,54,12,1,60,52,52,64,72,124
1,0,16,34,1,1,53,15,0,55,50,51,65,70,121
1,0,12,37,1,4,54,13,0,59,49,50,62,72,122
1,0,12,38,1,3,56,12,1,61,50,51,62,73,124
1,0,12,32,1,3,60,13,1,65,44,45,57,78,123
0,0,15,37,1,6,50,12,0,56,52,53,64,68,121
1,0,12,36,0,4,54,14,0,59,48,48,62,73,121
0,0,15,41,0,2,53,10,0,55,56,56,66,65,121
1,0,13,37,1,3,56,10,1,61,50,51,60,71,122
1,0,10,39,1,4,54,13,0,59,49,50,62,72,122
1,0,18,35,1,4,51,13,0,56,53,54,66,69,123
1,0,16,29,0,4,56,17,1,62,45,45,62,79,124
1,0,13,32,1,2,56,17,1,60,45,46,62,77,123
1,0,14,35,1,3,56,11,0,60,49,50,60,71,121
0,0,14,37,0,5,52,14,1,58,51,51,65,72,123
1,0,12,39,0,4,53,13,1,59,51,51,64,72,123
1,0,13,34,1,2,58,12,1,62,47,48,59,74,122
1,0,15,38,1,3,49,16,1,54,53,54,69,70,124
1,0,11,39,0,2,56,11,1,60,50,50,61,71,121
1,0,12,36,1,2,59,10,1,63,48,49,58,73,122
1,0,15,36,0,3,55,13,0,59,51,51,64,72,123
1,0,13,36,1,4,58,10,0,63,49,50,59,73,123
1,0,14,35,1,3,57,11,1,62,49,50,60,73,123
1,0,14,37,0,3,51,15,1,56,51,51,66,71,122
1,0,12,35,1,3,55,15,1,60,47,48,62,75,123
1,0,13,37,0,3,53,14,1,58,50,50,64,72,122
1,0,15,36,1,5,53,13,0,59,51,52,64,72,124
1,0,11,34,1,4,58,15,1,64,45,46,60,79,125
0,0,14,33,1,5,59,12,0,64,47,48,59,76,124
1,0,15,37,0,3,53,11,0,57,52,52,63,68,120
1,0,15,36,1,3,56,12,0,60,51,52,63,72,124
1,0,12,40,1,1,53,13,0,55,52,53,65,68,121
1,0,16,32,1,3,57,12,0,61,48,49,60,73,122
1,0,21,29,1,3,53,13,1,58,50,51,63,71,122
2,0,15,35,0,3,52,15,0,57,50,50,65,72,122
0,0,16,34,0,2,51,17,1,54,50,50,67,71,121
1,0,10,37,1,3,61,10,0,65,47,48,57,75,123
1,0,13,31,1,4,60,12,0,65,44,45,56,77,122
0,0,12,36,0,5,56,15,0,61,48,48,63,76,124
2,0,11,35,1,3,57,12,1,63,46,47,58,75,122
1,0,15,34,0,2,55,14,1,59,49,49,63,73,122
1,0,12,35,0,3,58,14,0,62,47,47,61,76,123
1,0,13,36,1,3,53,16,1,58,49,50,65,74,124
1,0,18,35,0,2,49,15,0,52,53,53,68,67,120
1,0,12,34,0,4,55,16,0,60,46,46,62,76,122
1,0,12,34,1,3,56,15,1,61,46,47,61,76,123
1,0,15,34,1,4,51,15,1,57,49,50,64,72,122
0,0,16,34,1,3,54,15,1,58,50,51,65,73,124
1,0,14,37,1,4,54,14,0,59,51,52,65,73,125
1,0,16,32,1,2,53,17,1,57,48,49,65,74,123
2,0,10,36,0,4,59,12,1,66,46,46,58,78,124
2,0,14,35,1,3,53,14,1,59,49,50,63,73,123
1,0,13,37,0,5,56,12,1,63,50,50,62,75,125
1,0,19,33,0,2,54,12,1,58,52,52,64,70,122
1,0,14,39,1,3,52,12,1,57,53,54,65,69,123
1,0,14,33,0,3,55,12,2,61,47,47,59,73,120
1,0,15,37,1,5,54,11,0,60,52,53,63,71,124
1,0,13,36,0,3,56,12,1,61,49,49,61,73,122
1,0,15,35,0,2,54,14,1,58,50,50,64,72,122
1,0,15,36,0,3,50,16,0,54,51,51,67,70,121
1,0,12,35,1,2,56,14,0,59,47,48,61,73,121
0,0,15,35,0,3,55,14,1,59,50,50,64,73,123
1,0,17,32,0,4,53,15,1,59,49,49,64,74,123
1,0,14,36,1,4,54,11,1,60,50,51,61,71,122
2,0,16,31,1,1,56,13,1,60,47,48,60,73,121
1,0,14,36,0,3,59,9,1,64,50,50,59,73,123
1,0,14,34,1,3,58,13,0,62,48,49,61,75,124
1,0,16,33,1,4,55,13,1,61,49,50,62,74,124
0,0,12,37,0,2,55,15,1,58,49,49,64,73,122
0,0,15,37,1,4,51,14,1,56,52,53,66,70,123
2,0,15,34,3,4,49,16,1,56,49,52,65,72,124
1,0,12,39,1,2,54,13,0,57,51,52,64,70,122
1,0,14,34,0,4,56,14,0,61,48,48,62,75,123
0,0,11,37,1,3,54,15,1,58,48,49,63,73,122
1,0,18,32,0,2,53,13,1,57,50,50,63,70,120
1,0,12,37,0,4,57,12,1,63,49,49,61,75,124
1,0,13,33,0,4,59,11,1,65,46,46,57,76,122
1,0,13,32,0,4,56,16,1,62,45,45,61,78,123
1,0,15,33,1,5,57,12,1,64,48,49,60,76,125
1,0,19,33,1,4,52,12,1,58,52,53,64,70,123
1,0,13,37,1,3,52,16,1,57,50,51,66,73,124
2,0,14,35,0,3,55,11,1,61,49,49,60,72,121
1,0,14,35,0,5,55,13,0,61,49,49,62,74,123
1,0,17,33,1,4,47,18,1,53,50,51,68,71,122
0,0,13,38,1,2,55,12,1,58,51,52,63,70,122
1,0,12,39,0,5,54,10,0,60,51,51,61,70,121
0,0,15,38,1,0,51,16,0,51,53,54,69,67,121
1,0,16,33,1,4,51,17,0,56,49,50,66,73,123
1,0,13,37,0,2,55,13,1,59,50,50,63,72,122
1,0,12,34,0,4,56,16,1,62,46,46,62,78,124
1,0,14,32,1,1,56,15,1,59,46,47,61,74,121
1,0,13,34,0,5,60,11,1,67,47,47,58,78,125
1,0,16,33,1,2,52,17,1,56,49,50,66,73,123
1,0,14,38,1,2,50,16,1,54,52,53,68,70,123
0,0,13,38,0,4,56,11,0,60,51,51,62,71,122
0,0,19,33,1,3,51,14,0,54,52,53,66,68,121
1,0,13,38,0,3,53,13,0,57,51,51,64,70,121
1,0,16,34,0,2,53,15,1,57,50,50,65,72,122
1,0,16,35,0,3,55,11,0,59,51,51,62,70,121
1,0,14,38,0,2,50,15,1,54,52,52,67,69,121
1,0,15,39,0,3,51,13,0,55,54,54,67,68,122
3,0,13,30,1,3,59,12,1,66,43,44,55,78,122
1,0,11,35,1,3,55,16,1,60,46,47,62,76,123
2,0,13,34,0,4,53,16,0,59,47,47,63,75,122
2,0,16,29,1,3,55,14,1,61,45,46,59,75,121
2,0,14,36,0,4,51,14,1,58,50,50,64,72,122
1,0,13,38,0,1,51,16,1,54,51,51,67,70,121
2,0,16,33,1,3,54,13,1,60,49,50,62,73,123
1,0,15,34,1,3,55,13,0,59,49,50,62,72,122
1,0,15,36,0,4,54,12,0,59,51,51,63,71,122
0,0,14,37,1,2,50,17,1,53,51,52,68,70,122
1,0,19,29,0,4,57,11,0,62,48,48,59,73,121
1,0,13,37,0,5,52,13,0,58,50,50,63,71,121
1,0,13,39,1,2,55,11,0,58,52,53,63,69,122
1,0,12,36,0,5,54,14,1,61,48,48,62,75,123
0,0,14,33,1,2,58,13,1,61,47,48,60,74,122
1,0,13,37,0,4,50,17,1,56,50,50,67,73,123
1,0,17,33,0,3,46,20,1,51,50,50,70,71,121
1,0,12,33,1,3,57,14,0,61,45,46,59,75,121
2,0,13,31,0,3,60,11,0,65,44,44,55,76,120
1,0,14,38,0,3,53,12,1,58,52,52,64,70,122
1,0,17,35,1,5,52,12,1,59,52,53,64,71,124
2,0,13,35,1,4,57,9,0,63,48,49,57,72,121
1,0,14,30,1,2,57,17,1,61,44,45,61,78,123
1,0,13,33,1,4,59,12,1,65,46,47,58,77,124
1,0,13,32,1,4,62,11,0,67,45,46,56,78,124
1,0,18,33,1,3,55,11,1,60,51,52,62,71,123
1,0,12,37,0,4,60,9,0,65,49,49,58,74,123
2,0,14,30,1,3,60,13,1,66,44,45,57,79,124
0,0,15,34,0,3,60,10,1,64,49,49,59,74,123
1,0,11,36,1,2,57,13,0,60,47,48,60,73,121
2,0,15,35,0,3,56,9,0,61,50,50,59,70,120
1,0,13,37,0,4,53,15,1,59,50,50,65,74,124
1,0,14,35,1,5,53,16,1,60,49,50,65,76,126
1,0,18,33,1,2,54,13,1,58,51,52,64,71,123
1,0,15,38,0,3,49,16,1,54,53,53,69,70,123
1,0,14,35,1,3,53,13,1,58,49,50,62,71,121
1,0,14,34,0,3,56,14,1,61,48,48,62,75,123
2,0,13,32,1,2,59,13,0,63,45,46,58,76,122
1,0,12,36,1,4,57,12,1,63,48,49,60,75,124
1,0,15,36,1,3,50,15,1,55,51,52,66,70,122
1,0,11,37,0,5,55,15,1,62,48,48,63,77,125
1,0,13,37,0,3,58,10,0,62,50,50,60,72,122
1,0,13,35,1,3,55,13,1,60,48,49,61,73,122
2,0,12,40,0,5,50,14,1,58,52,52,66,72,124
1,0,12,41,1,3,52,14,0,56,53,54,67,70,124
1,0,14,33,1,4,57,12,0,62,47,48,59,74,122
1,0,12,39,1,2,55,11,0,58,51,52,62,69,121
1,0,11,35,1,4,57,13,1,63,46,47,59,76,123
1,0,13,36,0,1,57,12,0,59,49,49,61,71,120
1,0,14,37,1,4,52,14,1,58,51,52,65,72,124
0,0,13,40,0,3,55,11,0,58,53,53,64,69,122
1,0,12,38,0,5,51,16,1,58,50,50,66,74,124
1,0,14,39,0,1,49,17,0,51,53,53,70,68,121
1,0,14,36,1,3,57,9,0,61,50,51,59,70,121
1,0,12,34,0,4,60,11,0,65,46,46,57,76,122
1,0,18,33,1,3,53,13,1,58,51,52,64,71,123
1,0,14,36,0,2,57,11,1,61,50,50,61,72,122
0,0,13,37,0,2,53,15,1,56,50,50,65,71,121
1,0,15,33,0,4,57,10,0,62,48,48,58,72,120
0,0,14,36,1,2,51,16,1,54,50,51,66,70,121
1,0,15,33,0,5,59,12,1,66,48,48,60,78,126
1,0,15,35,0,3,53,16,0,57,50,50,66,73,123
1,0,14,37,0,4,54,13,1,60,51,51,64,73,124
1,0,14,36,0,1,53,15,0,55,50,50,65,70,120
1,0,11,38,0,3,52,17,0,56,49,49,66,73,122
1,0,14,34,1,4,59,10,0,64,48,49,58,74,123
1,0,12,36,0,2,53,16,1,57,48,48,64,73,121
0,0,18,34,0,4,52,12,0,56,52,52,64,68,120
1,0,15,34,0,4,55,12,1,61,49,49,61,73,122
1,0,12,35,1,3,59,11,0,63,47,48,58,74,122
1,0,17,33,1,3,54,13,0,58,50,51,63,71,122
1,0,12,34,0,1,56,17,0,58,46,46,63,75,121
1,0,15,33,1,2,55,13,0,58,48,49,61,71,120
1,0,11,38,0,3,56,14,1,61,49,49,63,75,124
0,0,12,41,0,2,53,12,1,56,53,53,65,68,121
0,0,17,33,0,4,55,12,0,59,50,50,62,71,121
0,0,12,36,1,2,59,11,0,61,48,49,59,72,121
1,0,14,35,0,5,58,9,0,64,49,49,58,73,122
0,0,12,37,1,3,55,15,1,59,49,50,64,74,124
2,0,14,36,1,2,54,12,0,58,50,51,62,70,121
1,0,16,33,1,2,52,17,1,56,49,50,66,73,123
2,0,13,36,0,2,56,12,0,60,49,49,61,72,121
1,0,15,38,1,3,48,17,0,52,53,54,70,69,123
1,0,14,36,1,2,55,13,1,59,50,51,63,72,123
1,0,17,35,0,3,53,12,1,58,52,52,64,70,122
1,0,13,37,0,4,52,15,0,57,50,50,65,72,122
2,0,14,36,1,3,52,14,1,58,50,51,64,72,123
1,0,12,31,1,3,58,16,1,63,43,44,59,79,123
1,0,16,30,1,4,58,15,1,64,46,47,61,79,126
1,0,11,35,1,2,59,12,1,63,46,47,58,75,122
1,0,15,37,0,3,55,12,0,59,52,52,64,71,123
0,0,16,38,0,4,52,10,1,57,54,54,64,67,121
1,0,15,36,1,2,52,14,0,55,51,52,65,69,121
1,0,17,36,1,0,56,11,0,57,53,54,64,68,122
1,0,16,36,0,2,51,14,1,55,52,52,66,69,121
1,0,14,38,1,4,53,12,1,59,52,53,64,71,124
3,0,15,32,2,3,52,15,0,58,47,49,62,73,122
1,0,15,39,1,3,50,13,0,54,54,55,67,67,122
1,0,12,35,1,3,57,15,1,62,47,48,62,77,125
1,0,14,36,1,3,55,11,0,59,50,51,61,70,121
1,0,13,37,0,3,54,13,0,58,50,50,63,71,121
1,0,10,36,1,3,55,17,1,60,46,47,63,77,124
1,0,13,34,1,3,57,13,1,62,47,48,60,75,123
1,0,12,34,1,2,58,13,1,62,46,47,59,75,122
1,0,14,35,0,3,55,13,1,60,49,49,62,73,122
1,0,13,33,1,5,55,14,1,62,46,47,60,76,123
1,0,12,39,0,3,59,8,1,64,51,51,59,72,123
1,0,15,39,0,3,53,11,1,58,54,54,65,69,123
2,0,15,35,1,4,53,12,0,59,50,51,62,71,122
1,0,12,32,1,2,61,12,0,64,44,45,56,76,121
1,0,13,33,0,4,57,13,1,63,46,46,59,76,122
1,0,14,34,0,5,58,11,1,65,48,48,59,76,124
1,0,13,33,1,4,58,13,1,64,46,47,59,77,124
0,0,16,35,0,4,54,14,1,59,51,51,65,73,124
1,0,13,37,0,3,55,12,1,60,50,50,62,72,122
0,0,14,35,0,3,58,11,1,62,49,49,60,73,122
0,0,14,34,0,2,55,15,0,57,48,48,63,72,120
2,0,12,33,0,3,61,11,1,67,45,45,56,78,123
1,0,15,35,1,3,53,12,0,57,50,51,62,69,120
1,0,14,36,1,3,51,15,0,55,50,51,65,70,121
2,0,17,31,1,3,55,13,1,61,48,49,61,74,123
0,0,14,35,1,2,57,13,0,59,49,50,62,72,122
1,0,16,31,1,4,53,14,0,58,47,48,61,72,120
1,0,17,34,1,3,53,12,1,58,51,52,63,70,122
0,0,15,36,0,3,55,13,1,59,51,51,64,72,123
0,0,16,35,0,4,53,13,0,57,51,51,64,70,121
1,0,16,32,1,1,57,14,1,60,48,49,62,74,123
1,0,14,34,0,2,55,15,1,59,48,48,63,74,122
1,0,16,34,0,4,55,14,0,60,50,50,64,74,124
0,0,15,31,0,2,57,15,1,60,46,46,61,75,121
2,0,14,34,1,2,57,12,1,62,48,49,60,74,123
1,0,16,37,0,4,50,16,0,55,53,53,69,71,124
0,0,13,36,1,5,51,16,1,57,49,50,65,73,123
1,0,16,34,1,4,51,14,1,57,50,51,64,71,122
0,0,12,37,0,0,56,15,0,56,49,49,64,71,120
1,0,16,35,0,2,51,16,1,55,51,51,67,71,122
1,0,14,38,1,5,52,14,0,58,52,53,66,72,125
1,0,14,40,1,2,50,14,0,53,54,55,68,67,122
0,0,17,30,0,3,57,15,1,61,47,47,62,76,123
0,0,11,34,0,4,61,9,1,66,45,45,54,75,120
1,0,12,36,1,2,57,13,1,61,48,49,61,74,123
1,0,11,38,1,3,54,14,1,59,49,50,63,73,123
1,0,14,35,0,4,57,11,1,63,49,49,60,74,123
1,0,12,35,0,4,57,15,1,63,47,47,62,78,125
1,0,12,38,0,4,54,14,0,59,50,50,64,73,123
2,0,12,39,1,3,52,12,0,57,51,52,63,69,121
1,0,10,40,1,3,52,17,1,57,50,51,67,74,125
1,0,12,33,0,5,54,15,1,61,45,45,60,76,121
1,0,14,32,1,2,56,16,0,59,46,47,62,75,122
1,0,15,35,0,4,57,11,1,63,50,50,61,74,124
1,0,13,40,0,3,53,12,1,58,53,53,65,70,123
2,0,15,30,0,3,58,12,1,64,45,45,57,76,121
0,0,11,37,0,3,58,12,1,62,48,48,60,74,122
1,0,19,35,0,3,52,11,1,57,54,54,65,68,122
0,0,15,37,0,4,56,10,1,61,52,52,62,71,123
1,0,14,37,1,3,53,12,0,57,51,52,63,69,121
2,0,13,37,1,4,47,17,1,54,50,51,67,71,122
1,0,14,33,0,3,57,12,0,61,47,47,59,73,120
1,0,13,32,1,4,60,13,1,66,45,46,58,79,125
1,0,13,35,0,3,55,13,0,59,48,48,61,72,120
1,0,12,37,1,3,54,14,1,59,49,50,63,73,123
1,0,14,36,0,1,53,15,1,56,50,50,65,71,121
0,0,14,36,1,2,51,18,0,53,50,51,68,71,122
0,0,12,37,1,5,56,12,0,61,49,50,61,73,123
3,0,11,37,0,3,52,15,1,59,48,48,63,74,122
1,0,13,34,1,3,57,14,1,62,47,48,61,76,124
1,0,15,36,1,3,52,16,1,57,51,52,67,73,125
1,0,12,39,0,3,51,16,1,56,51,51,67,72,123
0,0,13,34,1,2,58,12,0,60,47,48,59,72,120
2,0,13,36,0,3,53,15,0,58,49,49,64,73,122
1,0,13,32,1,3,56,15,1,61,45,46,60,76,122
1,0,14,38,0,4,50,15,0,55,52,52,67,70,122
1,0,13,33,1,3,58,12,1,63,46,47,58,75,122
1,0,16,34,1,3,53,15,0,57,50,51,65,72,123
1,0,13,35,1,3,57,11,0,61,48,49,59,72,121
1,0,11,38,0,3,58,10,0,62,49,49,59,72,121
1,0,15,37,0,0,54,13,0,55,52,52,65,68,120
2,0,12,33,0,5,55,13,1,63,45,45,58,76,121
1,0,10,37,0,4,60,11,0,65,47,47,58,76,123
1,0,15,35,0,2,56,11,1,60,50,50,61,71,121
1,0,15,37,1,3,53,12,0,57,52,53,64,69,122
0,0,16,32,0,4,59,11,1,64,48,48,59,75,123
1,0,14,37,0,3,52,14,1,57,51,51,65,71,122
1,0,12,39,1,5,56,11,1,63,51,52,62,74,126
1,0,12,34,0,4,52,19,1,58,46,46,65,77,123
1,0,17,35,0,5,51,11,0,57,52,52,63,68,120
1,0,14,39,1,2,53,12,0,56,53,54,65,68,122
1,0,14,39,0,4,52,12,1,58,53,53,65,70,123
1,0,13,36,1,3,53,14,0,57,49,50,63,71,121
2,0,12,36,0,4,56,12,0,62,48,48,60,74,122
1,0,15,37,1,2,49,17,1,53,52,53,69,70,123
1,0,19,32,1,3,54,13,1,59,51,52,64,72,124
1,0,14,33,1,0,59,11,1,61,47,48,58,72,120
1,0,17,33,1,4,55,12,1,61,50,51,62,73,124
1,0,13,35,1,5,56,12,1,63,48,49,60,75,124
3,0,14,30,0,3,59,12,1,66,44,44,56,78,122
1,0,15,32,0,3,58,13,1,63,47,47,60,76,123
2,0,11,35,0,4,57,12,0,63,46,46,58,75,121
1,0,11,41,1,5,53,14,0,59,52,53,66,73,126
0,0,16,36,1,3,54,11,0,57,52,53,63,68,121
0,0,14,33,0,4,59,12,0,63,47,47,59,75,122
1,0,11,36,1,3,56,14,1,61,47,48,61,75,123
0,0,13,33,1,4,60,12,1,65,46,47,58,77,124
1,0,14,32,0,5,60,12,1,67,46,46,58,79,125
1,0,15,36,1,3,53,15,0,57,51,52,66,72,124
1,0,15,39,0,3,51,11,1,56,54,54,65,67,121
1,0,9,38,0,2,59,11,1,63,47,47,58,74,121
3,0,15,30,1,2,58,12,1,64,45,46,57,76,122
0,0,15,34,0,2,57,12,0,59,49,49,61,71,120
1,0,14,35,1,3,51,17,1,56,49,50,66,73,123
1,0,10,39,0,3,58,11,1,63,49,49,60,74,123
1,0,10,36,1,3,56,17,0,60,46,47,63,77,124
1,0,14,37,1,2,55,12,0,58,51,52,63,70,122
1,0,14,32,0,4,57,13,1,63,46,46,59,76,122
2,0,17,34,1,3,54,10,1,60,51,52,61,70,122
1,0,12,37,0,4,57,12,0,62,49,49,61,74,123
1,0,13,33,0,4,60,11,0,65,46,46,57,76,122
4,0,15,33,1,3,55,9,1,63,48,49,57,72,121
1,0,12,33,0,3,58,15,1,63,45,45,60,78,123
1,0,15,34,0,4,50,17,0,55,49,49,66,72,121
1,0,15,35,0,3,58,11,0,62,50,50,61,73,123
2,0,12,34,1,4,54,14,1,61,46,47,60,75,122
0,0,11,38,0,3,53,16,1,57,49,49,65,73,122
1,0,12,34,1,5,60,11,1,67,46,47,57,78,125
1,0,15,38,0,3,51,15,1,56,53,53,68,71,124
1,0,12,37,1,2,56,13,1,60,49,50,62,73,123
1,0,17,33,0,3,52,16,0,56,50,50,66,72,122
1,0,12,33,1,3,57,16,1,62,45,46,61,78,124
1,0,12,39,0,5,54,14,1,61,51,51,65,75,126
1,0,13,34,1,4,53,18,1,59,47,48,65,77,125
1,0,12,39,0,5,53,13,0,59,51,51,64,72,123
1,0,15,34,0,2,55,14,1,59,49,49,63,73,122
0,0,13,37,1,4,56,12,1,61,50,51,62,73,124
1,0,15,35,0,3,51,17,0,55,50,50,67,72,122
3,0,10,38,0,5,56,11,0,64,48,48,59,75,123
1,0,15,37,0,3,53,12,0,57,52,52,64,69,121
1,0,12,34,1,4,60,11,0,65,46,47,57,76,123
1,0,13,32,0,3,60,12,1,65,45,45,57,77,122
1,0,17,36,0,3,53,12,1,58,53,53,65,70,123
0,0,15,34,1,4,56,13,1,61,49,50,62,74,124
4,0,13,31,1,3,58,11,1,66,44,45,55,77,122
2,0,12,36,0,2,54,14,0,58,48,48,62,72,120
1,0,14,32,0,4,57,12,0,62,46,46,58,74,120
2,0,10,35,1,3,58,12,0,63,45,46,57,75,121
2,0,12,31,0,2,62,12,0,66,43,43,55,78,121
1,0,13,37,1,4,56,12,1,62,50,51,62,74,125
2,0,15,34,1,2,54,13,1,59,49,50,62,72,122
1,0,15,35,1,3,51,16,1,56,50,51,66,72,123
1,0,14,32,0,4,56,15,1,62,46,46,61,77,123
0,0,19,32,1,4,54,13,0,58,51,52,64,71,123
0,0,15,33,1,2,57,12,1,60,48,49,60,72,121
1,0,15,35,0,4,48,18,1,54,50,50,68,72,122
1,0,13,35,0,4,57,11,1,63,48,48,59,74,122
0,0,14,37,1,3,53,13,0,56,51,52,64,69,121
1,0,15,40,0,6,50,11,1,58,55,55,66,69,124
0,0,13,39,0,2,54,12,0,56,52,52,64,68,120
0,0,14,39,1,4,52,12,1,57,53,54,65,69,123
0,0,12,36,0,3,58,11,1,62,48,48,59,73,121
0,0,13,33,1,5,62,11,0,67,46,47,57,78,125
0,0,13,35,1,3,56,14,1,60,48,49,62,74,123
1,0,14,37,1,3,53,12,1,58,51,52,63,70,122
2,0,15,36,1,6,53,12,1,62,51,52,63,74,126
0,0,15,36,1,4,51,16,0,55,51,52,67,71,123
1,0,15,33,0,4,54,14,1,60,48,48,62,74,122
0,0,14,31,0,5,59,13,0,64,45,45,58,77,122
0,0,16,30,1,4,58,12,1,63,46,47,58,75,122
1,0,17,35,1,3,53,14,0,57,52,53,66,71,124
1,0,15,32,1,6,57,13,0,64,47,48,60,77,125
1,0,18,38,0,4,49,13,1,55,56,56,69,68,124
1,0,15,33,0,5,58,11,0,64,48,48,59,75,123
1,0,16,39,0,3,53,9,1,58,55,55,64,67,122
1,0,17,35,1,2,53,12,0,56,52,53,64,68,121
1,0,15,32,0,4,57,12,1,63,47,47,59,75,122
1,0,15,36,0,4,58,9,1,64,51,51,60,73,124
0,0,12,37,0,3,57,13,1,61,49,49,62,74,123
1,0,10,33,1,2,61,14,0,64,43,44,57,78,122
1,0,12,38,1,3,52,14,0,56,50,51,64,70,121
2,0,13,35,0,4,56,12,0,62,48,48,60,74,122
1,0,17,35,1,3,53,14,0,57,52,53,66,71,124
1,0,17,38,0,2,48,15,0,51,55,55,70,66,121
1,0,15,33,1,3,60,9,0,64,48,49,57,73,122
2,0,13,34,0,2,53,16,1,58,47,47,63,74,121
2,0,13,28,1,4,58,14,0,64,41,42,55,78,120
0,0,15,35,0,3,55,13,1,59,50,50,63,72,122
0,0,13,37,0,3,54,15,0,57,50,50,65,72,122
1,0,14,40,0,2,48,17,0,51,54,54,71,68,122
1,0,15,36,1,4,55,11,1,61,51,52,62,72,124
3,0,13,33,1,4,53,13,0,60,46,47,59,73,120
1,0,13,34,1,3,57,14,0,61,47,48,61,75,123
1,0,15,34,1,2,57,11,1,61,49,50,60,72,122
1,0,13,34,0,2,58,13,1,62,47,47,60,75,122
1,0,15,34,0,3,57,10,1,62,49,49,59,72,121
1,0,12,39,0,5,50,17,1,57,51,51,68,74,125
1,0,14,35,0,6,52,15,1,60,49,49,64,75,124
1,0,12,39,1,2,55,12,1,59,51,52,63,71,123
3,0,14,28,1,4,63,11,0,70,42,43,53,81,124
1,0,13,33,0,3,58,14,1,63,46,46,60,77,123
1,0,12,40,1,2,52,13,1,56,52,53,65,69,122
1,0,15,34,0,4,58,11,0,63,49,49,60,74,123
1,0,13,34,0,3,55,14,0,59,47,47,61,73,120
1,0,13,33,1,4,58,14,0,63,46,47,60,77,124
0,0,15,31,2,3,57,14,1,61,46,48,60,75,123
1,0,13,36,1,3,51,18,1,56,49,50,67,74,124
1,0,11,35,1,2,62,10,0,65,46,47,56,75,122
1,0,15,35,0,3,53,15,0,57,50,50,65,72,122
1,0,12,34,1,4,62,9,0,67,46,47,55,76,123
1,0,11,35,0,2,58,13,1,62,46,46,59,75,121
2,0,11,34,1,3,59,12,0,64,45,46,57,76,122
0,0,13,37,1,2,53,15,1,56,50,51,65,71,122
1,0,17,29,1,3,58,12,0,62,46,47,58,74,121
2,0,15,35,1,5,54,11,0,61,50,51,61,72,123
0,0,17,33,1,4,55,12,1,60,50,51,62,72,123
1,0,17,34,1,5,55,12,0,61,51,52,63,73,125
1,0,15,32,0,3,55,14,1,60,47,47,61,74,121
0,0,13,37,0,2,56,12,1,59,50,50,62,71,121
1,0,15,34,1,1,55,13,1,58,49,50,62,71,121
0,0,13,35,1,1,55,16,0,56,48,49,64,72,121
0,0,16,29,1,7,52,16,0,59,45,46,61,75,121
1,0,10,39,0,4,55,14,1,61,49,49,63,75,124
0,0,17,37,0,3,49,14,1,53,54,54,68,67,121
1,0,12,40,1,2,54,12,0,57,52,53,64,69,122
0,0,12,35,0,4,57,15,0,61,47,47,62,76,123
1,0,17,32,0,3,52,15,0,56,49,49,64,71,120
2,0,13,31,0,3,56,16,1,62,44,44,60,78,122
1,0,16,34,1,3,53,16,0,57,50,51,66,73,124
1,0,15,32,0,3,58,11,0,62,47,47,58,73,120
2,0,13,30,0,4,60,14,1,67,43,43,57,81,124
0,0,12,36,0,0,57,15,0,57,48,48,63,72,120
1,0,11,37,1,3,59,10,1,64,48,49,58,74,123
1,0,17,35,1,4,53,14,1,59,52,53,66,73,126
0,0,11,38,0,4,55,13,1,60,49,49,62,73,122
0,0,17,34,1,3,52,15,0,55,51,52,66,70,122
0,0,14,33,1,3,57,15,0,60,47,48,62,75,123
1,0,14,33,1,3,57,13,0,61,47,48,60,74,122
1,0,17,33,0,2,57,10,0,60,50,50,60,70,120
2,0,12,35,1,2,58,12,0,62,47,48,59,74,122
1,0,15,36,0,2,55,12,1,59,51,51,63,71,122
0,0,12,37,0,2,56,13,1,59,49,49,62,72,121
1,0,13,39,0,1,53,14,1,56,52,52,66,70,122
1,0,13,34,1,4,55,16,1,61,47,48,63,77,125
1,0,13,36,1,5,58,9,2,66,49,50,58,75,125
1,0,12,36,1,4,56,14,1,62,48,49,62,76,125
1,0,12,37,0,5,53,14,1,60,49,49,63,74,123
1,0,15,37,0,2,50,17,1,54,52,52,69,71,123
1,0,14,35,0,3,56,13,1,61,49,49,62,74,123
1,0,16,33,0,3,57,12,1,62,49,49,61,74,123
1,0,15,31,0,3,59,13,0,63,46,46,59,76,122
1,0,14,32,1,3,62,11,0,66,46,47,57,77,124
0,0,13,37,1,2,54,14,1,57,50,51,64,71,122
1,0,11,38,0,5,57,13,1,64,49,49,62,77,126
2,0,14,35,0,4,56,12,0,62,49,49,61,74,123
1,0,12,41,1,4,54,10,0,59,53,54,63,69,123
1,0,14,39,1,4,53,11,1,59,53,54,64,70,124
1,0,11,38,1,2,54,15,1,58,49,50,64,73,123
0,0,17,37,0,0,53,13,1,54,54,54,67,67,121
0,0,10,37,1,3,58,13,0,61,47,48,60,74,122
1,0,14,34,1,4,56,13,1,62,48,49,61,75,124
1,0,14,34,1,4,51,17,1,57,48,49,65,74,123
2,0,14,35,1,3,60,8,1,66,49,50,57,74,124
1,0,15,38,1,4,50,14,1,56,53,54,67,70,124
1,0,13,39,1,1,52,14,0,54,52,53,66,68,121
1,0,17,30,0,3,57,13,1,62,47,47,60,75,122
1,0,12,40,1,3,52,14,0,56,52,53,66,70,123
1,0,13,34,0,4,56,14,0,61,47,47,61,75,122
1,0,14,31,0,4,58,11,1,64,45,45,56,75,120
1,0,13,36,1,2,54,14,1,58,49,50,63,72,122
1,0,12,36,0,3,57,12,1,62,48,48,60,74,122
1,0,13,34,0,2,56,15,0,59,47,47,62,74,121
0,0,14,34,0,4,56,15,0,60,48,48,63,75,123
1,0,15,36,1,2,53,13,0,56,51,52,64,69,121
1,0,11,38,1,2,55,14,0,58,49,50,63,72,122
0,0,12,38,0,4,58,8,1,63,50,50,58,71,121
1,0,11,35,0,2,50,23,1,54,46,46,69,77,123
1,0,14,34,0,2,52,18,0,55,48,48,66,73,121
1,0,11,37,0,5,55,11,1,62,48,48,59,73,121
1,0,16,34,1,4,58,11,0,63,50,51,61,74,125
1,0,12,36,1,2,52,17,1,56,48,49,65,73,122
1,0,15,33,1,2,51,18,0,54,48,49,66,72,121
0,0,13,36,1,5,56,13,0,61,49,50,62,74,124
1,0,15,39,1,5,53,12,1,60,54,55,66,72,127
1,0,15,34,1,2,53,15,1,57,49,50,64,72,122
0,0,12,37,0,5,57,12,1,63,49,49,61,75,124
1,0,13,34,1,2,57,14,0,60,47,48,61,74,122
1,0,13,35,0,3,56,15,1,61,48,48,63,76,124
1,0,16,34,0,6,52,11,1,60,50,50,61,71,121
1,0,11,38,1,4,55,13,1,61,49,50,62,74,124
0,0,15,34,0,6,54,14,0,60,49,49,63,74,123
0,0,13,37,0,3,53,14,1,57,50,50,64,71,121
1,0,15,31,1,3,61,9,0,65,46,47,55,74,121
0,0,14,38,1,2,49,17,1,52,52,53,69,69,122
1,0,13,38,1,3,57,11,0,61,51,52,62,72,124
0,0,12,38,1,4,54,15,1,59,50,51,65,74,125
1,0,12,34,0,1,57,16,1,60,46,46,62,76,122
1,0,14,36,0,0,49,20,1,51,50,50,70,71,121
1,0,15,38,0,3,48,18,1,53,53,53,71,71,124
0,0,14,38,1,2,48,18,0,50,52,53,70,68,121
1,0,15,31,1,5,57,16,1,64,46,47,62,80,127
1,0,14,29,0,7,56,13,1,65,43,43,56,78,121
1,0,16,34,0,2,57,11,0,60,50,50,61,71,121
1,0,13,35,1,3,58,13,1,63,48,49,61,76,125
1,0,16,35,1,4,55,10,1,61,51,52,61,71,123
0,0,14,35,0,2,55,14,0,57,49,49,63,71,120
1,0,12,35,1,3,58,14,0,62,47,48,61,76,124
1,0,15,33,0,3,54,14,1,59,48,48,62,73,121
1,0,15,36,1,4,54,13,0,59,51,52,64,72,124
1,0,11,37,0,5,60,8,1,67,48,48,56,75,123
1,0,15,36,1,4,52,12,1,58,51,52,63,70,122
1,0,13,36,1,3,56,11,0,60,49,50,60,71,121
0,0,17,31,1,3,59,9,1,63,48,49,57,72,121
1,0,14,29,0,4,60,16,1,66,43,43,59,82,125
1,0,16,36,0,4,53,13,0,58,52,52,65,71,123
1,0,13,35,1,4,59,9,1,65,48,49,57,74,123
0,0,14,35,0,2,57,12,1,60,49,49,61,72,121
1,0,13,37,1,3,55,13,0,59,50,51,63,72,123
0,0,13,33,0,4,55,17,1,60,46,46,63,77,123
1,0,18,34,0,2,52,15,1,56,52,52,67,71,123
1,0,14,35,1,2,57,12,1,61,49,50,61,73,123
1,0,14,36,1,3,52,16,1,57,50,51,66,73,124
1,0,15,32,0,5,57,12,1,64,47,47,59,76,123
1,0,13,35,0,4,56,15,1,62,48,48,63,77,125
4,0,12,33,0,4,57,12,1,66,45,45,57,78,123
1,0,19,35,1,4,49,12,1,55,54,55,66,67,122
3,0,12,34,1,3,59,11,0,65,46,47,57,76,123
1,0,15,35,1,5,54,13,0,60,50,51,63,73,124
1,0,11,34,0,4,61,11,0,66,45,45,56,77,122
1,0,14,38,1,3,50,16,1,55,52,53,68,71,124
0,0,14,34,1,7,53,12,1,61,48,49,60,73,122
1,0,12,36,1,2,54,16,1,58,48,49,64,74,123
1,0,15,36,1,3,54,12,0,58,51,52,63,70,122
0,0,14,38,0,1,52,15,1,54,52,52,67,69,121
0,0,14,30,0,3,58,16,1,62,44,44,60,78,122
1,0,11,32,0,3,58,18,1,63,43,43,61,81,124
1,0,13,37,0,3,54,13,1,59,50,50,63,72,122
0,0,15,35,1,3,55,12,0,58,50,51,62,70,121
1,0,14,34,1,3,58,12,0,62,48,49,60,74,123
0,0,12,40,1,2,52,15,1,55,52,53,67,70,123
1,0,14,36,0,4,54,12,1,60,50,50,62,72,122
1,0,14,35,1,3,52,16,1,57,49,50,65,73,123
1,0,14,38,1,3,51,15,0,55,52,53,67,70,123
2,0,17,32,1,3,56,10,0,61,49,50,59,71,121
1,0,11,31,0,2,63,12,1,67,42,42,54,79,121
1,0,14,35,0,2,57,12,1,61,49,49,61,73,122
0,0,17,36,0,3,50,14,1,54,53,53,67,68,121
1,0,11,36,1,3,58,13,1,63,47,48,60,76,124
2,0,16,33,0,3,54,13,1,60,49,49,62,73,122
1,0,13,37,0,6,56,11,1,64,50,50,61,75,125
1,0,13,37,0,4,53,13,1,59,50,50,63,72,122
0,0,14,38,1,2,50,16,1,53,52,53,68,69,122
1,0,15,35,1,4,52,15,1,58,50,51,65,73,124
1,0,8,40,1,2,57,13,1,61,48,49,61,74,123
1,0,10,36,0,4,58,13,1,64,46,46,59,77,123
1,0,15,33,1,2,55,14,1,59,48,49,62,73,122
1,0,13,35,1,4,56,15,0,61,48,49,63,76,125
6,0,12,37,0,2,50,13,1,59,49,49,62,72,121
1,0,18,39,0,2,46,14,1,50,57,57,71,64,121
1,0,14,38,1,2,55,10,1,59,52,53,62,69,122
3,0,13,38,1,3,52,13,0,58,51,52,64,71,123
1,0,17,35,1,2,52,14,0,55,52,53,66,69,122
1,0,10,36,0,2,56,17,1,60,46,46,63,77,123
1,0,15,36,1,4,52,15,1,58,51,52,66,73,125
0,0,15,34,1,3,56,12,1,60,49,50,61,72,122
1,0,15,30,1,4,59,13,0,64,45,46,58,77,123
1,0,13,33,1,2,55,17,0,58,46,47,63,75,122
2,0,13,38,1,3,51,15,1,57,51,52,66,72,124
1,0,12,37,0,3,59,10,1,64,49,49,59,74,123
1,0,12,35,1,3,57,13,1,62,47,48,60,75,123
1,0,15,36,1,3,52,14,1,57,51,52,65,71,123
2,0,15,34,1,4,52,13,1,59,49,50,62,72,122
2,0,16,34,1,5,51,12,1,59,50,51,62,71,122
1,0,14,31,1,4,62,8,0,67,45,46,53,75,121
1,0,15,34,0,4,57,12,0,62,49,49,61,74,123
1,0,12,40,1,3,53,11,0,57,52,53,63,68,121
2,0,12,33,0,4,58,11,0,64,45,45,56,75,120
1,0,12,33,1,3,56,17,0,60,45,46,62,77,123
0,0,15,30,1,5,59,11,1,65,45,46,56,76,122
2,0,12,36,1,4,56,13,1,63,48,49,61,76,125
0,0,12,38,1,3,58,11,0,61,50,51,61,72,123
2,0,15,35,0,5,51,15,1,59,50,50,65,74,124
0,0,14,35,0,4,54,13,1,59,49,49,62,72,121
1,0,16,38,1,2,50,14,0,53,54,55,68,67,122
1,0,17,32,1,3,57,11,0,61,49,50,60,72,122
1,0,15,34,0,2,56,13,0,59,49,49,62,72,121
0,0,13,32,1,3,62,11,1,66,45,46,56,77,123
1,0,15,35,0,2,54,13,0,57,50,50,63,70,120
2,0,15,35,1,5,57,10,0,64,50,51,60,74,125
0,0,10,35,1,2,63,10,1,66,45,46,55,76,122
2,0,12,37,0,2,56,11,1,61,49,49,60,72,121
1,0,20,33,0,3,48,15,1,53,53,53,68,68,121
1,0,13,32,1,2,57,15,0,60,45,46,60,75,121
1,0,14,38,0,4,52,13,1,58,52,52,65,71,123
1,0,14,34,1,3,54,14,1,59,48,49,62,73,122
1,0,15,40,0,4,51,11,1,57,55,55,66,68,123
1,0,12,35,0,2,53,18,1,57,47,47,65,75,122
0,0,13,35,0,3,55,16,1,59,48,48,64,75,123
1,0,16,30,1,2,59,12,1,63,46,47,58,75,122
1,0,12,39,1,2,48,18,1,52,51,52,69,70,122
1,0,13,37,0,4,49,18,0,54,50,50,68,72,122
1,0,21,31,1,2,52,15,1,56,52,53,67,71,124
1,0,14,32,1,4,56,13,0,61,46,47,59,74,121
1,0,18,32,1,5,52,12,0,58,50,51,62,70,121
1,0,14,33,0,4,57,14,0,62,47,47,61,76,123
1,0,15,33,1,3,53,16,0,57,48,49,64,73,122
1,0,14,35,0,5,54,11,1,61,49,49,60,72,121
1,0,14,34,0,2,56,15,1,60,48,48,63,75,123
1,0,16,36,1,5,54,12,0,60,52,53,64,72,125
0,0,13,36,1,3,55,13,1,59,49,50,62,72,122
1,0,18,32,1,3,57,10,0,61,50,51,60,71,122
3,0,14,35,1,2,48,19,0,53,49,50,68,72,122
2,0,10,37,1,3,57,13,1,63,47,48,60,76,124
0,0,16,38,1,4,50,13,1,55,54,55,67,68,123
0,0,14,34,0,4,54,16,1,59,48,48,64,75,123
0,0,15,37,0,3,51,15,0,54,52,52,67,69,121
0,0,13,40,0,4,53,11,1,58,53,53,64,69,122
1,0,14,36,1,3,57,11,0,61,50,51,61,72,123
3,0,11,36,0,4,55,11,1,63,47,47,58,74,121
1,0,12,37,0,5,53,14,0,59,49,49,63,73,122
1,0,15,37,1,2,52,15,1,56,52,53,67,71,124
1,0,16,34,1,4,52,13,0,57,50,51,63,70,121
0,0,12,41,0,2,50,15,0,52,53,53,68,67,120
1,0,12,33,0,2,58,14,1,62,45,45,59,76,121
1,0,14,34,1,3,55,15,1,60,48,49,63,75,124
1,0,12,37,1,2,60,10,1,64,49,50,59,74,124
1,0,15,37,1,3,53,13,1,58,52,53,65,71,124
1,0,14,36,1,4,52,16,1,58,50,51,66,74,125
1,0,14,39,0,3,52,12,0,56,53,53,65,68,121
1,0,10,32,1,4,60,16,0,65,42,43,58,81,124
1,0,13,34,1,3,57,12,1,62,47,48,59,74,122
1,0,13,35,1,5,57,12,0,63,48,49,60,75,124
1,0,14,34,1,2,58,12,1,62,48,49,60,74,123
2,0,10,37,0,2,60,10,1,65,47,47,57,75,122
0,0,13,31,0,4,60,12,1,65,44,44,56,77,121
1,0,14,34,1,3,56,13,1,61,48,49,61,74,123
2,0,13,34,1,4,52,17,1,59,47,48,64,76,124
2,0,11,37,0,1,59,10,0,62,48,48,58,72,120
0,0,12,37,1,3,58,12,1,62,49,50,61,74,124
1,0,12,40,0,4,52,13,1,58,52,52,65,71,123
0,0,15,34,1,4,53,14,0,57,49,50,63,71,121
1,0,16,32,1,3,53,15,1,58,48,49,63,73,122
1,0,14,34,1,3,52,16,1,57,48,49,64,73,122
1,0,14,36,1,2,57,10,1,61,50,51,60,71,122
1,0,15,35,0,3,48,19,1,53,50,50,69,72,122
1,0,11,38,0,3,52,18,1,57,49,49,67,75,124
0,0,12,32,0,3,58,16,0,61,44,44,60,77,121
1,0,9,32,1,5,65,11,1,72,41,42,52,83,125
1,0,11,35,0,2,59,14,1,63,46,46,60,77,123
1,0,16,36,0,4,51,12,1,57,52,52,64,69,121
2,0,15,33,1,6,56,11,1,65,48,49,59,76,125
1,0,13,37,0,5,56,12,0,62,50,50,62,74,124
6,0,15,33,1,3,54,11,1,64,48,49,59,75,124
1,0,15,34,1,2,53,15,1,57,49,50,64,72,122
1,0,13,34,0,3,57,15,1,62,47,47,62,77,124
0,0,15,38,0,4,55,11,0,59,53,53,64,70,123
1,0,20,31,0,2,57,10,0,60,51,51,61,70,121
1,0,16,36,0,2,55,10,1,59,52,52,62,69,121
1,0,13,31,1,4,56,15,0,61,44,45,59,76,121
1,0,12,36,1,3,55,12,3,62,48,49,60,74,123
1,0,13,37,0,2,57,12,0,60,50,50,62,72,122
0,0,13,37,0,2,57,11,0,59,50,50,61,70,120
1,0,11,39,0,1,56,12,0,58,50,50,62,70,120
2,0,15,36,0,4,53,13,0,59,51,51,64,72,123
0,0,14,33,0,4,53,18,0,57,47,47,65,75,122
0,0,18,37,0,5,47,13,0,52,55,55,68,65,120
1,0,13,36,1,4,53,13,1,59,49,50,62,72,122
1,0,11,32,0,4,52,22,1,58,43,43,65,80,123
1,0,11,36,0,3,59,12,0,63,47,47,59,75,122
1,0,16,36,0,3,50,16,1,55,52,52,68,71,123
1,0,12,35,0,2,57,14,1,61,47,47,61,75,122
1,0,14,36,1,3,56,13,1,61,50,51,63,74,125
1,0,14,34,1,3,57,12,1,62,48,49,60,74,123
2,0,16,34,1,2,50,16,0,54,50,51,66,70,121
1,0,15,32,1,4,58,13,1,64,47,48,60,77,125
1,0,12,36,1,3,55,15,0,59,48,49,63,74,123
1,0,12,37,1,4,51,16,1,57,49,50,65,73,123
1,0,13,32,1,3,63,10,0,67,45,46,55,77,123
1,0,14,33,0,3,52,17,1,57,47,47,64,74,121
0,0,16,33,1,2,58,11,1,61,49,50,60,72,122
1,0,14,36,1,4,56,13,0,61,50,51,63,74,125
2,0,14,33,0,4,55,13,1,62,47,47,60,75,122
4,0,13,38,1,3,47,16,0,54,51,52,67,70,122
0,0,13,38,1,2,52,15,0,54,51,52,66,69,121
0,0,14,35,1,2,55,13,1,58,49,50,62,71,121
1,0,12,36,0,2,58,12,0,61,48,48,60,73,121
1,0,14,39,1,4,52,13,0,57,53,54,66,70,124
0,0,15,40,0,4,52,12,0,56,55,55,67,68,123
1,0,14,34,0,1,56,14,0,58,48,48,62,72,120
1,0,14,36,0,3,51,15,0,55,50,50,65,70,120
1,0,13,34,1,3,59,11,0,63,47,48,58,74,122
1,0,14,34,1,4,56,15,0,61,48,49,63,76,125
1,0,13,37,0,1,57,12,1,60,50,50,62,72,122
1,0,16,33,1,2,56,11,1,60,49,50,60,71,121
1,0,13,38,0,2,49,19,1,53,51,51,70,72,123
1,0,14,36,1,3,53,14,1,58,50,51,64,72,123
1,0,16,33,0,4,54,13,1,60,49,49,62,73,122
1,0,14,32,1,5,52,19,1,59,46,47,65,78,125
1,0,15,32,1,4,59,11,1,65,47,48,58,76,124
2,0,12,35,1,2,55,14,1,60,47,48,61,74,122
1,0,15,33,0,4,55,15,0,60,48,48,63,75,123
1,0,12,36,1,4,57,10,1,63,48,49,58,73,122
1,0,15,36,1,1,52,16,0,54,51,52,67,70,122
1,0,15,35,0,1,54,15,1,57,50,50,65,72,122
2,0,13,39,1,2,53,12,1,58,52,53,64,70,123
2,0,13,37,0,4,53,14,0,59,50,50,64,73,123
1,0,15,32,0,4,56,14,0,61,47,47,61,75,122
1,0,12,37,1,0,59,12,0,60,49,50,61,72,122
0,0,15,34,1,3,53,16,1,57,49,50,65,73,123
0,0,12,35,1,2,60,11,0,62,47,48,58,73,121
1,0,12,34,1,3,55,16,1,60,46,47,62,76,123
1,0,16,32,0,2,55,15,0,58,48,48,63,73,121
1,0,12,39,0,2,57,10,1,61,51,51,61,71,122
1,0,15,30,0,2,61,11,0,64,45,45,56,75,120
1,0,12,31,1,3,57,17,1,62,43,44,60,79,123
1,0,14,35,1,3,56,13,1,61,49,50,62,74,124
1,0,12,38,0,5,54,13,0,60,50,50,63,73,123
1,0,14,31,0,2,57,14,1,61,45,45,59,75,120
1,0,19,32,1,4,48,17,1,54,51,52,68,71,123
2,0,17,31,1,2,58,10,0,62,48,49,58,72,121
1,0,15,33,1,4,58,12,1,64,48,49,60,76,125
4,0,13,32,1,3,58,12,1,66,45,46,57,78,124
0,0,13,30,0,3,61,14,0,64,43,43,57,78,121
3,0,12,34,0,4,56,11,1,64,46,46,57,75,121
0,0,15,38,1,3,52,13,1,56,53,54,66,69,123
0,0,11,35,0,3,59,13,1,63,46,46,59,76,122
0,0,11,39,0,4,55,13,0,59,50,50,63,72,122
1,0,17,33,0,0,55,14,1,57,50,50,64,71,121
1,0,12,35,1,4,57,13,1,63,47,48,60,76,124
1,0,17,29,0,3,59,11,1,64,46,46,57,75,121
1,0,11,33,1,4,62,11,0,67,44,45,55,78,123
1,0,12,36,0,5,56,13,1,63,48,48,61,76,124
1,0,14,34,0,4,55,14,1,61,48,48,62,75,123
2,0,16,31,0,3,58,10,1,64,47,47,57,74,121
1,0,15,35,0,4,52,14,1,58,50,50,64,72,122
1,0,14,37,0,3,54,12,0,58,51,51,63,70,121
1,0,14,35,1,3,55,13,1,60,49,50,62,73,123
1,0,13,37,0,2,54,13,1,58,50,50,63,71,121
1,0,11,35,0,5,56,15,0,62,46,46,61,77,123
0,0,15,35,1,4,51,17,1,56,50,51,67,73,124
1,0,13,37,1,5,56,11,1,63,50,51,61,74,125
4,0,14,33,0,4,57,8,0,65,47,47,55,73,120
1,0,17,37,0,4,49,15,1,55,54,54,69,70,124
0,0,14,34,1,3,55,15,1,59,48,49,63,74,123
4,0,11,36,0,3,57,11,0,64,47,47,58,75,122
4,0,13,34,0,4,55,12,0,63,47,47,59,75,122
2,0,11,33,0,3,56,16,1,62,44,44,60,78,122
1,0,12,38,0,4,53,13,1,59,50,50,63,72,122
1,0,12,33,0,3,56,17,0,60,45,45,62,77,122
1,0,16,33,0,3,55,14,0,59,49,49,63,73,122
1,0,15,36,0,4,53,14,0,58,51,51,65,72,123
1,0,17,38,0,4,51,9,0,56,55,55,64,65,120
2,0,13,33,0,2,58,13,0,62,46,46,59,75,121
1,0,13,31,0,5,62,12,0,68,44,44,56,80,124
0,0,11,34,1,2,61,13,1,64,45,46,58,77,123
1,0,13,38,0,2,55,12,0,58,51,51,63,70,121
3,0,14,36,0,5,48,14,0,56,50,50,64,70,120
2,0,14,38,0,4,51,12,0,57,52,52,64,69,121
1,0,18,34,1,5,47,14,1,54,52,53,66,68,121
1,0,17,34,0,3,50,15,1,55,51,51,66,70,121
2,0,13,34,1,4,57,11,0,63,47,48,58,74,122
0,0,14,36,0,4,54,13,0,58,50,50,63,71,121
1,0,14,34,0,3,55,14,1,60,48,48,62,74,122
1,0,14,35,0,1,56,14,0,58,49,49,63,72,121
1,0,12,36,1,4,58,11,0,63,48,49,59,74,123
0,0,12,36,1,2,59,11,0,61,48,49,59,72,121
1,0,14,38,1,6,55,9,1,63,52,53,61,72,125
1,0,12,37,0,4,57,11,0,62,49,49,60,73,122
2,0,16,27,1,2,55,18,1,60,43,44,61,78,122
1,0,11,37,1,3,58,12,0,62,48,49,60,74,123
0,0,14,40,1,5,50,15,1,56,54,55,69,71,126
1,0,16,35,0,4,51,15,1,57,51,51,66,72,123
1,0,14,31,1,3,60,12,1,65,45,46,57,77,123
1,0,13,35,0,2,54,16,1,58,48,48,64,74,122
0,0,14,35,1,3,56,12,0,59,49,50,61,71,121
0,0,17,36,0,3,51,13,0,54,53,53,66,67,120
1,0,13,39,0,2,55,10,0,58,52,52,62,68,120
1,0,13,32,0,4,57,15,1,63,45,45,60,78,123
1,0,13,36,1,4,57,12,0,62,49,50,61,74,124
1,0,13,35,1,3,55,13,1,60,48,49,61,73,122
1,0,13,37,0,3,53,13,1,58,50,50,63,71,121
2,0,11,37,0,2,57,12,0,61,48,48,60,73,121
1,0,15,33,0,3,55,16,1,60,48,48,64,76,124
2,0,13,33,1,4,53,15,1,60,46,47,61,75,122
1,0,13,34,1,6,56,15,0,63,47,48,62,78,126
1,0,13,36,1,2,55,14,1,59,49,50,63,73,123
1,0,18,31,1,4,55,14,1,61,49,50,63,75,125
1,0,14,37,1,3,52,14,1,57,51,52,65,71,123
1,0,14,33,1,3,59,11,1,64,47,48,58,75,123
0,0,12,32,0,4,49,24,1,54,44,44,68,78,122
1,0,12,41,0,3,52,11,1,57,53,53,64,68,121
1,0,15,36,1,2,57,11,0,60,51,52,62,71,123
0,0,13,38,1,2,56,11,1,59,51,52,62,70,122
2,0,14,32,1,3,58,12,0,63,46,47,58,75,122
1,0,16,29,0,2,60,14,1,64,45,45,59,78,123
0,0,15,34,0,2,54,15,1,57,49,49,64,72,121
1,0,14,33,0,2,56,15,1,60,47,47,62,75,122
1,0,12,35,0,5,54,14,0,60,47,47,61,74,121
1,6,13,36,1,4,50,12,0,61,49,50,61,73,123
0,0,13,36,0,2,57,12,1,60,49,49,61,72,121
2,0,13,34,1,1,53,17,0,56,47,48,64,73,121
0,0,15,38,0,3,51,13,0,54,53,53,66,67,120
1,0,13,35,0,2,56,14,0,59,48,48,62,73,121
0,0,12,31,1,4,59,16,1,64,43,44,59,80,124
1,0,17,33,1,3,53,13,1,58,50,51,63,71,122
1,0,17,36,0,3,53,11,0,57,53,53,64,68,121
0,0,11,38,1,2,53,17,1,56,49,50,66,73,123
1,0,11,34,0,3,60,13,0,64,45,45,58,77,122
1,0,13,35,1,0,61,11,0,62,48,49,59,73,122
1,0,16,33,0,2,56,13,0,59,49,49,62,72,121
1,0,15,32,1,2,60,10,0,63,47,48,57,73,121
1,0,14,39,0,3,52,12,0,56,53,53,65,68,121
1,0,12,39,1,1,56,11,1,59,51,52,62,70,122
1,0,11,37,1,3,60,10,1,65,48,49,58,75,124
2,0,12,33,1,3,58,12,0,63,45,46,57,75,121
2,0,13,33,1,4,59,11,0,65,46,47,57,76,123
0,0,14,34,0,4,55,14,1,60,48,48,62,74,122
1,0,17,33,0,3,56,12,1,61,50,50,62,73,123
4,0,17,31,1,2,53,14,1,60,48,49,62,74,123
2,0,16,30,0,4,54,15,1,61,46,46,61,76,122
2,0,15,32,0,1,57,13,1,61,47,47,60,74,121
1,0,13,34,0,2,59,12,0,62,47,47,59,74,121
1,0,14,41,0,4,51,11,1,57,55,55,66,68,123
0,0,15,33,0,4,57,13,1,62,48,48,61,75,123
1,0,12,35,0,3,56,14,0,60,47,47,61,74,121
1,0,14,35,0,3,54,14,0,58,49,49,63,72,121
1,0,13,33,0,5,55,13,1,62,46,46,59,75,121
1,0,14,33,1,3,56,15,0,60,47,48,62,75,123
1,0,14,37,1,3,55,12,1,60,51,52,63,72,124
1,0,12,33,1,3,57,15,1,62,45,46,60,77,123
1,0,18,31,1,3,56,11,1,61,49,50,60,72,122
1,0,15,32,1,4,58,11,0,63,47,48,58,74,122
1,0,13,38,0,3,51,15,1,56,51,51,66,71,122
0,0,19,31,0,3,53,14,1,57,50,50,64,71,121
1,0,13,37,1,4,51,14,1,57,50,51,64,71,122
1,0,12,36,1,4,56,15,1,62,48,49,63,77,126
1,0,18,35,0,5,54,12,1,61,53,53,65,73,126
0,0,14,31,1,0,59,16,1,60,45,46,61,76,122
1,0,14,38,0,3,50,15,0,54,52,52,67,69,121
1,0,14,33,0,3,58,13,0,62,47,47,60,75,122
1,0,12,31,0,3,59,14,0,63,43,43,57,77,120
0,0,15,37,0,4,52,14,0,56,52,52,66,70,122
1,0,12,38,1,4,53,15,1,59,50,51,65,74,125
1,0,15,33,1,2,57,12,0,60,48,49,60,72,121
1,0,13,38,1,3,53,11,1,58,51,52,62,69,121
1,0,18,32,1,4,55,14,1,61,50,51,64,75,126
0,0,11,38,0,3,58,12,1,62,49,49,61,74,123
0,0,13,36,0,5,57,11,1,63,49,49,60,74,123
1,0,16,31,0,4,54,16,1,60,47,47,63,76,123
1,0,15,34,1,4,56,11,1,62,49,50,60,73,123
3,0,12,35,1,3,57,11,0,63,47,48,58,74,122
1,0,13,39,1,2,53,12,1,57,52,53,64,69,122
1,0,14,39,1,3,49,15,1,54,53,54,68,69,123
0,0,13,35,0,2,59,11,1,62,48,48,59,73,121
0,0,12,35,1,4,58,12,0,62,47,48,59,74,122
